1 0 0 0 0 00000000 0
1 0 0 0 0 00000000 0
1 0 0 0 0 00000000 0
0 0 1 -58 77 00000000 0
0 0 1 47 118 ffffee8e 1
0 0 1 -52 46 00000438 1
0 0 1 -71 -114 fffffae0 1
0 0 1 56 60 00001a7e 1
0 0 1 21 -102 0000279e 1
0 0 1 -47 -69 00001f40 1
0 0 1 28 -91 00002beb 1
0 0 1 -46 -111 000021f7 1
0 0 1 -110 -91 000035e9 1
0 0 1 62 103 00005d03 1
0 0 1 -72 107 000075f5 1
0 0 1 75 66 000057dd 1
0 0 1 8 18 00006b33 1
0 0 1 -6 -66 00006bc3 1
0 0 1 -83 44 00006d4f 1
0 0 1 89 -98 00005f0b 1
0 0 1 -100 -48 00003cf9 1
0 0 1 36 27 00004fb9 1
0 0 1 81 83 00005385 1
0 0 1 -106 -15 00006dc8 1
0 0 1 -26 84 000073fe 1
0 0 1 72 -55 00006b76 1
0 0 1 37 30 00005bfe 1
0 0 1 -83 -125 00006054 1
0 0 1 -27 97 000088db 1
0 0 1 -5 -104 00007ea0 1
0 0 1 78 96 000080a8 1
0 0 1 -114 -108 00009de8 1
0 0 1 30 -87 0000ce00 1
0 0 1 -36 -61 0000c3ce 1
0 0 1 109 89 0000cc62 1
0 0 1 72 -52 0000f247 1
0 0 1 -29 -58 0000e3a7 1
0 0 1 94 -16 0000ea39 1
0 0 1 83 -35 0000e459 1
0 0 1 71 32 0000d900 1
0 0 1 -20 122 0000e1e0 1
0 0 1 8 57 0000d858 1
0 0 1 -43 111 0000da20 1
0 0 1 -128 -84 0000c77b 1
0 0 1 55 121 0000f17b 1
0 0 1 70 30 00010b7a 1
0 0 1 -56 104 000113ae 1
0 0 1 -40 -59 0000fcee 1
0 0 1 -124 4 00010626 1
0 0 1 97 -34 00010436 1
0 0 1 77 16 0000f754 1
0 0 1 -127 -67 0000fc24 1
0 0 1 5 4 00011d61 1
0 0 1 -62 109 00011d75 1
0 0 1 -47 -5 0001030f 1
0 0 1 124 -69 000103fa 1
0 0 1 -119 -71 0000e28e 1
0 0 1 59 84 0001038f 1
0 0 1 55 -101 000116eb 1
0 0 1 -71 -3 00010138 1
0 0 1 -109 100 0001020d 1
0 0 1 -115 -93 0000d779 1
0 0 1 -119 13 00010140 1
0 0 1 95 -34 0000fb35 1
0 0 1 6 8 0000ee97 1
0 0 1 -22 28 0000eec7 1
0 0 1 -111 -113 0000ec5f 1
0 0 1 21 97 00011d5e 1
0 0 1 7 124 00012553 1
0 0 1 30 -1 000128b7 1
0 0 1 -12 -59 00012899 1
0 0 1 -10 -73 00012b5d 1
0 0 1 34 -4 00012e37 1
0 0 1 -39 -13 00012daf 1
0 0 1 7 57 00012faa 1
0 0 1 -4 64 00013139 1
0 0 1 -109 77 00013039 1
0 0 1 10 3 00010f70 1
0 0 1 -71 -3 00010f8e 1
0 0 1 -86 5 00011063 1
0 0 1 -82 29 00010eb5 1
0 0 1 -16 -59 0001056b 1
0 0 1 -77 52 0001091b 1
0 0 1 -7 -98 0000f977 1
0 0 1 70 -113 0000fc25 1
0 0 1 -2 -16 0000dd3f 1
0 0 1 -21 68 0000dd5f 1
0 0 1 103 113 0000d7cb 1
0 0 1 100 -58 00010542 1
0 0 1 -83 -115 0000ee9a 1
0 0 1 17 60 000113e3 1
0 0 1 -2 -9 000117df 1
0 0 1 -106 -8 000117f1 1
0 0 1 12 -76 00011b41 1
0 0 1 -83 38 000117b1 1
0 0 1 -117 1 00010b5f 1
0 0 1 -127 117 00010aea 1
0 0 1 18 -42 0000d0df 1
0 0 1 -50 10 0000cdeb 1
0 0 1 83 42 0000cbf7 1
0 0 1 95 -99 0000d995 1
0 0 1 106 -115 0000b4d8 1
0 0 1 127 13 0000853a 1
0 0 1 -15 -20 00008bad 1
0 0 1 36 -115 00008cd9 1
0 0 1 21 89 00007cad 1
0 0 1 56 -64 000083fa 1
0 0 1 102 56 000075fa 1
0 0 1 -66 34 00008c4a 1
0 0 1 -55 -4 00008386 1
0 0 1 63 -112 00008462 1
0 0 1 50 30 000068d2 1
0 0 1 39 -114 00006eae 1
0 0 1 -126 89 00005d50 1
0 0 1 -22 44 00003182 1
0 0 1 -113 125 00002dba 1
0 0 1 -67 69 fffff68d 1
0 0 1 -40 -124 ffffe47e 1
0 0 1 6 107 fffff7de 1
0 0 1 3 53 fffffa60 1
0 0 1 67 96 fffffaff 1
0 0 1 -93 67 0000141f 1
0 0 1 69 7 fffffbc8 1
0 0 1 54 108 fffffdab 1
0 0 1 -81 -93 00001473 1
0 0 1 111 33 000031e0 1
0 0 1 20 -75 0000402f 1
0 0 1 93 -104 00003a53 1
0 0 1 -9 80 0000148b 1
0 0 1 31 -96 000011bb 1
0 0 1 98 -60 0000061b 1
0 0 1 -98 46 ffffef23 1
0 0 1 -124 97 ffffdd87 1
0 0 1 -16 71 ffffae8b 1
0 0 1 -112 13 ffffaa1b 1
0 0 1 -30 -117 ffffa46b 1
0 0 1 115 -76 ffffb221 1
0 0 1 -104 -52 ffff8ffd 1
0 0 1 -84 106 ffffa51d 1
0 0 1 -113 -85 ffff8255 1
0 0 1 71 75 ffffa7da 1
0 0 1 50 73 ffffbca7 1
0 0 1 125 -80 ffffcae9 1
0 0 1 71 27 ffffa3d9 1
0 0 1 -50 1 ffffab56 1
0 0 1 -25 -26 ffffab24 1
0 0 1 119 86 ffffadae 1
0 0 1 120 11 ffffd5a8 1
0 0 1 -13 -42 ffffdad0 1
0 0 1 -78 14 ffffdcf2 1
0 0 1 -107 -112 ffffd8ae 1
0 0 1 -81 -88 0000077e 1
0 0 1 49 8 00002356 1
0 0 1 -50 73 000024de 1
0 0 1 26 -86 0000169c 1
0 0 1 36 22 00000de0 1
0 0 1 -46 -95 000010f8 1
0 0 1 109 104 0000220a 1
0 0 1 1 93 00004e52 1
0 0 1 36 75 00004eaf 1
0 0 1 -71 -39 0000593b 1
0 0 1 -67 -97 0000640c 1
0 0 1 -91 -41 00007d6f 1
0 0 1 62 116 00008c02 1
0 0 1 -93 121 0000a81a 1
0 0 1 -122 -58 00007c25 1
0 0 1 51 8 000097c9 1
0 0 1 121 82 00009961 1
0 0 1 119 -94 0000c023 1
0 0 1 122 -22 00009471 1
0 0 1 45 42 000089f5 1
0 0 1 42 76 00009157 1
0 0 1 -65 -2 00009dcf 1
0 0 1 -99 -66 00009e51 1
0 0 1 -112 79 0000b7d7 1
0 0 1 -49 -108 00009547 1
0 0 1 1 27 0000a9f3 1
0 0 1 -119 -82 0000aa0e 1
0 0 1 121 -16 0000d02c 1
0 0 1 12 -21 0000c89c 1
0 0 1 -4 45 0000c7a0 1
0 0 1 58 37 0000c6ec 1
0 0 1 -55 -70 0000cf4e 1
0 0 1 -63 -67 0000de58 1
0 0 1 -5 -107 0000eed5 1
0 0 1 -109 15 0000f0ec 1
0 0 1 -20 -109 0000ea89 1
0 0 1 -78 -106 0000f30d 1
0 0 1 -14 -43 00011359 1
0 0 1 -23 118 000115b3 1
0 0 1 -98 -39 00010b19 1
0 0 1 9 72 00011a07 1
0 0 1 -127 -127 00011c8f 1
0 0 1 -8 74 00015b90 1
0 0 1 35 -41 00015940 1
0 0 1 -97 49 000153a5 1
0 0 1 65 33 00014114 1
0 0 1 -76 -43 00014975 1
0 0 1 37 76 00015639 1
0 0 1 -91 85 00016135 1
0 0 1 91 115 000142fe 1
0 0 1 70 -94 00016bdf 1
0 0 1 13 13 0001522b 1
0 0 1 81 -16 000152d4 1
0 0 1 -70 48 00014dc4 1
0 0 1 67 -89 000140a4 1
0 0 1 49 116 00012959 1
0 0 1 93 -107 00013f8d 1
0 0 1 -51 50 000118ae 1
0 0 1 -14 63 00010eb8 1
0 0 1 73 -10 00010b46 1
0 0 1 89 83 0001086c 1
0 0 1 -99 -55 00012547 1
0 0 1 97 -16 00013a8c 1
0 0 1 70 -15 0001347c 1
0 0 1 -102 -24 00013062 1
0 0 1 -72 4 000139f2 1
0 0 1 -111 87 000138d2 1
0 0 1 36 93 00011319 1
0 0 1 54 -126 0001202d 1
0 0 1 111 59 00010599 1
0 0 1 -125 35 00011f2e 1
0 0 1 -70 -78 00010e17 1
0 0 1 -49 -9 0001236b 1
0 0 1 -76 116 00012524 1
0 0 1 1 -2 000102b4 1
0 0 1 13 87 000102b2 1
0 0 1 -120 -18 0001071d 1
0 0 1 -75 -112 00010f8d 1
0 0 1 -36 -120 0001305d 1
0 0 1 -22 62 0001413d 1
0 0 1 107 23 00013be9 1
0 0 1 -66 -104 00014586 1
0 0 1 7 -117 00016056 1
0 0 1 -51 31 00015d23 1
0 0 1 56 -82 000156f6 1
0 0 1 46 84 00014506 1
0 0 1 -84 -14 0001541e 1
0 0 1 -14 29 000158b6 1
0 0 1 114 84 00015720 1
0 0 1 83 100 00017c88 1
0 0 1 75 82 00019cf4 1
0 0 1 -121 112 0001b4fa 1
0 0 1 103 -9 0001800a 1
0 0 1 -24 -90 00017c6b 1
0 0 1 64 -25 000184db 1
0 0 1 101 13 00017e9b 1
0 0 1 -36 69 000183bc 1
0 0 1 -33 62 00017a08 1
0 0 1 81 -24 0001720a 1
0 0 1 -58 120 00016a72 1
0 0 1 25 119 00014f42 1
0 0 1 -82 -101 00015ae1 1
0 0 1 122 -52 00017b3b 1
0 0 1 -28 -53 00016273 1
0 0 1 124 -105 0001683f 1
0 0 1 -126 -61 00013563 1
0 0 1 120 17 00015369 1
0 0 1 -76 -12 00015b61 1
0 0 1 47 97 00015ef1 1
0 0 1 -109 122 000170c0 1
0 0 1 102 5 00013cce 1
0 0 1 -50 -34 00013ecc 1
0 0 1 -119 51 00014570 1
0 0 1 68 -97 00012dbb 1
0 0 1 5 113 000113f7 1
0 0 1 12 21 0001162c 1
0 0 1 88 10 00011728 1
0 0 1 88 119 00011a98 1
0 0 1 90 -119 00014380 1
0 0 1 -43 -39 000119aa 1
0 0 1 -81 -89 00012037 1
0 0 1 70 -94 00013c60 1
0 0 1 56 -41 000122ac 1
0 0 1 103 111 000119b4 1
0 0 1 -12 44 0001465d 1
0 0 1 32 67 0001444d 1
0 0 1 34 21 00014cad 1
0 0 1 -12 -63 00014f77 1
0 0 1 77 55 0001526b 1
0 0 1 49 59 000162f6 1
0 0 1 52 -35 00016e41 1
0 0 1 -9 -32 00016725 1
0 0 1 -71 65 00016845 1
0 0 1 75 -88 0001563e 1
0 0 1 -83 -31 00013c76 1
0 0 1 -14 -100 00014683 1
0 0 1 92 -92 00014bfb 1
0 0 1 45 83 00012aeb 1
0 0 1 64 68 00013982 1
0 0 1 40 18 00014a82 1
0 0 1 -84 59 00014d52 1
0 0 1 44 -21 000139f6 1
0 0 1 69 118 0001365a 1
0 0 1 92 -57 00015628 1
0 0 1 -89 -20 000141ac 1
0 0 1 91 51 000148a0 1
0 0 1 -79 -14 00015ac1 1
0 0 1 120 -111 00015f13 1
0 0 1 -21 42 00012b0b 1
0 0 1 121 -57 00012799 1
0 0 1 -101 -43 00010ca8 1
0 0 1 -127 96 00011d9f 1
0 0 1 31 109 0000edff 1
0 0 1 120 34 0000fb32 1
0 0 1 -23 -90 00010b22 1
0 0 1 -93 -119 00011338 1
0 0 1 -12 33 00013e73 1
0 0 1 102 91 00013ce7 1
0 0 1 102 51 00016129 1
0 0 1 -96 -102 0001757b 1
0 0 1 -56 119 00019bbb 1
0 0 1 -95 -79 000181b3 1
0 0 1 49 -117 00019f04 1
0 0 1 -25 -29 0001889f 1
0 0 1 -41 62 00018b74 1
0 0 1 8 -117 00018186 1
0 0 1 -93 -108 00017dde 1
0 0 1 118 -47 0001a51a 1
0 0 1 -1 -17 00018f70 1
0 0 1 -28 86 00018f81 1
0 0 1 -64 -21 00018619 1
0 0 1 -86 37 00018b59 1
0 0 1 53 -36 00017eeb 1
0 0 1 -64 -50 00017777 1
0 0 1 40 18 000183f7 1
0 0 1 -108 -126 000186c7 1
0 0 1 76 91 0001bbef 1
0 0 1 -7 123 0001d6f3 1
0 0 1 -30 -35 0001d396 1
0 0 1 25 48 0001d7b0 1
0 0 1 -29 -103 0001dc60 1
0 0 1 -13 -125 0001e80b 1
0 0 1 124 -24 0001ee64 1
0 0 1 -119 -89 0001e2c4 1
0 0 1 -92 -37 00020c23 1
0 0 1 -90 -25 0002196f 1
0 0 1 -118 86 00022239 1
0 0 1 73 -85 0001fa95 1
0 0 1 -69 -21 0001e258 1
0 0 1 -11 -41 0001e801 1
0 0 1 -85 -99 0001e9c4 1
0 0 1 89 -10 00020aa3 1
0 0 1 83 32 00020729 1
0 0 1 28 60 00021189 1
0 0 1 -94 -55 00021819 1
0 0 1 -101 80 00022c4b 1
0 0 1 -103 4 00020cbb 1
0 0 1 75 -77 00020b1f 1
0 0 1 -71 124 0001f490 1
0 0 1 66 30 0001d22c 1
0 0 1 -48 -43 0001d9e8 1
0 0 1 -110 -14 0001e1f8 1
0 0 1 -80 64 0001e7fc 1
0 0 1 94 106 0001d3fc 1
0 0 1 -68 -49 0001fae8 1
0 0 1 -34 121 000207ec 1
0 0 1 8 -17 0001f7da 1
0 0 1 -106 123 0001f752 1
0 0 1 -66 -23 0001c464 1
0 0 1 -31 -90 0001ca52 1
0 0 1 -59 -90 0001d538 1
0 0 1 -57 40 0001e9f6 1
0 0 1 -6 -12 0001e10e 1
0 0 1 5 -62 0001e156 1
0 0 1 -117 -2 0001e020 1
0 0 1 66 -18 0001e10a 1
0 0 1 -83 -10 0001dc66 1
0 0 1 60 -79 0001dfa4 1
0 0 1 -94 19 0001cd20 1
0 0 1 -88 8 0001c626 1
0 0 1 3 65 0001c366 1
0 0 1 -100 39 0001c429 1
0 0 1 -119 -123 0001b4ed 1
0 0 1 -27 92 0001ee1a 1
0 0 1 -122 -14 0001e466 1
0 0 1 -84 -111 0001eb12 1
0 0 1 -29 102 00020f7e 1
0 0 1 100 120 000203f0 1
0 0 1 -22 -115 000232d0 1
0 0 1 57 -55 00023cb2 1
0 0 1 105 -88 00023073 1
0 0 1 -80 -15 00020c5b 1
0 0 1 -98 -47 0002110b 1
0 0 1 122 78 00022309 1
0 0 1 51 90 00024835 1
0 0 1 -102 -125 00025a23 1
0 0 1 111 36 00028bf1 1
0 0 1 51 115 00029b8d 1
0 0 1 -72 -114 0002b276 1
0 0 1 25 -56 0002d286 1
0 0 1 24 76 0002cd0e 1
0 0 1 -91 55 0002d42e 1
0 0 1 -49 7 0002c0a1 1
0 0 1 -49 95 0002bf4a 1
0 0 1 -82 -57 0002ad1b 1
0 0 1 34 81 0002bf5d 1
0 0 1 41 16 0002ca1f 1
0 0 1 -11 12 0002ccaf 1
0 0 1 -77 46 0002cc2b 1
0 0 1 46 123 0002be55 1
0 0 1 109 -37 0002d46f 1
0 0 1 54 30 0002c4ae 1
0 0 1 35 -113 0002cb02 1
0 0 1 52 -88 0002bb8f 1
0 0 1 127 84 0002a9af 1
0 0 1 41 -5 0002d35b 1
0 0 1 -38 30 0002d28e 1
0 0 1 91 55 0002ce1a 1
0 0 1 -35 114 0002e1a7 1
0 0 1 10 -27 0002d211 1
0 0 1 47 3 0002d103 1
0 0 1 -65 -124 0002d190 1
0 0 1 63 -72 0002f10c 1
0 0 1 -120 8 0002df54 1
0 0 1 93 43 0002db94 1
0 0 1 110 -13 0002eb33 1
0 0 1 -120 70 0002e59d 1
0 0 1 -40 46 0002c4cd 1
0 0 1 19 55 0002bd9d 1
0 0 1 -38 64 0002c1b2 1
0 0 1 3 65 0002b832 1
0 0 1 78 -66 0002b8f5 1
0 0 1 -97 -34 0002a4d9 1
0 0 1 -71 -5 0002b1bb 1
0 0 1 -14 122 0002b31e 1
0 0 1 79 25 0002ac72 1
0 0 1 -108 48 0002b429 1
0 0 1 102 -31 00029fe9 1
0 0 1 -89 -64 0002938f 1
0 0 1 -96 16 0002a9cf 1
0 0 1 -37 -73 0002a3cf 1
0 0 1 -2 109 0002ae5c 1
0 0 1 -122 66 0002ad82 1
0 0 1 -112 -70 00028e0e 1
0 0 1 -45 8 0002acae 1
0 0 1 -71 -17 0002ab46 1
0 0 1 -95 -49 0002affd 1
0 0 1 -79 99 0002c22c 1
0 0 1 67 -103 0002a39f 1
0 0 1 -55 56 000288aa 1
0 0 1 66 9 00027ca2 1
0 0 1 33 56 00027ef4 1
0 0 1 56 2 0002862c 1
0 0 1 86 86 0002869c 1
0 0 1 115 47 0002a380 1
0 0 1 14 123 0002b89d 1
0 0 1 44 24 0002bf57 1
0 0 1 -32 3 0002c377 1
0 0 1 13 -12 0002c317 1
0 0 1 -28 11 0002c27b 1
0 0 1 58 76 0002c147 1
0 0 1 44 48 0002d27f 1
0 0 1 54 -93 0002dabf 1
0 0 1 52 107 0002c721 1
0 0 1 -127 -110 0002dcdd 1
0 0 1 -3 125 0003136f 1
0 0 1 60 -117 000311f8 1
0 0 1 -124 -116 0002f68c 1
0 0 1 -100 113 00032ebc 1
0 0 1 -5 -113 00030298 1
0 0 1 70 10 000304cd 1
0 0 1 78 -110 00030789 1
0 0 1 85 -56 0002e605 1
0 0 1 61 -22 0002d36d 1
0 0 1 -25 -20 0002ce2f 1
0 0 1 112 123 0002d023 1
0 0 1 -86 68 000305f3 1
0 0 1 -115 -60 0002ef1b 1
0 0 1 -21 44 00030a0f 1
0 0 1 -47 97 00030673 1
0 0 1 -84 -95 0002f4a4 1
0 0 1 -57 -93 000313d0 1
0 0 1 -84 -125 00032885 1
0 0 1 66 88 00035189 1
0 0 1 79 17 00036839 1
0 0 1 92 86 00036d78 1
0 0 1 99 -49 00038c60 1
0 0 1 74 49 0003796d 1
0 0 1 96 -67 00038797 1
0 0 1 -79 105 00036e77 1
0 0 1 112 57 00034e10 1
0 0 1 -35 9 00036700 1
0 0 1 -80 41 000365c5 1
0 0 1 118 -55 000358f5 1
0 0 1 -105 127 00033f9b 1
0 0 1 -67 52 00030b84 1
0 0 1 -9 -116 0002fde8 1
0 0 1 12 -117 000301fc 1
0 0 1 7 50 0002fc80 1
0 0 1 80 -11 0002fdde 1
0 0 1 76 108 0002fa6e 1
0 0 1 62 20 00031a7e 1
0 0 1 -127 -39 00031f56 1
0 0 1 -73 -84 000332af 1
0 0 1 -110 108 00034aa3 1
0 0 1 -73 -91 00031c3b 1
0 0 1 29 -20 0003362e 1
0 0 1 65 51 000333ea 1
0 0 1 105 -57 000340dd 1
0 0 1 -4 109 0003297c 1
0 0 1 52 -113 000327c8 1
0 0 1 48 126 000310d4 1
0 0 1 9 -104 00032874 1
0 0 1 14 54 000324cc 1
0 0 1 -53 -61 000327c0 1
0 0 1 -16 43 00033461 1
0 0 1 78 -43 000331b1 1
0 0 1 -24 -66 00032497 1
0 0 1 -54 1 00032ac7 1
0 0 1 -72 -45 00032a91 1
0 0 1 43 44 00033739 1
0 0 1 -51 -105 00033e9d 1
0 0 1 18 -32 00035388 1
0 0 1 3 -54 00035148 1
0 0 1 83 24 000350a6 1
0 0 1 -65 -34 0003586e 1
0 0 1 -121 -24 00036110 1
0 0 1 -25 49 00036c68 1
0 0 1 42 1 0003679f 1
0 0 1 -38 -58 000367c9 1
0 0 1 -16 -38 00037065 1
0 0 1 57 -127 000372c5 1
0 0 1 36 -69 0003567e 1
0 0 1 -25 -120 00034cca 1
0 0 1 106 118 00035882 1
0 0 1 36 16 0003895e 1
0 0 1 99 -5 00038b9e 1
0 0 1 -108 110 000389af 1
0 0 1 19 -45 00035b47 1
0 0 1 80 -36 000357f0 1
0 0 1 -2 -64 00034cb0 1
0 0 1 112 100 00034d30 1
0 0 1 15 93 000378f0 1
0 0 1 -22 44 00037e63 1
0 0 1 -117 99 00037a9b 1
0 0 1 -65 14 00034d5c 1
0 0 1 73 43 000349ce 1
0 0 1 -97 -104 00035611 1
0 0 1 -113 -127 00037d79 1
0 0 1 -77 104 0003b588 1
0 0 1 -91 70 00039640 1
0 0 1 115 87 00037d5e 1
0 0 1 98 -70 0003a473 1
0 0 1 -31 -96 000389a7 1
0 0 1 53 85 00039547 1
0 0 1 107 14 0003a6e0 1
0 0 1 10 28 0003acba 1
0 0 1 123 -126 0003add2 1
0 0 1 51 126 00037148 1
0 0 1 6 59 00038a62 1
0 0 1 73 94 00038bc4 1
0 0 1 -63 24 0003a692 1
0 0 1 42 -4 0003a0aa 1
0 0 1 8 112 0003a002 1
0 0 1 67 -44 0003a382 1
0 0 1 25 -27 000397fe 1
0 0 1 56 -41 0003955b 1
0 0 1 4 42 00038c63 1
0 0 1 15 -47 00038d0b 1
0 0 1 123 106 00038a4a 1
0 0 1 -96 39 0003bd38 1
0 0 1 -90 -20 0003ae98 1
0 0 1 -29 56 0003b5a0 1
0 0 1 125 -83 0003af48 1
0 0 1 28 74 000386c1 1
0 0 1 86 22 00038ed9 1
0 0 1 -100 46 0003963d 1
0 0 1 -11 30 00038445 1
0 0 1 -108 -22 000382fb 1
0 0 1 101 12 00038c43 1
0 0 1 39 93 000390ff 1
0 0 1 21 127 00039f2a 1
0 0 1 73 101 0003a995 1
0 0 1 -71 36 0003c662 1
0 0 1 -67 -8 0003bc66 1
0 0 1 -74 -44 0003be7e 1
0 0 1 98 -16 0003cb36 1
0 0 1 -20 42 0003c516 1
0 0 1 -83 -76 0003c1ce 1
0 0 1 -88 46 0003da72 1
0 0 1 -35 94 0003caa2 1
0 0 1 49 -39 0003bdc8 1
0 0 1 8 -110 0003b651 1
0 0 1 -101 -62 0003b2e1 1
0 0 1 106 7 0003cb57 1
0 0 1 -94 19 0003ce3d 1
0 0 1 -74 48 0003c743 1
0 0 1 36 -39 0003b963 1
0 0 1 40 15 0003b3e7 1
0 0 1 64 -63 0003b63f 1
0 0 1 3 104 0003a67f 1
0 0 1 13 126 0003a7b7 1
0 0 1 -87 93 0003ae1d 1
0 0 1 74 -27 00038e82 1
0 0 1 -38 -45 000386b4 1
0 0 1 43 92 00038d62 1
0 0 1 38 -126 00039cd6 1
0 0 1 -57 -122 00038a22 1
0 0 1 -111 103 0003a54c 1
0 0 1 65 -103 000378a3 1
0 0 1 -20 5 00035e7c 1
0 0 1 -107 6 00035e18 1
0 0 1 -45 15 00035b96 1
0 0 1 -78 87 000358f3 1
0 0 1 -5 -79 00033e71 1
0 0 1 63 74 00033ffc 1
0 0 1 18 -91 00035232 1
0 0 1 -50 13 00034bcc 1
0 0 1 -10 -128 00034942 1
0 0 1 -5 75 00034e42 1
0 0 1 -68 -5 00034ccb 1
0 0 1 61 111 00034e1f 1
0 0 1 -54 -100 00036892 1
0 0 1 54 12 00037daa 1
0 0 1 60 -72 00038032 1
0 0 1 -64 42 00036f52 1
0 0 1 92 23 000364d2 1
0 0 1 -85 -63 00036d16 1
0 0 1 106 92 00038201 1
0 0 1 -78 -68 0003a819 1
0 0 1 -102 50 0003bcd1 1
0 0 1 -33 32 0003a8e5 1
0 0 1 -93 48 0003a4c5 1
0 0 1 29 27 00039355 1
0 0 1 -25 63 00039664 1
0 0 1 -56 -33 0003903d 1
0 0 1 -38 -6 00039775 1
0 0 1 35 -88 00039859 1
0 0 1 54 66 00038c51 1
0 0 1 94 66 00039a3d 1
0 0 1 47 96 0003b279 1
0 0 1 -23 -6 0003c419 1
0 0 1 -118 -81 0003c4a3 1
0 0 1 53 29 0003e9f9 1
0 0 1 -45 -105 0003effa 1
0 0 1 -72 4 0004026f 1
0 0 1 -119 -98 0004014f 1
0 0 1 -31 -70 00042edd 1
0 0 1 121 -50 00043757 1
0 0 1 74 102 00041fb5 1
0 0 1 -120 20 00043d31 1
0 0 1 24 -56 000433d1 1
0 0 1 32 77 00042e91 1
0 0 1 -32 -101 00043831 1
0 0 1 -68 -46 000444d1 1
0 0 1 -69 -128 00045109 1
0 0 1 42 107 00047389 1
0 0 1 -111 20 00048517 1
0 0 1 106 -104 00047c6b 1
0 0 1 -42 -25 0004515b 1
0 0 1 -12 107 00045575 1
0 0 1 -115 8 00045071 1
0 0 1 97 92 00044cd9 1
0 0 1 -2 -111 00046fb5 1
0 0 1 30 -34 00047093 1
0 0 1 -100 -100 00046c97 1
0 0 1 -104 19 000493a7 1
0 0 1 -52 -71 00048bef 1
0 0 1 72 -126 00049a5b 1
0 0 1 122 121 000476eb 1
0 0 1 86 5 0004b095 1
0 0 1 -42 111 0004b243 1
0 0 1 95 37 0004a00d 1
0 0 1 48 8 0004adc8 1
0 0 1 69 79 0004af48 1
0 0 1 -5 91 0004c493 1
0 0 1 59 -22 0004c2cc 1
0 0 1 -60 -70 0004bdba 1
0 0 1 -45 -67 0004ce22 1
0 0 1 -1 -20 0004d9e9 1
0 0 1 -40 33 0004d9fd 1
0 0 1 69 -104 0004d4d5 1
0 0 1 -82 33 0004b8cd 1
0 0 1 65 -94 0004ae3b 1
0 0 1 101 -96 0004965d 1
0 0 1 -126 60 0004707d 1
0 0 1 127 29 000452f5 1
0 0 1 -35 101 00046158 1
0 0 1 116 16 00045389 1
0 0 1 -125 -38 00045ac9 1
0 0 1 -65 -55 00046d57 1
0 0 1 -3 -44 00047b4e 1
0 0 1 51 31 00047bd2 1
0 0 1 87 111 000481ff 1
0 0 1 95 -82 0004a7b8 1
0 0 1 -47 114 0004894a 1
0 0 1 -36 91 0004745c 1
0 0 1 -113 109 00046790 1
0 0 1 -10 -114 00043773 1
0 0 1 -51 -84 00043be7 1
0 0 1 54 -97 00044ca3 1
0 0 1 -23 -72 0004382d 1
0 0 1 83 77 00043ea5 1
0 0 1 104 33 0004579c 1
0 0 1 77 103 00046504 1
0 0 1 -63 -43 000483ff 1
0 0 1 36 124 00048e94 1
0 0 1 -71 19 0004a004 1
0 0 1 73 -69 00049abf 1
0 0 1 -100 71 00048712 1
0 0 1 -121 57 00046b56 1
0 0 1 8 -25 00045065 1
0 0 1 82 56 00044f9d 1
0 0 1 51 -120 0004618d 1
0 0 1 -117 78 000449a5 1
0 0 1 109 -73 000425ff 1
0 0 1 53 -99 000406ea 1
0 0 1 -82 99 0003f26b 1
0 0 1 -57 112 0003d2b5 1
0 0 1 34 -90 0003b9c5 1
0 0 1 -92 -36 0003add1 1
0 0 1 -90 -69 0003bac1 1
0 0 1 57 -81 0003d303 1
0 0 1 -26 -107 0003c0fa 1
0 0 1 75 36 0003cbd8 1
0 0 1 -83 109 0003d664 1
0 0 1 -61 90 0003b30d 1
0 0 1 -115 16 00039d9b 1
0 0 1 99 54 0003966b 1
0 0 1 -78 117 0003ab4d 1
0 0 1 -74 -14 000387a7 1
0 0 1 79 92 00038bb3 1
0 0 1 -23 -18 0003a817 1
0 0 1 -7 -113 0003a9b5 1
0 0 1 82 -70 0003accc 1
0 0 1 -86 21 00039660 1
0 0 1 -30 -47 00038f52 1
0 0 1 -74 29 000394d4 1
0 0 1 -110 97 00038c72 1
0 0 1 -102 -14 000362c4 1
0 0 1 -38 -114 00036858 1
0 0 1 75 -59 00037944 1
0 0 1 5 -112 000367fb 1
0 0 1 41 91 000365cb 1
0 0 1 29 -11 0003745e 1
0 0 1 -78 116 0003731f 1
0 0 1 -65 -93 00034fc7 1
0 0 1 122 11 00036764 1
0 0 1 -9 -76 00036ca2 1
0 0 1 -55 -68 00036f4e 1
0 0 1 -36 102 00037dea 1
0 0 1 -113 -122 00036f92 1
0 0 1 46 34 0003a56c 1
0 0 1 -79 -87 0003ab88 1
0 0 1 -82 112 0003c661 1
0 0 1 43 -98 0003a281 1
0 0 1 -123 -34 0003920b 1
0 0 1 116 -43 0003a261 1
0 0 1 77 -2 00038ee5 1
0 0 1 -21 -78 00038e4b 1
0 0 1 -10 83 000394b1 1
0 0 1 9 -104 00039173 1
0 0 1 92 -24 00038dcb 1
0 0 1 2 -30 0003852b 1
0 0 1 -20 -100 000384ef 1
0 0 1 -79 -31 00038cbf 1
0 0 1 127 57 00039650 1
0 0 1 -27 73 0003b297 1
0 0 1 35 -43 0003aae4 1
0 0 1 -15 93 0003a503 1
0 0 1 -63 99 00039f90 1
0 0 1 64 -91 00038733 1
0 0 1 -42 -67 00037073 1
0 0 1 -106 65 00037b71 1
0 0 1 43 -58 00036087 1
0 0 1 -28 23 000356c9 1
0 0 1 70 -61 00035445 1
0 0 1 43 76 00034397 1
0 0 1 -86 58 0003505b 1
0 0 1 16 110 00033cdf 1
0 0 1 113 99 000343bf 1
0 0 1 114 10 00036f72 1
0 0 1 -128 -48 000373e6 1
0 0 1 -82 113 00038be6 1
0 0 1 -18 -6 000367b4 1
0 0 1 35 76 00036820 1
0 0 1 -69 -33 00037284 1
0 0 1 90 15 00037b69 1
0 0 1 99 -109 000380af 1
0 0 1 87 82 00035688 1
0 0 1 66 101 00037266 1
0 0 1 121 -117 00038c70 1
0 0 1 -37 79 00035523 1
0 0 1 97 -15 000349b8 1
0 0 1 58 -110 00034409 1
0 0 1 122 124 00032b1d 1
0 0 1 48 125 00036635 1
0 0 1 60 -81 00037da5 1
0 0 1 43 74 00036aa9 1
0 0 1 -58 66 00037717 1
0 0 1 59 -29 00036823 1
0 0 1 -79 -93 00036174 1
0 0 1 7 -82 00037e27 1
0 0 1 105 -80 00037be9 1
0 0 1 59 112 00035b19 1
0 0 1 83 59 000374e9 1
0 0 1 -125 -23 0003880a 1
0 0 1 105 -96 00039345 1
0 0 1 30 77 00036be5 1
0 0 1 -56 -35 000374eb 1
0 0 1 -119 50 00037c93 1
0 0 1 103 47 00036555 1
0 0 1 97 23 0003783e 1
0 0 1 -124 29 000380f5 1
0 0 1 -94 32 000372e9 1
0 0 1 -102 29 00036729 1
0 0 1 1 25 00035b9b 1
0 0 1 11 -113 00035bb4 1
0 0 1 -52 108 000356d9 1
0 0 1 -50 -90 000340e9 1
0 0 1 -100 95 0003527d 1
0 0 1 80 -11 00032d61 1
0 0 1 -41 -76 000329f1 1
0 0 1 -44 72 0003361d 1
0 0 1 -60 -46 000329bd 1
0 0 1 114 56 00033485 1
0 0 1 50 -115 00034d75 1
0 0 1 -55 -38 000336ff 1
0 0 1 -13 -33 00033f29 1
0 0 1 -5 -1 000340d6 1
0 0 1 -52 -90 000340db 1
0 0 1 -108 122 00035323 1
0 0 1 60 94 00031fab 1
0 0 1 -101 55 000335b3 1
0 0 1 -1 -108 00032000 1
0 0 1 -47 -53 0003206c 1
0 0 1 -31 81 00032a27 1
0 0 1 -29 41 00032058 1
0 0 1 18 -64 00031bb3 1
0 0 1 95 -60 00031733 1
0 0 1 7 17 000300ef 1
0 0 1 45 -63 00030166 1
0 0 1 -5 118 0002f653 1
0 0 1 -101 -61 0002f405 1
0 0 1 -66 -116 00030c16 1
0 0 1 67 101 000329fe 1
0 0 1 -77 76 0003446d 1
0 0 1 -77 -74 00032d91 1
0 0 1 -35 -79 000343d3 1
0 0 1 -51 -53 00034ea0 1
0 0 1 -51 -74 0003592f 1
0 0 1 97 108 000367ed 1
0 0 1 53 -82 000390d9 1
0 0 1 -83 73 00037fdf 1
0 0 1 -107 -97 00036834 1
0 0 1 58 115 000390bf 1
0 0 1 -8 70 0003aacd 1
0 0 1 -67 -50 0003a89d 1
0 0 1 36 98 0003b5b3 1
0 0 1 -96 20 0003c37b 1
0 0 1 -124 115 0003bbfb 1
0 0 1 -39 120 00038447 1
0 0 1 115 62 000371ff 1
0 0 1 37 -59 00038dd9 1
0 0 1 -36 109 00038552 1
0 0 1 -112 68 000375fe 1
0 0 1 11 121 0003583e 1
0 0 1 -21 49 00035d71 1
0 0 1 115 52 0003596c 1
0 0 1 27 21 000370c8 1
0 0 1 63 55 000372ff 1
0 0 1 -80 84 00038088 1
0 0 1 -58 26 00036648 1
0 0 1 -106 115 00036064 1
0 0 1 97 3 000330c6 1
0 0 1 39 -88 000331e9 1
0 0 1 -116 34 00032481 1
0 0 1 -55 -94 00031519 1
0 0 1 72 23 0003294b 1
0 0 1 -88 -100 00032fc3 1
0 0 1 3 5 00035223 1
0 0 1 64 -76 00035232 1
0 0 1 49 -106 00033f32 1
0 0 1 78 73 00032ae8 1
0 0 1 63 57 00034126 1
0 0 1 85 -31 00034f2d 1
0 0 1 -7 -86 000344e2 1
0 0 1 -18 -9 0003473c 1
0 0 1 70 -124 000347de 1
0 0 1 99 125 000325f6 1
0 0 1 88 -114 0003564d 1
0 0 1 125 -41 00032f1d 1
0 0 1 117 -92 00031b18 1
0 0 1 125 -46 0002f10c 1
0 0 1 -90 10 0002da96 1
0 0 1 -127 -55 0002d712 1
0 0 1 83 73 0002f25b 1
0 0 1 125 -67 00030a06 1
0 0 1 39 -11 0002e94f 1
0 0 1 -61 -120 0002e7a2 1
0 0 1 65 36 0003043a 1
0 0 1 33 78 00030d5e 1
0 0 1 47 120 0003176c 1
0 0 1 85 -66 00032d74 1
0 0 1 24 10 0003178a 1
0 0 1 123 100 0003187a 1
0 0 1 -74 27 00034886 1
0 0 1 -64 123 000340b8 1
0 0 1 -35 -39 000321f8 1
0 0 1 110 21 0003274d 1
0 0 1 127 95 00033053 1
0 0 1 -55 -60 00035f74 1
0 0 1 -82 -108 00036c58 1
0 0 1 -79 -57 00038ef0 1
0 0 1 123 -114 0003a087 1
0 0 1 56 -127 000369c1 1
0 0 1 -124 91 00034df9 1
0 0 1 33 13 000321e5 1
0 0 1 -23 34 00032392 1
0 0 1 126 -118 00032084 1
0 0 1 99 5 0002e670 1
0 0 1 29 -45 0002e85f 1
0 0 1 119 125 0002e346 1
0 0 1 -42 -32 00031d61 1
0 0 1 77 58 000322a1 1
0 0 1 15 -100 00033413 1
0 0 1 -83 42 00032e37 1
0 0 1 72 96 00032099 1
0 0 1 -78 -46 00033b99 1
0 0 1 12 72 0003499d 1
0 0 1 16 29 00034cfd 1
0 0 1 -102 24 00034ecd 1
0 0 1 -48 25 0003453d 1
0 0 1 -124 112 0003408d 1
0 0 1 84 -29 00030a4d 1
0 0 1 114 108 000300c9 1
0 0 1 54 112 000330e1 1
0 0 1 -102 107 00034881 1
0 0 1 -126 48 00031ddf 1
0 0 1 73 -78 0003063f 1
0 0 1 -3 -55 0002f001 1
0 0 1 -56 -43 0002f0a6 1
0 0 1 118 -90 0002fa0e 1
0 0 1 83 42 0002d092 1
0 0 1 -8 55 0002de30 1
0 0 1 -40 9 0002dc78 1
0 0 1 63 59 0002db10 1
0 0 1 91 -27 0002e995 1
0 0 1 -8 42 0002dffc 1
0 0 1 -3 56 0002deac 1
0 0 1 4 37 0002de04 1
0 0 1 44 -85 0002de98 1
0 0 1 -28 -2 0002cffc 1
0 0 1 -110 -63 0002d034 1
0 0 1 35 -115 0002eb46 1
0 0 1 -58 -25 0002db8d 1
0 0 1 -35 -40 0002e137 1
0 0 1 -31 77 0002e6af 1
0 0 1 64 -103 0002dd5c 1
0 0 1 -14 -6 0002c39c 1
0 0 1 7 29 0002c3f0 1
0 0 1 -17 75 0002c4bb 1
0 0 1 44 -13 0002bfc0 1
0 0 1 81 -40 0002bd84 1
0 0 1 54 31 0002b0dc 1
0 0 1 -61 107 0002b766 1
0 0 1 61 -101 00029de7 1
0 0 1 52 105 000285d6 1
0 0 1 -89 -123 00029b2a 1
0 0 1 13 64 0002c5ed 1
0 0 1 -75 -96 0002c92d 1
0 0 1 27 36 0002e54d 1
0 0 1 -123 -33 0002e919 1
0 0 1 -51 61 0002f8f4 1
0 0 1 -13 -76 0002eccd 1
0 0 1 -77 48 0002f0a9 1
0 0 1 75 -87 0002e239 1
0 0 1 67 -27 0002c8bc 1
0 0 1 99 46 0002c1ab 1
0 0 1 -5 52 0002d375 1
0 0 1 -82 -64 0002d271 1
0 0 1 -40 76 0002e6f1 1
0 0 1 -112 -66 0002db11 1
0 0 1 -32 -96 0002f7f1 1
0 0 1 20 28 000303f1 1
0 0 1 95 123 00030621 1
0 0 1 -89 125 000333c6 1
0 0 1 35 44 00030851 1
0 0 1 -53 -21 00030e55 1
0 0 1 -45 31 000312ae 1
0 0 1 13 55 00030d3b 1
0 0 1 -25 118 00031006 1
0 0 1 -64 -68 00030480 1
0 0 1 55 -111 00031580 1
0 0 1 -1 89 0002fda7 1
0 0 1 66 25 0002fd4e 1
0 0 1 96 127 000303c0 1
0 0 1 -125 -43 00033360 1
0 0 1 -108 68 0003485f 1
0 0 1 98 -17 00032baf 1
0 0 1 -4 -118 0003252d 1
0 0 1 -45 -46 00032705 1
0 0 1 17 82 00032f1b 1
0 0 1 65 -118 0003348d 1
0 0 1 107 -34 00031697 1
0 0 1 115 28 00030861 1
0 0 1 -44 78 000314f5 1
0 0 1 -116 -35 0003078d 1
0 0 1 -66 -77 00031769 1
0 0 1 81 49 00032b43 1
0 0 1 -114 5 00033ac4 1
0 0 1 47 -44 0003388a 1
0 0 0 37 -83 00033076 1
0 0 0 -49 72 00033076 0
