1 0 0 0 0 00000000 0
1 0 0 0 0 00000000 0
1 0 0 0 0 00000000 0
0 0 1 -76 102 00000000 0
0 0 1 103 -62 ffffe1b8 1
0 0 1 67 -125 ffffc8c6 1
0 0 1 -58 106 ffffa80f 1
0 0 1 -119 -16 ffff900b 1
0 0 1 -3 -59 ffff977b 1
0 0 1 -35 -79 ffff982c 1
0 0 1 -94 8 ffffa2f9 1
0 0 1 75 -31 ffffa009 1
0 0 1 -62 34 ffff96f4 1
0 0 1 55 60 ffff8eb8 1
0 0 1 60 46 ffff9b9c 1
0 0 1 107 127 ffffa664 1
0 0 1 -2 28 ffffdb79 1
0 0 1 -120 28 ffffdb41 1
0 0 1 -86 34 ffffce21 1
0 0 1 -116 -128 ffffc2b5 1
0 0 1 107 -124 fffffcb5 1
0 0 1 -47 -102 ffffc8e1 1
0 0 1 125 -54 ffffdb9b 1
0 0 1 24 1 ffffc13d 1
0 0 1 24 68 ffffc155 1
0 0 1 -51 124 ffffc7b5 1
0 0 1 79 39 ffffaf01 1
0 0 1 -50 37 ffffbb0a 1
0 0 1 -34 15 ffffb3d0 1
0 0 1 79 114 ffffb1d2 1
0 0 1 25 -91 ffffd500 1
0 0 1 -1 -103 ffffcc1d 1
0 0 1 -22 -37 ffffcc84 1
0 0 1 -8 83 ffffcfb2 1
0 0 1 103 62 ffffcd1a 1
0 0 1 -6 115 ffffe60c 1
0 0 1 75 63 ffffe35a 1
0 0 1 -76 -76 fffff5cf 1
0 0 1 -72 -34 00000c5f 1
0 0 1 117 106 000015ef 1
0 0 1 -29 99 00004661 1
0 0 1 99 -45 00003b2a 1
0 0 1 1 -36 000029c3 1
0 0 1 38 28 0000299f 1
0 0 1 15 77 00002dc7 1
0 0 1 121 -28 0000324a 1
0 0 1 75 -30 0000250e 1
0 0 1 126 95 00001c44 1
0 0 1 -82 49 00004b06 1
0 0 1 -57 -65 00003b54 1
0 0 1 54 77 000049cd 1
0 0 1 107 69 00005a0b 1
0 0 1 41 58 000076e2 1
0 0 1 -49 28 0000802c 1
0 0 1 47 -94 00007ad0 1
0 0 1 -109 19 0000698e 1
0 0 1 72 6 00006177 1
0 0 1 -4 6 00006327 1
0 0 1 -23 -14 0000630f 1
0 0 1 -7 82 00006451 1
0 0 1 -23 -67 00006213 1
0 0 1 69 -111 00006818 1
0 0 1 119 -119 00004a2d 1
0 0 1 -64 -98 000012dc 1
0 0 1 -73 17 00002b5c 1
0 0 1 -71 81 00002683 1
0 0 1 127 -96 0000100c 1
0 0 1 66 11 ffffe06c 1
0 0 1 36 31 ffffe342 1
0 0 1 -98 25 ffffe79e 1
0 0 1 -43 29 ffffde0c 1
0 0 1 -109 -30 ffffd92d 1
0 0 1 78 112 ffffe5f3 1
0 0 1 90 8 00000813 1
0 0 1 -4 40 00000ae3 1
0 0 1 110 64 00000a43 1
0 0 1 -28 -114 000025c3 1
0 0 1 -5 14 0000323b 1
0 0 1 -65 71 000031f5 1
0 0 1 26 -46 00001fee 1
0 0 1 -93 113 00001b42 1
0 0 1 -112 -21 fffff235 1
0 0 1 -62 78 fffffb65 1
0 0 1 -121 81 ffffe881 1
0 0 1 -81 -35 ffffc238 1
0 0 1 63 -17 ffffcd4b 1
0 0 1 -20 63 ffffc91c 1
0 0 1 4 21 ffffc430 1
0 0 1 -77 -68 ffffc484 1
0 0 1 25 46 ffffd8f8 1
0 0 1 98 125 ffffdd76 1
0 0 1 -126 24 00000d50 1
0 0 1 19 -13 00000180 1
0 0 1 65 18 00000089 1
0 0 1 -119 -31 0000051b 1
0 0 1 77 35 00001384 1
0 0 1 14 10 00001e0b 1
0 0 1 114 9 00001e97 1
0 0 1 117 53 00002299 1
0 0 1 -15 -9 00003ad2 1
0 0 1 117 -39 00003b59 1
0 0 1 49 38 00002986 1
0 0 1 93 66 000030cc 1
0 0 1 -115 -20 000048c6 1
0 0 1 86 -43 000051c2 1
0 0 1 80 124 00004350 1
0 0 1 -7 -19 00006a10 1
0 0 1 7 -60 00006a95 1
0 0 1 92 37 000068f1 1
0 0 1 -18 57 0000763d 1
0 0 1 17 -51 0000723b 1
0 0 1 56 85 00006ed8 1
0 0 1 119 40 00008170 1
0 0 1 28 17 00009408 1
0 0 1 -88 92 000095e4 1
0 0 1 -69 -115 00007644 1
0 0 1 109 -21 00009543 1
0 0 1 30 52 00008c52 1
0 0 1 -49 14 0000926a 1
0 0 1 -108 70 00008fbc 1
0 0 1 13 88 00007234 1
0 0 1 -26 69 000076ac 1
0 0 1 65 44 00006faa 1
0 0 1 70 -57 00007ad6 1
0 0 1 -100 122 00006b40 1
0 0 1 56 -67 00003b98 1
0 0 1 -24 96 00002cf0 1
0 0 1 42 91 000023f0 1
0 0 1 -84 -40 000032de 1
0 0 1 61 71 00003ffe 1
0 0 1 -102 57 000050e9 1
0 0 1 99 -55 00003a33 1
0 0 1 49 -27 000024ee 1
0 0 1 -51 -76 00001fc3 1
0 0 1 64 -63 00002ee7 1
0 0 1 -53 61 00001f27 1
0 0 1 64 -106 00001286 1
0 0 1 11 92 fffff806 1
0 0 1 68 -79 fffffbfa 1
0 0 1 123 125 ffffe6fe 1
0 0 1 -49 -24 0000230d 1
0 0 1 -8 31 000027a5 1
0 0 1 53 -117 000026ad 1
0 0 1 -43 -94 00000e74 1
0 0 1 -44 -17 00001e3e 1
0 0 1 -114 -61 0000212a 1
0 0 1 -55 -119 00003c54 1
0 0 1 -124 2 000055e5 1
0 0 1 46 78 000054ed 1
0 0 1 -103 -61 000062f1 1
0 0 1 -115 -26 00007b7c 1
0 0 1 -22 -118 0000872a 1
0 0 1 -61 -34 0000914e 1
0 0 1 123 -9 00009968 1
0 0 1 -26 -93 00009515 1
0 0 1 36 97 00009e87 1
0 0 1 -57 -21 0000ac2b 1
0 0 1 23 -100 0000b0d8 1
0 0 1 94 89 0000a7dc 1
0 0 1 101 23 0000c88a 1
0 0 1 -49 -89 0000d19d 1
0 0 1 -90 -125 0000e2a6 1
0 0 1 -40 -42 00010e98 1
0 0 1 -2 76 00011528 1
0 0 1 55 58 00011490 1
0 0 1 -14 123 00012106 1
0 0 1 -54 -42 00011a4c 1
0 0 1 -46 -36 00012328 1
0 0 1 -55 -77 000129a0 1
0 0 1 -112 94 00013a2b 1
0 0 1 -49 -88 0001110b 1
0 0 1 79 -88 000121e3 1
0 0 1 39 -39 000106bb 1
0 0 1 39 113 000100ca 1
0 0 1 -61 47 00011201 1
0 0 1 -90 -121 000106ce 1
0 0 1 67 85 00013158 1
0 0 1 -40 -83 00014797 1
0 0 1 100 -96 0001548f 1
0 0 1 52 -99 00012f0f 1
0 0 1 58 80 00011af3 1
0 0 1 -115 -116 00012d13 1
0 0 1 -71 -83 0001612f 1
0 0 1 108 -52 00017834 1
0 0 1 42 24 00016244 1
0 0 1 74 -105 00016634 1
0 0 1 101 -111 000147da 1
0 0 1 43 15 00011c0f 1
0 0 1 124 -68 00011e94 1
0 0 1 69 -66 0000fda4 1
0 0 1 69 50 0000ebda 1
0 0 1 125 18 0000f954 1
0 0 1 -128 -67 0001021e 1
0 0 1 -102 2 0001239e 1
0 0 1 -69 82 000122d2 1
0 0 1 101 -17 00010cb8 1
0 0 1 -106 -1 00010603 1
0 0 1 -34 -72 0001066d 1
0 0 1 21 -101 00010ffd 1
0 0 1 62 -103 000107b4 1
0 0 1 113 34 0000eec2 1
0 0 1 -28 -73 0000fdc4 1
0 0 1 22 -62 000105c0 1
0 0 1 14 34 0001006c 1
0 0 1 -120 31 00010248 1
0 0 1 11 12 0000f3c0 1
0 0 1 -119 -11 0000f444 1
0 0 1 15 44 0000f961 1
0 0 1 -21 -9 0000fbf5 1
0 0 1 40 -4 0000fcb2 1
0 0 1 -1 -125 0000fc12 1
0 0 1 -29 22 0000fc8f 1
0 0 1 -125 -47 0000fa11 1
0 0 1 -96 -20 00011104 1
0 0 1 90 -123 00011884 1
0 0 1 -96 -43 0000ed46 1
0 0 1 -20 12 0000fd66 1
0 0 1 -32 104 0000fc76 1
0 0 1 -38 -100 0000ef76 1
0 0 1 68 47 0000fe4e 1
0 0 1 -122 -94 00010aca 1
0 0 1 38 -31 00013796 1
0 0 1 56 102 000132fc 1
0 0 1 -24 -48 0001494c 1
0 0 1 77 114 00014dcc 1
0 0 1 -4 -69 00017016 1
0 0 1 46 -27 0001712a 1
0 0 1 36 -125 00016c50 1
0 0 1 -26 -80 00015abc 1
0 0 1 -80 17 000162dc 1
0 0 1 66 37 00015d8c 1
0 0 1 62 -38 00016716 1
0 0 1 -25 127 00015de2 1
0 0 1 -85 54 0001517b 1
0 0 1 22 -69 00013f8d 1
0 0 1 44 -116 0001399f 1
0 0 1 119 -79 000125af 1
0 0 1 73 -1 000100f6 1
0 0 1 -104 -99 000100ad 1
0 0 1 -78 127 000128e5 1
0 0 1 -57 -127 00010233 1
0 0 1 13 -103 00011e7a 1
0 0 1 -42 -84 0001193f 1
0 0 1 81 -78 00012707 1
0 0 1 12 -124 00010e59 1
0 0 1 -81 -36 00010889 1
0 0 1 18 123 000113ed 1
0 0 1 -72 49 00011c93 1
0 0 1 75 -62 00010ecb 1
0 0 1 14 101 0000fca1 1
0 0 1 -18 24 00010227 1
0 0 1 -25 -47 00010077 1
0 0 1 115 -35 0001050e 1
0 0 1 126 -77 0000f555 1
0 0 1 -47 35 0000cf6f 1
0 0 1 96 9 0000c902 1
0 0 1 -79 -109 0000cc62 1
0 0 1 5 -55 0000ee05 1
0 0 1 87 -113 0000ecf2 1
0 0 1 28 -22 0000c68b 1
0 0 1 116 54 0000c423 1
0 0 1 68 -30 0000dc9b 1
0 0 1 -28 77 0000d4a3 1
0 0 1 -36 -95 0000cc37 1
0 0 1 -4 -67 0000d993 1
0 0 1 14 117 0000da9f 1
0 0 1 -111 56 0000e105 1
0 0 1 84 67 0000c8bd 1
0 0 1 -25 -40 0000deb9 1
0 0 1 54 -89 0000e2a1 1
0 0 1 34 -81 0000cfdb 1
0 0 1 -123 -119 0000c519 1
0 0 1 -36 -61 0000fe46 1
0 0 1 72 90 000106da 1
0 0 1 122 77 0001202a 1
0 0 1 69 16 000144dc 1
0 0 1 -41 -97 0001492c 1
0 0 1 41 -29 000158b5 1
0 0 1 2 38 00015410 1
0 0 1 55 -110 0001545c 1
0 0 1 20 -75 00013cba 1
0 0 1 118 -65 000136de 1
0 0 1 -17 81 000118e8 1
0 0 1 -76 -88 00011387 1
0 0 1 -113 -38 00012da7 1
0 0 1 -123 59 00013e6d 1
0 0 1 96 90 00012214 1
0 0 1 9 45 000143d4 1
0 0 1 -8 -46 00014569 1
0 0 1 53 -124 000146d9 1
0 0 1 -91 -9 00012d2d 1
0 0 1 -86 -105 00013060 1
0 0 1 -108 19 000153a6 1
0 0 1 -126 -14 00014ba2 1
0 0 1 107 40 00015286 1
0 0 1 42 -3 0001633e 1
0 0 1 -31 -35 000162c0 1
0 0 1 -120 -91 000166fd 1
0 0 1 -12 80 000191a5 1
0 0 1 33 51 00018de5 1
0 0 1 -85 -3 00019478 1
0 0 1 121 5 00019577 1
0 0 1 -117 -11 000197d4 1
0 0 1 -45 -25 00019cdb 1
0 0 1 52 -116 0001a140 1
0 0 1 13 116 000189b0 1
0 0 1 126 -73 00018f94 1
0 0 1 3 116 00016ba6 1
0 0 1 54 -101 00016d02 1
0 0 1 120 -8 000157b4 1
0 0 1 -33 -44 000153f4 1
0 0 1 -11 -34 000159a0 1
0 0 1 124 50 00015b16 1
0 0 1 -61 75 0001734e 1
0 0 1 -50 102 0001616f 1
0 0 1 -78 -78 00014d83 1
0 0 1 110 -31 00016547 1
0 0 1 110 105 000157f5 1
0 0 1 14 67 00018513 1
0 0 1 -2 34 000188bd 1
0 0 1 -16 -115 00018879 1
0 0 1 110 89 00018fa9 1
0 0 1 -9 63 0001b5e7 1
0 0 1 76 -91 0001b3b0 1
0 0 1 -66 74 000198ac 1
0 0 1 -12 18 00018598 1
0 0 1 127 29 000184c0 1
0 0 1 94 43 00019323 1
0 0 1 42 -74 0001a2ed 1
0 0 1 -84 52 000196c9 1
0 0 1 115 56 000185b9 1
0 0 1 -127 3 00019ee1 1
0 0 1 75 -69 00019d64 1
0 0 1 56 50 0001892d 1
0 0 1 101 -21 0001941d 1
0 0 1 19 -15 00018bd4 1
0 0 1 -54 24 00018ab7 1
0 0 1 -45 -84 000185a7 1
0 0 1 43 51 0001946b 1
0 0 1 -128 107 00019cfc 1
0 0 1 -51 42 0001677c 1
0 0 1 60 -22 00015f1e 1
0 0 1 66 47 000159f6 1
0 0 1 74 49 00016614 1
0 0 1 96 96 0001743e 1
0 0 1 106 7 0001983e 1
0 0 1 25 3 00019b24 1
0 0 1 16 -14 00019b6f 1
0 0 1 118 -66 00019a8f 1
0 0 1 -57 -3 00017c23 1
0 0 1 106 27 00017cce 1
0 0 1 -23 -10 000187fc 1
0 0 1 93 118 000188e2 1
0 0 1 -125 120 0001b3c0 1
0 0 1 118 3 00017928 1
0 0 1 102 -114 00017a8a 1
0 0 1 97 -125 00014d1e 1
0 0 1 -99 67 00011dc1 1
0 0 1 43 121 000103d8 1
0 0 1 -38 -3 0001182b 1
0 0 1 43 94 0001189d 1
0 0 1 43 122 00012867 1
0 0 1 91 -104 00013ce5 1
0 0 1 84 111 000117ed 1
0 0 1 45 75 00013c59 1
0 0 1 115 121 00014988 1
0 0 1 39 -69 00017fe3 1
0 0 1 29 -79 00017560 1
0 0 1 -15 -110 00016c6d 1
0 0 1 84 7 000172df 1
0 0 1 -57 79 0001752b 1
0 0 1 79 53 00016394 1
0 0 1 -98 -64 000173ef 1
0 0 1 14 103 00018c6f 1
0 0 1 -111 -14 00019211 1
0 0 1 -99 6 00019823 1
0 0 1 118 -18 000195d1 1
0 0 1 76 -77 00018d85 1
0 0 1 57 53 000176a9 1
0 0 1 58 39 00018276 1
0 0 1 66 14 00018b4c 1
0 0 1 -68 62 00018ee8 1
0 0 1 73 43 00017e70 1
0 0 1 -15 -108 00018ab3 1
0 0 1 -17 -16 00019107 1
0 0 1 102 -83 00019217 1
0 0 1 -35 -52 00017105 1
0 0 1 -102 29 00017821 1
0 0 1 54 -127 00016c93 1
0 0 1 6 47 000151c9 1
0 0 1 -69 -42 000152e3 1
0 0 1 -120 110 00015e35 1
0 0 1 85 93 00012aa5 1
0 0 1 112 -105 00014986 1
0 0 1 -39 92 00011b96 1
0 0 1 113 -33 00010d92 1
0 0 1 -7 81 0000ff01 1
0 0 1 75 40 0000fcca 1
0 0 1 -117 64 00010882 1
0 0 1 75 -128 0000eb42 1
0 0 1 -126 -80 0000c5c2 1
0 0 1 36 -31 0000ed22 1
0 0 1 -45 -38 0000e8c6 1
0 0 1 -51 -127 0000ef74 1
0 0 1 90 -81 000108c1 1
0 0 1 79 37 0000ec47 1
0 0 1 89 -83 0000f7b2 1
0 0 1 43 -112 0000dad7 1
0 0 1 31 -9 0000c807 1
0 0 1 70 -70 0000c6f0 1
0 0 1 -108 118 0000b3cc 1
0 0 1 99 -40 00008204 1
0 0 1 -88 92 0000728c 1
0 0 1 88 103 000052ec 1
0 0 1 -59 51 00007654 1
0 0 1 -77 74 00006a93 1
0 0 1 -78 -36 00005451 1
0 0 1 84 32 00005f49 1
0 0 1 -30 -47 000069c9 1
0 0 1 89 -9 00006f4b 1
0 0 1 -53 12 00006c2a 1
0 0 1 -106 -76 000069ae 1
0 0 1 -65 65 00008926 1
0 0 1 -15 60 000078a5 1
0 0 1 -80 108 00007521 1
0 0 1 -11 15 00005361 1
0 0 1 -16 92 000052bc 1
0 0 1 -34 51 00004cfc 1
0 0 1 -37 46 00004636 1
0 0 1 -1 -109 00003f90 1
0 0 1 -33 47 00003ffd 1
0 0 1 -43 -49 000039ee 1
0 0 1 -46 117 00004229 1
0 0 1 73 44 00002d23 1
0 0 1 -22 92 000039af 1
0 0 1 -10 -62 000031c7 1
0 0 1 -9 -44 00003433 1
0 0 1 20 -71 000035bf 1
0 0 1 -81 4 00003033 1
0 0 1 -35 -86 00002eef 1
0 0 1 77 -115 00003ab1 1
0 0 1 64 27 0000181a 1
0 0 1 109 26 00001eda 1
0 0 1 89 -124 000029ec 1
0 0 1 -28 2 fffffed0 1
0 0 1 -52 14 fffffe98 1
0 0 1 -27 -125 fffffbc0 1
0 0 1 12 27 000008ef 1
0 0 1 -93 119 00000a33 1
0 0 1 -86 76 ffffdef8 1
0 0 1 54 41 ffffc570 1
0 0 1 19 -14 ffffce16 1
0 0 1 122 -39 ffffcd0c 1
0 0 1 -86 75 ffffba76 1
0 0 1 -28 17 ffffa144 1
0 0 1 -27 -23 ffff9f68 1
0 0 1 98 -113 ffffa1d5 1
0 0 1 4 65 ffff7693 1
0 0 1 -121 -123 ffff7797 1
0 0 1 27 -68 ffffb1ba 1
0 0 1 110 67 ffffaa8e 1
0 0 1 -39 -55 ffffc758 1
0 0 1 100 30 ffffcfb9 1
0 0 1 -28 79 ffffdb71 1
0 0 1 -43 37 ffffd2cd 1
0 0 1 -37 54 ffffcc96 1
0 0 1 75 -26 ffffc4c8 1
0 0 1 -22 -102 ffffbd2a 1
0 0 1 -124 15 ffffc5ee 1
0 0 1 -93 82 ffffbeaa 1
0 0 1 94 -11 ffffa0e0 1
0 0 1 -18 30 ffff9cd6 1
0 0 1 116 110 ffff9aba 1
0 0 1 -32 -91 ffffcc92 1
0 0 1 -107 107 ffffd7f2 1
0 0 1 -118 76 ffffab39 1
0 0 1 6 -37 ffff8831 1
0 0 1 112 -59 ffff8753 1
0 0 1 98 38 ffff6d83 1
0 0 1 -5 -21 ffff7c0f 1
0 0 1 22 -9 ffff7c78 1
0 0 1 -30 -127 ffff7bb2 1
0 0 1 126 110 ffff8a94 1
0 0 1 1 4 ffffc0b8 1
0 0 1 1 126 ffffc0bc 1
0 0 1 -36 102 ffffc13a 1
0 0 1 58 -70 ffffb2e2 1
0 0 1 -57 30 ffffa306 1
0 0 1 -86 -69 ffff9c58 1
0 0 1 37 -32 ffffb386 1
0 0 1 24 85 ffffaee6 1
0 0 1 -71 71 ffffb6de 1
0 0 1 121 -114 ffffa32d 1
0 0 1 110 -112 ffff6d4b 1
0 0 1 96 -10 ffff3d2b 1
0 0 1 -96 114 ffff396b 1
0 0 1 14 -30 ffff0eab 1
0 0 1 38 -10 ffff0d07 1
0 0 1 -8 -59 ffff0b8b 1
0 0 1 7 -49 ffff0d63 1
0 0 1 107 85 ffff0c0c 1
0 0 1 -116 41 ffff2f93 1
0 0 1 84 72 ffff1cff 1
0 0 1 89 -60 ffff349f 1
0 0 1 72 -31 ffff1fc3 1
0 0 1 40 -46 ffff170b 1
0 0 1 115 -24 ffff0fdb 1
0 0 1 45 -121 ffff0513 1
0 0 1 -52 -105 fffeefce 1
0 0 1 -20 10 ffff0522 1
0 0 1 -98 116 ffff045a 1
0 0 1 -20 -4 fffed7f2 1
0 0 1 65 77 fffed842 1
0 0 1 -69 -25 fffeebcf 1
0 0 1 87 -3 fffef28c 1
0 0 1 -109 60 fffef187 1
0 0 1 -45 106 fffed7fb 1
0 0 1 123 85 fffec559 1
0 0 1 -60 -33 fffeee30 1
0 0 1 79 -83 fffef5ec 1
0 0 1 87 -89 fffedc4f 1
0 0 1 4 -8 fffebe10 1
0 0 1 14 -8 fffebdf0 1
0 0 1 77 -116 fffebd80 1
0 0 1 106 -76 fffe9a9c 1
0 0 1 113 27 fffe7b24 1
0 0 1 -29 70 fffe870f 1
0 0 1 -107 112 fffe7f21 1
0 0 1 49 -106 fffe5051 1
0 0 1 77 -125 fffe3c07 1
0 0 1 11 9 fffe166e 1
0 0 1 35 -120 fffe16d1 1
0 0 1 103 -69 fffe0669 1
0 0 1 -19 125 fffdeaa6 1
0 0 1 -67 -90 fffde15f 1
0 0 1 -52 16 fffdf8ed 1
0 0 1 86 -119 fffdf5ad 1
0 0 1 -47 -7 fffdcdb3 1
0 0 1 -88 27 fffdcefc 1
0 0 1 -121 -44 fffdc5b4 1
0 0 1 -41 12 fffdda80 1
0 0 1 32 -91 fffdd894 1
0 0 1 -124 -120 fffdcd34 1
0 0 1 14 110 fffe0754 1
0 0 1 -43 -49 fffe0d58 1
0 0 1 -80 -61 fffe1593 1
0 0 1 -100 15 fffe28a3 1
0 0 1 18 50 fffe22c7 1
0 0 1 48 57 fffe264b 1
0 0 1 73 41 fffe30fb 1
0 0 1 -123 -121 fffe3cac 1
0 0 1 30 92 fffe76cf 1
0 0 1 90 43 fffe8197 1
0 0 1 -94 -104 fffe90b5 1
0 0 1 2 -29 fffeb6e5 1
0 0 1 -103 -19 fffeb6ab 1
0 0 1 87 -105 fffebe50 1
0 0 1 4 -75 fffe9aa1 1
0 0 1 -78 -17 fffe9975 1
0 0 1 -101 -50 fffe9ea3 1
0 0 1 110 -17 fffeb25d 1
0 0 1 -100 -78 fffeab0f 1
0 0 1 10 15 fffec987 1
0 0 1 118 5 fffeca1d 1
0 0 1 -69 12 fffecc6b 1
0 0 1 6 58 fffec92f 1
0 0 1 14 -97 fffeca8b 1
0 0 1 6 -79 fffec53d 1
0 0 1 80 65 fffec363 1
0 0 1 71 72 fffed7b3 1
0 0 1 34 18 fffeebab 1
0 0 1 -119 103 fffeee0f 1
0 0 1 61 -45 fffebe2e 1
0 0 1 111 -15 fffeb375 1
0 0 1 -15 10 fffeacf4 1
0 0 1 -8 96 fffeac5e 1
0 0 1 -77 -35 fffea95e 1
0 0 1 -82 91 fffeb3e5 1
0 0 1 -117 45 fffe96bf 1
0 0 1 93 10 fffe822e 1
0 0 1 89 -114 fffe85d0 1
0 0 1 36 69 fffe5e2e 1
0 0 1 -15 90 fffe67e2 1
0 0 1 55 -51 fffe629c 1
0 0 1 79 -4 fffe57a7 1
0 0 1 72 29 fffe566b 1
0 0 1 29 66 fffe5e93 1
0 0 1 120 113 fffe660d 1
0 0 1 53 95 fffe9b05 1
0 0 1 -69 -55 fffeaeb0 1
0 0 1 104 -79 fffebd83 1
0 0 1 32 21 fffe9d6b 1
0 0 1 -78 -29 fffea00b 1
0 0 1 -27 85 fffea8e1 1
0 0 1 -51 -78 fffe9fea 1
0 0 1 90 86 fffeaf74 1
0 0 1 71 97 fffecdb0 1
0 0 1 -117 111 fffee897 1
0 0 1 -7 43 fffeb5dc 1
0 0 1 -9 -94 fffeb4af 1
0 0 1 -66 -29 fffeb7fd 1
0 0 1 123 -120 fffebf77 1
0 0 1 -52 -49 fffe85cf 1
0 0 1 22 -122 fffe8fc3 1
0 0 1 -5 104 fffe8547 1
0 0 1 33 95 fffe833f 1
0 0 1 -24 -68 fffe8f7e 1
0 0 1 3 -46 fffe95de 1
0 0 1 -55 107 fffe9554 1
0 0 1 57 -68 fffe7e57 1
0 0 1 -34 94 fffe6f33 1
0 0 1 38 -8 fffe62b7 1
0 0 1 -58 97 fffe6187 1
0 0 1 24 71 fffe4b8d 1
0 0 1 -113 38 fffe5235 1
0 0 1 55 108 fffe416f 1
0 0 1 106 -113 fffe58a3 1
0 0 1 61 -85 fffe29d9 1
0 0 1 -107 100 fffe1598 1
0 0 1 3 -41 fffdebcc 1
0 0 1 -51 -35 fffdeb51 1
0 0 1 -83 -81 fffdf24a 1
0 0 1 25 -8 fffe0c8d 1
0 0 1 -37 127 fffe0bc5 1
0 0 1 -67 15 fffdf96a 1
0 0 1 -94 -115 fffdf57d 1
0 0 1 -38 75 fffe1fb7 1
0 0 1 95 -90 fffe1495 1
0 0 1 56 77 fffdf32f 1
0 0 1 -58 100 fffe0407 1
0 0 1 -32 -41 fffded5f 1
0 0 1 17 115 fffdf27f 1
0 0 1 -55 108 fffdfa22 1
0 0 1 -116 -113 fffde2ee 1
0 0 1 -76 115 fffe1622 1
0 0 1 69 -114 fffdf3fe 1
0 0 1 100 -3 fffdd544 1
0 0 1 -119 6 fffdd418 1
0 0 1 -17 87 fffdd14e 1
0 0 1 -112 93 fffdcb87 1
0 0 1 54 -71 fffda2d7 1
0 0 1 -28 12 fffd93dd 1
0 0 1 93 -2 fffd928d 1
0 0 1 21 -101 fffd91d3 1
0 0 1 94 43 fffd898a 1
0 0 1 -72 117 fffd9954 1
0 0 1 -28 6 fffd786c 1
0 0 1 41 99 fffd77c4 1
0 0 1 120 -13 fffd879f 1
0 0 1 -31 -20 fffd8187 1
0 0 1 -15 -52 fffd83f3 1
0 0 1 -41 123 fffd86ff 1
0 0 1 15 39 fffd734c 1
0 0 1 22 115 fffd7595 1
0 0 1 -102 126 fffd7f77 1
0 0 1 95 -26 fffd4d43 1
0 0 1 50 -80 fffd439d 1
0 0 1 -128 109 fffd33fd 1
0 0 1 -69 -69 fffcfd7d 1
0 0 1 -82 -5 fffd1016 1
0 0 1 -14 50 fffd11b0 1
0 0 1 120 24 fffd0ef4 1
0 0 1 -38 -101 fffd1a34 1
0 0 1 41 -98 fffd2932 1
0 0 1 -88 104 fffd1980 1
0 0 1 54 -73 fffcf5c0 1
0 0 1 -42 -77 fffce65a 1
0 0 1 -93 30 fffcf2fc 1
0 0 1 105 95 fffce816 1
0 0 1 109 -66 fffd0f0d 1
0 0 1 -73 -70 fffcf2f3 1
0 0 1 -122 87 fffd06e9 1
0 0 1 37 82 fffcdd73 1
0 0 1 109 -117 fffce94d 1
0 0 1 -103 70 fffcb77c 1
0 0 1 76 -56 fffc9b52 1
0 0 1 8 -29 fffc8ab2 1
0 0 1 17 102 fffc89ca 1
0 0 1 -117 36 fffc9090 1
0 0 1 -35 121 fffc801c 1
0 0 1 74 -85 fffc6f91 1
0 0 1 -63 -14 fffc56ff 1
0 0 1 101 117 fffc5a71 1
0 0 1 54 -122 fffc889a 1
0 0 1 -117 50 fffc6ede 1
0 0 1 70 116 fffc5804 1
0 0 1 113 15 fffc77bc 1
0 0 1 -59 -41 fffc7e5b 1
0 0 1 123 55 fffc87ce 1
0 0 1 -45 -75 fffca23b 1
0 0 1 118 -127 fffcaf6a 1
0 0 1 39 -123 fffc74e0 1
0 0 1 -6 -7 fffc6223 1
0 0 1 51 -89 fffc624d 1
0 0 1 108 25 fffc5092 1
0 0 1 -111 123 fffc5b1e 1
0 0 1 -65 -21 fffc25c9 1
0 0 1 -40 -39 fffc2b1e 1
0 0 1 -47 -81 fffc3136 1
0 0 1 -7 -41 fffc4015 1
0 0 1 -123 12 fffc4134 1
0 0 1 -108 99 fffc3b70 1
0 0 1 115 -57 fffc11ac 1
0 0 1 -45 -125 fffbf811 1
0 0 1 36 91 fffc0e0a 1
0 0 1 -12 -37 fffc1ad6 1
0 0 1 -60 -94 fffc1c92 1
0 0 1 25 93 fffc329a 1
0 0 1 79 -44 fffc3baf 1
0 0 1 -94 81 fffc2e1b 1
0 0 1 -85 -36 fffc105d 1
0 0 1 68 -32 fffc1c51 1
0 0 1 -107 14 fffc13d1 1
0 0 1 43 -100 fffc0df7 1
0 0 1 36 -41 fffbfd2b 1
0 0 1 -21 -40 fffbf767 1
0 0 1 -2 13 fffbfaaf 1
0 0 1 4 -75 fffbfa95 1
0 0 1 -33 59 fffbf969 1
0 0 1 22 120 fffbf1ce 1
0 0 1 12 -57 fffbfc1e 1
0 0 1 126 40 fffbf972 1
0 0 1 -64 30 fffc0d22 1
0 0 1 100 -103 fffc05a2 1
0 0 1 -51 69 fffbdd66 1
0 0 1 32 -55 fffbcfa7 1
0 0 1 120 84 fffbc8c7 1
0 0 1 17 -51 fffbf027 1
0 0 1 -21 -124 fffbecc4 1
0 0 1 -22 -10 fffbf6f0 1
0 0 1 108 -5 fffbf7cc 1
0 0 1 4 -85 fffbf5b0 1
0 0 1 -122 29 fffbf45c 1
0 0 1 16 -81 fffbe68a 1
0 0 1 -63 35 fffbe17a 1
0 0 1 -102 -105 fffbd8dd 1
0 0 1 115 65 fffc02b3 1
0 0 1 -103 27 fffc1fe6 1
0 0 1 -88 -123 fffc1509 1
0 0 1 -33 47 fffc3f51 1
0 0 1 113 -35 fffc3942 1
0 0 1 -59 -95 fffc29cf 1
0 0 1 -23 42 fffc3fb4 1
0 0 1 56 115 fffc3bee 1
0 0 1 71 71 fffc5516 1
0 0 1 91 -4 fffc68c7 1
0 0 1 2 18 fffc675b 1
0 0 1 -56 -61 fffc677f 1
0 0 1 26 -107 fffc74d7 1
0 0 1 57 4 fffc69f9 1
0 0 1 -76 21 fffc6add 1
0 0 1 12 -99 fffc64a1 1
0 0 1 102 95 fffc5ffd 1
0 0 1 -89 -114 fffc85d7 1
0 0 1 -17 8 fffcad79 1
0 0 1 59 89 fffcacf1 1
0 0 1 -126 44 fffcc174 1
0 0 1 100 11 fffcabcc 1
0 0 1 -112 -123 fffcb018 1
0 0 1 119 -87 fffce5e8 1
0 0 1 110 11 fffcbd77 1
0 0 1 6 -77 fffcc231 1
0 0 1 120 -83 fffcc063 1
0 0 1 97 26 fffc997b 1
0 0 1 -111 -28 fffca355 1
0 0 1 -94 13 fffcaf79 1
0 0 1 48 43 fffcaab3 1
0 0 1 -21 -83 fffcb2c3 1
0 0 1 -72 -111 fffcb992 1
0 0 1 122 97 fffcd8ca 1
0 0 1 93 100 fffd0704 1
0 0 1 105 -108 fffd2b58 1
0 0 1 -88 108 fffcff0c 1
0 0 1 -78 23 fffcd9ec 1
0 0 1 8 -45 fffcd2ea 1
0 0 1 -71 -12 fffcd182 1
0 0 1 -35 117 fffcd4d6 1
0 0 1 75 57 fffcc4d7 1
0 0 1 127 23 fffcd58a 1
0 0 1 62 -68 fffce0f3 1
0 0 1 -96 -13 fffcd07b 1
0 0 1 -59 120 fffcd55b 1
0 0 1 24 -118 fffcb9b3 1
0 0 1 -35 -111 fffcaea3 1
0 0 1 -15 -113 fffcbdd0 1
0 0 1 93 -23 fffcc46f 1
0 0 1 -88 -83 fffcbc14 1
0 0 1 -22 -82 fffcd89c 1
0 0 1 -57 105 fffcdfa8 1
0 0 1 25 -12 fffcc847 1
0 0 1 -66 -64 fffcc71b 1
0 0 1 8 -96 fffcd79b 1
0 0 1 -3 64 fffcd49b 1
0 0 1 96 -39 fffcd3db 1
0 0 1 26 -53 fffcc53b 1
0 0 1 -18 34 fffcbfd9 1
0 0 1 -23 -9 fffcbd75 1
0 0 1 110 -47 fffcbe44 1
0 0 1 -65 -80 fffcaa12 1
0 0 1 33 44 fffcbe62 1
0 0 1 -109 -110 fffcc40e 1
0 0 1 -31 20 fffcf2e4 1
0 0 1 -122 22 fffcf078 1
0 0 1 -63 66 fffce5fc 1
0 0 1 67 48 fffcd5be 1
0 0 1 -24 68 fffce24e 1
0 0 1 101 100 fffcdbee 1
0 0 1 -1 77 fffd0362 1
0 0 1 95 33 fffd0315 1
0 0 1 -41 80 fffd0f54 1
0 0 1 -118 -22 fffd0284 1
0 0 1 -60 73 fffd0ca8 1
0 0 1 -98 -109 fffcfb8c 1
0 0 1 108 24 fffd2546 1
0 0 1 116 104 fffd2f66 1
0 0 1 33 19 fffd5e86 1
0 0 1 113 -7 fffd60f9 1
0 0 1 -126 98 fffd5de2 1
0 0 1 -95 -71 fffd2da6 1
0 0 1 -40 -13 fffd47ff 1
0 0 1 -81 69 fffd4a07 1
0 0 1 -38 127 fffd3432 1
0 0 1 -62 -113 fffd2158 1
0 0 1 31 59 fffd3cb6 1
0 0 1 -61 -4 fffd43db 1
0 0 1 102 96 fffd44cf 1
0 0 1 -19 -46 fffd6b0f 1
0 0 1 -123 29 fffd6e79 1
0 0 1 45 -4 fffd608a 1
0 0 1 109 54 fffd5fd6 1
0 0 1 -41 51 fffd76d4 1
0 0 1 -37 68 fffd6ea9 1
0 0 1 -72 74 fffd64d5 1
0 0 1 14 -19 fffd5005 1
0 0 1 -45 -7 fffd4efb 1
0 0 1 120 45 fffd5036 1
0 0 1 58 -1 fffd654e 1
0 0 1 95 -53 fffd6514 1
0 0 1 -63 42 fffd5169 1
0 0 1 7 44 fffd4713 1
0 0 1 103 55 fffd4847 1
0 0 1 -70 2 fffd5e68 1
0 0 1 -19 -104 fffd5ddc 1
0 0 1 -113 -77 fffd6594 1
0 0 1 -108 -128 fffd8791 1
0 0 1 -51 60 fffdbd91 1
0 0 1 33 27 fffdb19d 1
0 0 1 -43 -24 fffdb518 1
0 0 1 -96 17 fffdb920 1
0 0 1 -89 33 fffdb2c0 1
0 0 1 51 -48 fffda747 1
0 0 1 -42 95 fffd9db7 1
0 0 1 -19 -15 fffd8e21 1
0 0 1 -97 -67 fffd8f3e 1
0 0 1 -77 -39 fffda8a1 1
0 0 1 11 7 fffdb45c 1
0 0 1 101 -38 fffdb4a9 1
0 0 1 30 20 fffda5ab 1
0 0 1 -98 106 fffda803 1
0 0 1 -109 -5 fffd7f6f 1
0 0 1 58 71 fffd8190 1
0 0 1 83 119 fffd91a6 1
0 0 1 -94 -122 fffdb83b 1
0 0 1 -117 119 fffde507 1
0 0 1 -83 -74 fffdaea4 1
0 0 1 -18 73 fffdc6a2 1
0 0 1 -109 -69 fffdc180 1
0 0 1 -59 15 fffddee1 1
0 0 1 -58 61 fffddb6c 1
0 0 1 -93 22 fffdcd9a 1
0 0 1 -127 6 fffdc59c 1
0 0 1 91 83 fffdc2a2 1
0 0 1 -103 -16 fffde023 1
0 0 1 -70 -94 fffde693 1
0 0 1 69 54 fffe0047 1
0 0 1 96 -25 fffe0ed5 1
0 0 1 23 -88 fffe0575 1
0 0 1 90 -13 fffdfd8d 1
0 0 1 -121 -19 fffdf8fb 1
0 0 1 -62 -56 fffe01f6 1
0 0 1 102 -119 fffe0f86 1
0 0 1 108 34 fffde01c 1
0 0 1 -77 -79 fffdee74 1
0 0 1 -49 -7 fffe0637 1
0 0 1 -51 94 fffe078e 1
0 0 1 8 -65 fffdf4d4 1
0 0 1 -85 -87 fffdf2cc 1
0 0 1 -91 -11 fffe0faf 1
0 0 1 -71 121 fffe1398 1
0 0 1 -39 93 fffdf209 1
0 0 1 -58 -59 fffde3de 1
0 0 1 -84 -110 fffdf13c 1
0 0 1 -123 52 fffe1554 1
0 0 1 -75 -123 fffdfc58 1
0 0 1 97 -39 fffe2061 1
0 0 1 63 9 fffe119a 1
0 0 1 110 -77 fffe13d1 1
0 0 1 40 -110 fffdf2bb 1
0 0 1 61 -73 fffde18b 1
0 0 1 127 24 fffdd026 1
0 0 1 13 83 fffddc0e 1
0 0 1 -29 -84 fffde045 1
0 0 1 -77 114 fffde9c9 1
0 0 1 -64 94 fffdc77f 1
0 0 1 107 -77 fffdafff 1
0 0 1 -58 -95 fffd8fd0 1
0 0 1 123 -123 fffda556 1
0 0 1 -72 120 fffd6a3d 1
0 0 1 -2 -30 fffd487d 1
0 0 1 124 123 fffd48b9 1
0 0 1 88 11 fffd844d 1
0 0 1 -51 -14 fffd8815 1
0 0 1 68 19 fffd8adf 1
0 0 1 -101 64 fffd8feb 1
0 0 1 -1 118 fffd76ab 1
0 0 1 120 -31 fffd7635 1
0 0 1 99 -8 fffd67ad 1
0 0 1 -115 -44 fffd6495 1
0 0 1 89 44 fffd7859 1
0 0 1 -28 -110 fffd87a5 1
0 0 1 46 102 fffd93ad 1
0 0 1 96 38 fffda601 1
0 0 1 -30 -68 fffdb441 1
0 0 1 22 -99 fffdbc39 1
0 0 1 30 -96 fffdb3b7 1
0 0 1 -37 114 fffda877 1
0 0 1 97 61 fffd97fd 1
0 0 1 -17 13 fffdaf1a 1
0 0 1 -80 30 fffdae3d 1
0 0 1 13 114 fffda4dd 1
0 0 1 -109 -83 fffdaaa7 1
0 0 1 81 -41 fffdcdfe 1
0 0 1 24 -59 fffdc105 1
0 0 1 85 57 fffdbb7d 1
0 0 1 -57 17 fffdce6a 1
0 0 1 98 -54 fffdcaa1 1
0 0 1 -30 -126 fffdb5f5 1
0 0 1 28 18 fffdc4b9 1
0 0 1 124 -35 fffdc6b1 1
0 0 1 -112 57 fffdb5bd 1
0 0 1 -55 28 fffd9ccd 1
0 0 1 -24 -88 fffd96c9 1
0 0 1 -62 -126 fffd9f09 1
0 0 1 -109 116 fffdbd8d 1
0 0 1 25 -58 fffd8c29 1
0 0 1 -54 34 fffd867f 1
0 0 1 -3 -63 fffd7f53 1
0 0 1 -17 -62 fffd8010 1
0 0 1 -19 -1 fffd842e 1
0 0 1 -103 108 fffd8441 1
0 0 1 25 67 fffd58cd 1
0 0 1 -30 -11 fffd5f58 1
0 0 1 124 -81 fffd60a2 1
0 0 1 68 -81 fffd3966 1
0 0 1 90 -123 fffd23e2 1
0 0 1 -75 106 fffcf8a4 1
0 0 1 -83 -15 fffcd996 1
0 0 1 38 -71 fffcde73 1
0 0 1 104 -40 fffcd3e9 1
0 0 1 -68 98 fffcc3a9 1
0 0 1 -18 85 fffca9a1 1
0 0 1 -35 101 fffca3a7 1
0 0 1 82 -29 fffc95d8 1
0 0 1 21 59 fffc8c8e 1
0 0 1 -14 24 fffc9165 1
0 0 1 -127 112 fffc9015 1
0 0 1 -125 73 fffc5885 1
0 0 1 -97 -37 fffc34e0 1
0 0 1 3 -90 fffc42e5 1
0 0 1 126 24 fffc41d7 1
0 0 1 27 31 fffc4da7 1
0 0 1 95 8 fffc50ec 1
0 0 1 70 -103 fffc53e4 1
0 0 1 -74 118 fffc37ba 1
0 0 1 -99 -98 fffc159e 1
0 0 1 70 34 fffc3b84 1
0 0 1 -73 -39 fffc44d0 1
0 0 1 105 58 fffc4fef 1
0 0 1 -124 15 fffc67b9 1
0 0 1 -37 40 fffc6075 1
0 0 1 120 -17 fffc5aad 1
0 0 1 111 -92 fffc52b5 1
0 0 1 7 98 fffc2ad1 1
0 0 1 -78 95 fffc2d7f 1
0 0 1 -90 -115 fffc108d 1
0 0 1 97 -47 fffc38fb 1
0 0 1 -98 -92 fffc272c 1
0 0 1 28 104 fffc4a64 1
0 0 1 -67 97 fffc55c4 1
0 0 1 94 -13 fffc3c61 1
0 0 1 -60 27 fffc379b 1
0 0 1 12 -63 fffc3147 1
0 0 1 -48 2 fffc2e53 1
0 0 1 -96 97 fffc2df3 1
0 0 1 -128 -105 fffc0993 1
0 0 1 -104 26 fffc3e13 1
0 0 1 -79 -52 fffc3383 1
0 0 1 123 93 fffc438f 1
0 0 1 -25 -101 fffc703e 1
0 0 1 -66 35 fffc7a1b 1
0 0 1 59 87 fffc7115 1
0 0 1 -62 78 fffc8522 1
0 0 1 33 5 fffc723e 1
0 0 0 37 -83 fffc72e3 1
0 0 0 -49 72 fffc72e3 0
