1 0 0 0 0 00000000 0
1 0 0 0 0 00000000 0
1 0 0 0 0 00000000 0
0 0 1 -82 0 00000000 0
0 0 1 0 82 00000000 1
0 0 1 103 0 00000000 1
0 0 1 0 -34 00000000 1
0 0 1 0 -87 00000000 1
0 0 1 -10 0 00000000 1
0 0 1 69 0 00000000 1
0 0 1 -123 0 00000000 1
0 0 1 0 21 00000000 1
0 0 1 -96 0 00000000 1
0 0 1 -2 0 00000000 1
0 0 1 119 0 00000000 1
0 0 1 0 32 00000000 1
0 0 1 0 -34 00000000 1
0 0 1 0 87 00000000 1
0 0 1 0 110 00000000 1
0 0 1 84 0 00000000 1
0 0 1 -49 0 00000000 1
0 0 1 112 0 00000000 1
0 0 1 0 80 00000000 1
0 0 1 -71 0 00000000 1
0 0 1 0 -84 00000000 1
0 0 1 0 107 00000000 1
0 0 1 78 0 00000000 1
0 0 1 -55 0 00000000 1
0 0 1 42 0 00000000 1
0 0 1 -82 0 00000000 1
0 0 1 0 30 00000000 1
0 0 1 -107 0 00000000 1
0 0 1 126 0 00000000 1
0 0 1 0 -48 00000000 1
0 0 1 0 -71 00000000 1
0 0 1 0 -53 00000000 1
0 0 1 53 0 00000000 1
0 0 1 0 114 00000000 1
0 0 1 -60 0 00000000 1
0 0 1 0 59 00000000 1
0 0 1 -54 0 00000000 1
0 0 1 27 0 00000000 1
0 0 1 -88 0 00000000 1
0 0 1 -77 0 00000000 1
0 0 1 -57 0 00000000 1
0 0 1 -82 0 00000000 1
0 0 1 63 0 00000000 1
0 0 1 -41 0 00000000 1
0 0 1 0 81 00000000 1
0 0 1 40 0 00000000 1
0 0 1 102 0 00000000 1
0 0 1 0 -117 00000000 1
0 0 1 111 0 00000000 1
0 0 1 0 -121 00000000 1
0 0 1 0 45 00000000 1
0 0 1 0 76 00000000 1
0 0 1 0 39 00000000 1
0 0 1 79 0 00000000 1
0 0 1 0 36 00000000 1
0 0 1 0 41 00000000 1
0 0 1 76 0 00000000 1
0 0 1 0 119 00000000 1
0 0 1 0 110 00000000 1
0 0 1 0 45 00000000 1
0 0 1 1 0 00000000 1
0 0 1 -97 0 00000000 1
0 0 1 98 0 00000000 1
0 0 1 0 57 00000000 1
0 0 1 98 0 00000000 1
0 0 1 0 -8 00000000 1
0 0 1 0 105 00000000 1
0 0 1 0 5 00000000 1
0 0 1 0 -47 00000000 1
0 0 1 -88 0 00000000 1
0 0 1 -58 0 00000000 1
0 0 1 0 97 00000000 1
0 0 1 -128 0 00000000 1
0 0 1 85 0 00000000 1
0 0 1 39 0 00000000 1
0 0 1 59 0 00000000 1
0 0 1 0 66 00000000 1
0 0 1 86 0 00000000 1
0 0 1 -7 0 00000000 1
0 0 1 0 80 00000000 1
0 0 1 0 -89 00000000 1
0 0 1 20 0 00000000 1
0 0 1 -66 0 00000000 1
0 0 1 -37 0 00000000 1
0 0 1 0 43 00000000 1
0 0 1 -90 0 00000000 1
0 0 1 -72 0 00000000 1
0 0 1 73 0 00000000 1
0 0 1 37 0 00000000 1
0 0 1 0 -120 00000000 1
0 0 1 -36 0 00000000 1
0 0 1 -109 0 00000000 1
0 0 1 0 -58 00000000 1
0 0 1 100 0 00000000 1
0 0 1 -104 0 00000000 1
0 0 1 -24 0 00000000 1
0 0 1 0 101 00000000 1
0 0 1 0 37 00000000 1
0 0 1 126 0 00000000 1
0 0 1 45 -46 00000000 1
0 0 1 -102 -111 fffff7ea 1
0 0 1 15 -44 00002424 1
0 0 1 83 93 00002190 1
0 0 1 -48 -35 00003fb7 1
0 0 1 -123 -111 00004647 1
0 0 1 90 -30 00007b9c 1
0 0 1 24 -44 00007110 1
0 0 1 73 -93 00006cf0 1
0 0 1 121 95 0000526b 1
0 0 1 125 -21 00007f52 1
0 0 1 -95 106 00007511 1
0 0 1 48 71 00004dbb 1
0 0 1 47 -122 00005b0b 1
0 0 1 81 104 000044a5 1
0 0 1 -115 39 0000658d 1
0 0 1 -118 69 00005408 1
0 0 1 -75 76 0000343a 1
0 0 1 -89 -46 00001df6 1
0 0 1 102 33 00002df4 1
0 0 1 120 -76 00003b1a 1
0 0 1 40 56 0000177a 1
0 0 1 -87 80 0000203a 1
0 0 1 -63 23 0000050a 1
0 0 1 28 58 ffffff61 1
0 0 1 -72 -13 000005b9 1
0 0 1 55 -108 00000961 1
0 0 1 50 -122 fffff22d 1
0 0 1 -125 40 ffffda59 1
0 0 1 -79 93 ffffc6d1 1
0 0 1 123 -7 ffffaa1e 1
0 0 1 9 -86 ffffa6c1 1
0 0 1 93 69 ffffa3bb 1
0 0 1 -122 -47 ffffbccc 1
0 0 1 -31 20 ffffd332 1
0 0 1 68 -122 ffffd0c6 1
0 0 1 -85 -51 ffffb05e 1
0 0 1 105 15 ffffc14d 1
0 0 1 67 15 ffffc774 1
0 0 1 -120 113 ffffcb61 1
0 0 1 68 -88 ffff9669 1
0 0 1 -48 96 ffff7f09 1
0 0 1 124 -90 ffff6d09 1
0 0 1 5 -89 ffff4171 1
0 0 1 -61 51 ffff3fb4 1
0 0 1 77 17 ffff338d 1
0 0 1 -60 13 ffff38aa 1
0 0 1 126 82 ffff359e 1
0 0 1 105 118 ffff5dfa 1
0 0 1 87 61 ffff8e60 1
0 0 1 -50 124 ffffa31b 1
0 0 1 -64 -70 ffff8ae3 1
0 0 1 123 -90 ffff9c63 1
0 0 1 34 121 ffff7125 1
0 0 1 -88 -75 ffff8137 1
0 0 1 -81 72 ffff9aff 1
0 0 1 36 69 ffff8437 1
0 0 1 -55 -81 ffff8deb 1
0 0 1 112 -11 ffff9f52 1
0 0 1 37 -110 ffff9a82 1
0 0 1 4 34 ffff8a9c 1
0 0 1 -64 65 ffff8b24 1
0 0 1 -120 112 ffff7ae4 1
0 0 1 51 82 ffff4664 1
0 0 1 22 -45 ffff56ba 1
0 0 1 41 -115 ffff52dc 1
0 0 1 -93 -70 ffff4071 1
0 0 1 -38 -95 ffff59df 1
0 0 1 92 54 ffff67f9 1
0 0 1 -82 45 ffff7b61 1
0 0 1 -72 101 ffff6cf7 1
0 0 1 122 89 ffff508f 1
0 0 1 -59 97 ffff7af9 1
0 0 1 112 -60 ffff649e 1
0 0 1 -93 111 ffff4a5e 1
0 0 1 -50 -6 ffff220b 1
0 0 1 -44 68 ffff2337 1
0 0 1 -43 -62 ffff1787 1
0 0 1 -45 118 ffff21f1 1
0 0 1 68 53 ffff0d33 1
0 0 1 -14 -96 ffff1b47 1
0 0 1 -97 50 ffff2087 1
0 0 1 -121 126 ffff0d95 1
0 0 1 105 2 fffed207 1
0 0 1 -94 17 fffed2d9 1
0 0 1 42 -2 fffecc9b 1
0 0 1 -108 109 fffecc47 1
0 0 1 35 98 fffe9e4b 1
0 0 1 56 108 fffeabb1 1
0 0 1 -84 55 fffec351 1
0 0 1 61 -43 fffeb145 1
0 0 1 83 -112 fffea706 1
0 0 1 63 51 fffe82b6 1
0 0 1 113 113 fffe8f43 1
0 0 1 75 22 fffec124 1
0 0 1 -32 -117 fffec796 1
0 0 1 78 100 fffed636 1
0 0 1 -105 71 fffef4ae 1
0 0 1 -12 2 fffed78f 1
0 0 1 53 -40 fffed777 1
0 0 1 -13 -2 fffecf2f 1
0 0 1 113 -119 fffecf49 1
0 0 1 86 16 fffe9ac2 1
0 0 1 124 -101 fffea022 1
0 0 1 30 -46 fffe6f36 1
0 0 1 126 44 fffe69d2 1
0 0 1 -85 -20 fffe7f7a 1
0 0 1 9 48 fffe861e 1
0 0 1 34 -4 fffe87ce 1
0 0 1 -39 -33 fffe8746 1
0 0 1 -120 12 fffe8c4d 1
0 0 1 -4 -56 fffe86ad 1
0 0 1 100 15 fffe878d 1
0 0 1 -116 16 fffe8d69 1
0 0 1 96 64 fffe8629 1
0 0 1 3 -62 fffe9e29 1
0 0 1 -34 -9 fffe9d6f 1
0 0 1 64 113 fffe9ea1 1
0 0 1 -101 -127 fffebae1 1
0 0 1 -115 80 fffeecfc 1
0 0 1 -109 -10 fffec90c 1
0 0 1 29 17 fffecd4e 1
0 0 1 -87 -2 fffecf3b 1
0 0 1 57 3 fffecfe9 1
0 0 1 5 125 fffed094 1
0 0 1 -69 122 fffed305 1
0 0 1 80 -70 fffeb223 1
0 0 1 -23 -11 fffe9c43 1
0 0 1 91 5 fffe9d40 1
0 0 1 -81 -72 fffe9f07 1
0 0 1 -16 -26 fffeb5cf 1
0 0 1 53 -32 fffeb76f 1
0 0 1 83 -63 fffeb0cf 1
0 0 1 79 -56 fffe9c62 1
0 0 1 -106 -81 fffe8b1a 1
0 0 1 28 -53 fffeaca4 1
0 0 1 98 -2 fffea6d8 1
0 0 1 -41 13 fffea614 1
0 0 1 5 -13 fffea3ff 1
0 0 1 -20 25 fffea3be 1
0 0 1 95 97 fffea1ca 1
0 0 1 7 -122 fffec5c9 1
0 0 1 6 89 fffec273 1
0 0 1 -102 122 fffec489 1
0 0 1 123 -36 fffe93ed 1
0 0 1 37 66 fffe82a1 1
0 0 1 -120 -67 fffe8c2b 1
0 0 1 111 -105 fffeab93 1
0 0 1 86 -110 fffe7e0c 1
0 0 1 59 38 fffe5918 1
0 0 1 -76 65 fffe61da 1
0 0 1 52 -49 fffe4e8e 1
0 0 1 123 -109 fffe449a 1
0 0 1 127 17 fffe103b 1
0 0 1 -102 -85 fffe18aa 1
0 0 1 20 105 fffe3a88 1
0 0 1 91 8 fffe42bc 1
0 0 1 -107 106 fffe4594 1
0 0 1 78 -77 fffe1946 1
0 0 1 20 109 fffe01d0 1
0 0 1 107 -38 fffe0a54 1
0 0 1 105 -7 fffdfa72 1
0 0 1 -100 41 fffdf793 1
0 0 1 -104 -105 fffde78f 1
0 0 1 39 55 fffe1237 1
0 0 1 -3 -41 fffe1a98 1
0 0 1 118 -39 fffe1b13 1
0 0 1 11 54 fffe0919 1
0 0 1 -51 126 fffe0b6b 1
0 0 1 28 65 fffdf251 1
0 0 1 90 121 fffdf96d 1
0 0 1 94 51 fffe23f7 1
0 0 1 -18 -109 fffe36b1 1
0 0 1 43 106 fffe3e5b 1
0 0 1 -16 75 fffe5029 1
0 0 1 -75 -80 fffe4b79 1
0 0 1 55 29 fffe62e9 1
0 0 1 75 24 fffe6924 1
0 0 1 -89 53 fffe702c 1
0 0 1 -68 -126 fffe5dbf 1
0 0 1 49 117 fffe7f37 1
0 0 1 -76 -18 fffe959c 1
0 0 1 33 -21 fffe9af4 1
0 0 1 95 -59 fffe983f 1
0 0 1 -67 72 fffe825a 1
0 0 1 62 -77 fffe6f82 1
0 0 1 52 -65 fffe5cdc 1
0 0 1 -8 4 fffe4fa8 1
0 0 1 78 -96 fffe4f88 1
0 0 1 -39 15 fffe3248 1
0 0 1 -99 -26 fffe2fff 1
0 0 1 34 -96 fffe3a0d 1
0 0 1 -84 69 fffe2d4d 1
0 0 1 -23 110 fffe16a9 1
0 0 1 -76 -59 fffe0cc7 1
0 0 1 76 39 fffe1e4b 1
0 0 1 9 -74 fffe29df 1
0 0 1 94 46 fffe2745 1
0 0 1 -84 -50 fffe3829 1
0 0 1 80 -81 fffe4891 1
0 0 1 -48 33 fffe2f41 1
0 0 1 77 78 fffe2911 1
0 0 1 110 29 fffe4087 1
0 0 1 -93 97 fffe4cfd 1
0 0 1 59 -5 fffe29c0 1
0 0 1 77 81 fffe2899 1
0 0 1 -16 21 fffe40f6 1
0 0 1 73 -44 fffe3fa6 1
0 0 1 111 -68 fffe331a 1
0 0 1 41 52 fffe159e 1
0 0 1 -39 -16 fffe1df2 1
0 0 1 -118 34 fffe2062 1
0 0 1 -34 111 fffe10b6 1
0 0 1 70 -107 fffe01f8 1
0 0 1 94 -89 fffde4b6 1
0 0 1 34 -105 fffdc408 1
0 0 1 -92 -85 fffdb616 1
0 0 1 37 79 fffdd4a2 1
0 0 1 125 -103 fffde00d 1
0 0 1 118 75 fffdadc2 1
0 0 1 52 -106 fffdd054 1
0 0 1 26 -126 fffdbacc 1
0 0 1 -31 68 fffdae00 1
0 0 1 -10 -44 fffda5c4 1
0 0 1 21 -109 fffda77c 1
0 0 1 -22 116 fffd9e8b 1
0 0 1 -17 -27 fffd9493 1
0 0 1 36 -21 fffd965e 1
0 0 1 40 -76 fffd936a 1
0 0 1 -98 50 fffd878a 1
0 0 1 -58 71 fffd7466 1
0 0 1 48 82 fffd6450 1
0 0 1 32 126 fffd73b0 1
0 0 1 103 29 fffd8370 1
0 0 1 27 43 fffd8f1b 1
0 0 1 38 56 fffd93a4 1
0 0 1 25 83 fffd9bf4 1
0 0 1 -51 -94 fffda40f 1
0 0 1 68 -42 fffdb6c9 1
0 0 1 -42 114 fffdaba1 1
0 0 1 -27 64 fffd98ed 1
0 0 1 -54 -65 fffd922d 1
0 0 1 -2 -82 fffd9fe3 1
0 0 1 -76 -104 fffda087 1
0 0 1 49 68 fffdbf67 1
0 0 1 3 109 fffdcc6b 1
0 0 1 92 -31 fffdcdb2 1
0 0 1 -55 -25 fffdc28e 1
0 0 1 -75 -103 fffdc7ed 1
0 0 1 -62 18 fffde61a 1
0 0 1 7 90 fffde1be 1
0 0 1 -59 -46 fffde434 1
0 0 1 -101 -67 fffdeece 1
0 0 1 -103 -117 fffe093d 1
0 0 1 -120 5 fffe3850 1
0 0 1 -53 104 fffe35f8 1
0 0 1 9 -69 fffe2070 1
0 0 1 127 -125 fffe1e03 1
0 0 1 5 33 fffde000 1
0 0 1 51 -103 fffde0a5 1
0 0 1 -9 75 fffdcc20 1
0 0 1 -99 29 fffdc97d 1
0 0 1 28 -77 fffdbe46 1
0 0 1 91 -5 fffdb5da 1
0 0 1 -27 -115 fffdb413 1
0 0 1 -60 -43 fffdc034 1
0 0 1 30 114 fffdca48 1
0 0 1 28 39 fffdd7a4 1
0 0 1 -23 -91 fffddbe8 1
0 0 1 79 -35 fffde415 1
0 0 1 -67 8 fffdd948 1
0 0 1 99 -32 fffdd730 1
0 0 1 82 107 fffdcad0 1
0 0 1 63 15 fffded16 1
0 0 1 81 -41 fffdf0c7 1
0 0 1 110 122 fffde3ce 1
0 0 1 23 5 fffe183a 1
0 0 1 -84 68 fffe18ad 1
0 0 1 80 -63 fffe025d 1
0 0 1 81 -41 fffdeead 1
0 0 1 -120 -21 fffde1b4 1
0 0 1 -115 -71 fffdeb8c 1
0 0 1 59 -32 fffe0b71 1
0 0 1 -74 91 fffe0411 1
0 0 1 102 60 fffde9c3 1
0 0 1 -121 99 fffe01ab 1
0 0 1 51 -70 fffdd2e0 1
0 0 1 28 -105 fffdc4ee 1
0 0 1 -63 8 fffdb972 1
0 0 1 121 78 fffdb77a 1
0 0 1 124 -48 fffddc58 1
0 0 1 -89 14 fffdc518 1
0 0 1 -86 75 fffdc03a 1
0 0 1 -42 -90 fffda708 1
0 0 1 -64 36 fffdb5cc 1
0 0 1 -17 -94 fffdaccc 1
0 0 1 -30 -103 fffdb30a 1
0 0 1 30 -117 fffdbf1c 1
0 0 1 -101 -31 fffdb166 1
0 0 1 41 -82 fffdbda1 1
0 0 1 97 -106 fffdb07f 1
0 0 1 77 64 fffd8855 1
0 0 1 46 67 fffd9b95 1
0 0 1 68 -61 fffda79f 1
0 0 1 75 -53 fffd976b 1
0 0 1 100 114 fffd87e4 1
0 0 1 -91 -20 fffdb46c 1
0 0 1 -79 34 fffdbb88 1
0 0 1 -96 -13 fffdb10a 1
0 0 1 23 -99 fffdb5ea 1
0 0 1 -84 92 fffdad05 1
0 0 1 -32 -119 fffd8ed5 1
0 0 1 44 49 fffd9db5 1
0 0 1 -119 8 fffda621 1
0 0 1 23 -53 fffda269 1
0 0 1 -110 15 fffd9da6 1
0 0 1 -59 -91 fffd9734 1
0 0 1 -6 75 fffdac2d 1
0 0 1 -122 36 fffdaa6b 1
0 0 1 33 -73 fffd9943 1
0 0 1 -72 -37 fffd8fda 1
0 0 1 48 113 fffd9a42 1
0 0 1 -84 49 fffdaf72 1
0 0 1 116 91 fffd9f5e 1
0 0 1 35 82 fffdc89a 1
0 0 1 -69 106 fffdd3d0 1
0 0 1 83 42 fffdb73e 1
0 0 1 -85 -59 fffdc4dc 1
0 0 1 -107 -84 fffdd873 1
0 0 1 -99 82 fffdfb8f 1
0 0 1 -85 -31 fffddbd9 1
0 0 1 -2 -64 fffde624 1
0 0 1 -1 76 fffde6a4 1
0 0 1 8 2 fffde658 1
0 0 1 -117 -92 fffde668 1
0 0 1 41 -126 fffe1074 1
0 0 1 90 -67 fffdfc46 1
0 0 1 124 -64 fffde4b8 1
0 0 1 -21 -29 fffdc5b8 1
0 0 1 -95 -6 fffdc819 1
0 0 1 -99 -32 fffdca53 1
0 0 1 -35 30 fffdd6b3 1
0 0 1 86 -29 fffdd299 1
0 0 1 -107 -63 fffdc8db 1
0 0 1 40 108 fffde330 1
0 0 1 118 100 fffdf410 1
0 0 1 95 -4 fffe2228 1
0 0 1 10 -14 fffe20ac 1
0 0 1 29 91 fffe2020 1
0 0 1 -24 18 fffe2a6f 1
0 0 1 -18 9 fffe28bf 1
0 0 1 -109 60 fffe281d 1
0 0 1 -10 -82 fffe0e91 1
0 0 1 24 49 fffe11c5 1
0 0 1 -44 82 fffe165d 1
0 0 1 35 48 fffe0845 1
0 0 1 68 99 fffe0ed5 1
0 0 1 102 35 fffe2921 1
0 0 1 22 81 fffe3713 1
0 0 1 17 125 fffe3e09 1
0 0 1 19 114 fffe4656 1
0 0 1 113 55 fffe4ecc 1
0 0 1 -89 -90 fffe6713 1
0 0 1 84 -106 fffe865d 1
0 0 1 -37 -80 fffe6395 1
0 0 1 -56 25 fffe6f25 1
0 0 1 -77 40 fffe69ad 1
0 0 1 -91 -27 fffe5da5 1
0 0 1 123 -40 fffe673e 1
0 0 1 -122 8 fffe5406 1
0 0 1 -128 -101 fffe5036 1
0 0 1 -82 79 fffe82b6 1
0 0 1 122 103 fffe6968 1
0 0 1 -68 32 fffe9a7e 1
0 0 1 -56 -48 fffe91fe 1
0 0 1 -12 17 fffe9c7e 1
0 0 1 -123 99 fffe9bb2 1
0 0 1 89 102 fffe6c21 1
0 0 1 -43 49 fffe8f97 1
0 0 1 -34 -84 fffe875c 1
0 0 1 48 -75 fffe9284 1
0 0 1 -96 -95 fffe8474 1
0 0 1 -84 20 fffea814 1
0 0 1 106 41 fffea184 1
0 0 1 -6 23 fffeb27e 1
0 0 1 124 24 fffeb1f4 1
0 0 1 14 -50 fffebd94 1
0 0 1 115 32 fffebad8 1
0 0 1 -15 -39 fffec938 1
0 0 1 -52 -61 fffecb81 1
0 0 1 120 -56 fffed7e5 1
0 0 1 67 -9 fffebda5 1
0 0 1 -87 115 fffebb4a 1
0 0 1 40 51 fffe9435 1
0 0 1 -45 13 fffe9c2d 1
0 0 1 -52 96 fffe99e4 1
0 0 1 -118 -31 fffe8664 1
0 0 1 -38 112 fffe94ae 1
0 0 1 12 70 fffe840e 1
0 0 1 106 -117 fffe8756 1
0 0 1 83 -122 fffe56e4 1
0 0 1 -85 99 fffe2f56 1
0 0 1 30 -65 fffe0e77 1
0 0 1 -123 -116 fffe06d9 1
0 0 1 41 47 fffe3e95 1
0 0 1 -79 1 fffe461c 1
0 0 1 76 122 fffe45cd 1
0 0 1 -64 -66 fffe6a05 1
0 0 1 122 14 fffe7a85 1
0 0 1 -110 -4 fffe8131 1
0 0 1 -90 -58 fffe82e9 1
0 0 1 92 -105 fffe974d 1
0 0 1 8 108 fffe7191 1
0 0 1 -73 114 fffe74f1 1
0 0 1 112 -81 fffe546f 1
0 0 1 55 -128 fffe30ff 1
0 0 1 45 -42 fffe157f 1
0 0 1 58 58 fffe0e1d 1
0 0 1 91 -118 fffe1b41 1
0 0 1 60 -61 fffdf14f 1
0 0 1 -22 -51 fffde303 1
0 0 1 30 -54 fffde765 1
0 0 1 45 -122 fffde111 1
0 0 1 58 -55 fffdcb9f 1
0 0 1 43 65 fffdbf29 1
0 0 1 75 41 fffdca14 1
0 0 1 -85 -64 fffdd617 1
0 0 1 120 72 fffdeb57 1
0 0 1 118 -65 fffe0d17 1
0 0 1 73 -75 fffdef21 1
0 0 1 100 102 fffdd9be 1
0 0 1 -84 -79 fffe0196 1
0 0 1 60 97 fffe1b82 1
0 0 1 -127 -106 fffe323e 1
0 0 1 42 92 fffe66d4 1
0 0 1 85 -107 fffe75ec 1
0 0 1 -56 3 fffe5265 1
0 0 1 100 48 fffe51bd 1
0 0 1 35 -119 fffe647d 1
0 0 1 -25 -47 fffe5438 1
0 0 1 -67 -11 fffe58cf 1
0 0 1 -42 60 fffe5bb0 1
0 0 1 53 -71 fffe51d8 1
0 0 1 2 -53 fffe4325 1
0 0 1 -10 23 fffe42bb 1
0 0 1 -61 -65 fffe41d5 1
0 0 1 84 100 fffe5152 1
0 0 1 57 -54 fffe7222 1
0 0 1 -92 -99 fffe661c 1
0 0 1 76 -101 fffe89b0 1
0 0 1 17 -60 fffe6bb4 1
0 0 1 74 62 fffe67b8 1
0 0 1 -57 -59 fffe79a4 1
0 0 1 11 46 fffe86c7 1
0 0 1 -2 -83 fffe88c1 1
0 0 1 101 119 fffe8967 1
0 0 1 1 16 fffeb85a 1
0 0 1 -68 72 fffeb86a 1
0 0 1 98 -113 fffea54a 1
0 0 1 -13 -19 fffe7a08 1
0 0 1 97 -27 fffe7aff 1
0 0 1 104 29 fffe70c4 1
0 0 1 113 -109 fffe7c8c 1
0 0 1 -86 -36 fffe4c6f 1
0 0 1 7 -9 fffe5887 1
0 0 1 93 -126 fffe5848 1
0 0 1 99 33 fffe2a82 1
0 0 1 1 -55 fffe3745 1
0 0 1 4 37 fffe370e 1
0 0 1 105 1 fffe37a2 1
0 0 1 -27 -88 fffe380b 1
0 0 1 -29 16 fffe4153 1
0 0 1 75 108 fffe3f83 1
0 0 1 82 -41 fffe5f27 1
0 0 1 97 114 fffe5205 1
0 0 1 57 99 fffe7d37 1
0 0 1 81 -18 fffe9342 1
0 0 1 -16 -29 fffe8d90 1
0 0 1 -65 37 fffe8f60 1
0 0 1 16 24 fffe85fb 1
0 0 1 -44 -124 fffe877b 1
0 0 1 95 77 fffe9ccb 1
0 0 1 114 20 fffeb95e 1
0 0 1 67 124 fffec246 1
0 0 1 35 -62 fffee2ba 1
0 0 1 78 -38 fffeda40 1
0 0 1 -124 59 fffeceac 1
0 0 1 -59 -15 fffeb218 1
0 0 1 108 -55 fffeb58d 1
0 0 1 -69 124 fffe9e59 1
0 0 1 24 25 fffe7ced 1
0 0 1 -52 91 fffe7f45 1
0 0 1 67 -28 fffe6cc9 1
0 0 1 -109 -55 fffe6575 1
0 0 1 104 -40 fffe7ce0 1
0 0 1 -118 -43 fffe6ca0 1
0 0 1 -56 52 fffe8072 1
0 0 1 -30 -102 fffe7512 1
0 0 1 -1 67 fffe8106 1
0 0 1 19 86 fffe80c3 1
0 0 1 26 -122 fffe8725 1
0 0 1 -114 -51 fffe7ac1 1
0 0 1 -55 -56 fffe9177 1
0 0 1 -43 102 fffe9d7f 1
0 0 1 -32 -118 fffe8c5d 1
0 0 1 60 38 fffe9b1d 1
0 0 1 -54 -119 fffea405 1
0 0 1 33 -110 fffebd1f 1
0 0 1 -99 112 fffeaef1 1
0 0 1 82 -10 fffe83a1 1
0 0 1 -4 -23 fffe806d 1
0 0 1 42 -59 fffe80c9 1
0 0 1 3 -71 fffe771b 1
0 0 1 -36 83 fffe7646 1
0 0 1 -126 126 fffe6a9a 1
0 0 1 90 -93 fffe2c96 1
0 0 1 83 31 fffe0be4 1
0 0 1 -45 82 fffe15f1 1
0 0 1 23 -82 fffe0787 1
0 0 1 30 -107 fffe0029 1
0 0 1 91 42 fffdf39f 1
0 0 1 23 50 fffe028d 1
0 0 1 -37 -62 fffe070b 1
0 0 1 -72 -11 fffe1001 1
0 0 1 83 37 fffe1319 1
0 0 1 -64 -121 fffe1f18 1
0 0 1 78 -110 fffe3d58 1
0 0 1 2 118 fffe1bd4 1
0 0 1 -63 -91 fffe1cc0 1
0 0 1 29 72 fffe3325 1
0 0 1 39 -82 fffe3b4d 1
0 0 1 48 8 fffe2ecf 1
0 0 1 -41 -42 fffe304f 1
0 0 1 93 5 fffe3709 1
0 0 1 52 84 fffe38da 1
0 0 1 -44 87 fffe49ea 1
0 0 1 62 51 fffe3af6 1
0 0 1 47 9 fffe4750 1
0 0 1 87 10 fffe48f7 1
0 0 1 -97 -45 fffe4c5d 1
0 0 1 3 25 fffe5d6a 1
0 0 1 -46 115 fffe5db5 1
0 0 1 -71 -123 fffe490b 1
0 0 1 10 55 fffe6b28 1
0 0 1 -95 -23 fffe6d4e 1
0 0 1 -107 -18 fffe75d7 1
0 0 1 -23 -39 fffe7d5d 1
0 0 1 -81 106 fffe80de 1
0 0 1 44 20 fffe5f54 1
0 0 1 -43 -74 fffe62c4 1
0 0 1 89 70 fffe6f32 1
0 0 1 -123 -7 fffe8788 1
0 0 1 -92 -103 fffe8ae5 1
0 0 1 80 -65 fffeafe9 1
0 0 1 45 24 fffe9b99 1
0 0 1 -34 -80 fffe9fd1 1
0 0 1 92 119 fffeaa71 1
0 0 1 35 -96 fffed535 1
0 0 1 -107 7 fffec815 1
0 0 1 -66 -41 fffec528 1
0 0 1 80 60 fffecfba 1
0 0 1 47 22 fffee27a 1
0 0 1 -108 -46 fffee684 1
0 0 1 -11 -60 fffef9ec 1
0 0 1 116 -39 fffefc80 1
0 0 1 -49 -70 fffeead4 1
0 0 1 94 81 fffef83a 1
0 0 1 -74 -85 ffff15f8 1
0 0 1 57 109 ffff2e8a 1
0 0 1 -121 -112 ffff46cf 1
0 0 1 122 4 ffff7bbf 1
0 0 1 99 -42 ffff7da7 1
0 0 1 6 127 ffff6d69 1
0 0 1 -84 -4 ffff7063 1
0 0 1 26 -73 ffff71b3 1
0 0 1 123 110 ffff6a49 1
0 0 1 -33 -32 ffff9f23 1
0 0 1 77 -36 ffffa343 1
0 0 1 -17 -98 ffff986f 1
0 0 1 -8 -128 ffff9ef1 1
0 0 1 42 -92 ffffa2f1 1
0 0 1 39 20 ffff93d9 1
0 0 1 4 -3 ffff96e5 1
0 0 1 43 61 ffff96d9 1
0 0 1 6 -83 ffffa118 1
0 0 1 103 -104 ffff9f26 1
0 0 1 109 -127 ffff754e 1
0 0 1 86 92 ffff3f3b 1
0 0 1 -11 -96 ffff5e23 1
0 0 1 -9 37 ffff6243 1
0 0 1 19 107 ffff60f6 1
0 0 1 -127 -62 ffff68e7 1
0 0 1 42 43 ffff87a9 1
0 0 1 86 -126 ffff8eb7 1
0 0 1 -61 -108 ffff6463 1
0 0 1 -82 28 ffff7e1f 1
0 0 1 -60 59 ffff7527 1
0 0 1 97 13 ffff6753 1
0 0 1 127 -20 ffff6c40 1
0 0 1 -101 116 ffff6254 1
0 0 1 84 -63 ffff3490 1
0 0 1 -31 -114 ffff1fe4 1
0 0 1 42 28 ffff2db2 1
0 0 1 49 91 ffff324a 1
0 0 1 -27 -121 ffff43b5 1
0 0 1 89 119 ffff5078 1
0 0 1 95 -28 ffff79d7 1
0 0 1 -40 102 ffff6f73 1
0 0 1 -60 -103 ffff5f83 1
0 0 1 -99 27 ffff77a7 1
0 0 1 -7 58 ffff6d36 1
0 0 1 -20 -110 ffff6ba0 1
0 0 1 -112 -29 ffff7438 1
0 0 1 -38 -9 ffff80e8 1
0 0 1 88 8 ffff823e 1
0 0 1 78 14 ffff84fe 1
0 0 1 48 -120 ffff8942 1
0 0 1 32 91 ffff72c2 1
0 0 1 40 -59 ffff7e22 1
0 0 1 -84 -82 ffff74ea 1
0 0 1 27 11 ffff8fd2 1
0 0 1 87 -110 ffff90fb 1
0 0 1 104 -8 ffff6b99 1
0 0 1 10 94 ffff6859 1
0 0 1 111 -19 ffff6c05 1
0 0 1 89 52 ffff63c8 1
0 0 1 41 69 ffff75dc 1
0 0 1 56 81 ffff80e9 1
0 0 1 93 31 ffff92a1 1
0 0 1 -68 126 ffff9de4 1
0 0 1 64 -86 ffff7c6c 1
0 0 1 -113 43 ffff66ec 1
0 0 1 60 106 ffff53f1 1
0 0 1 -23 13 ffff6cc9 1
0 0 1 -38 -52 ffff6b9e 1
0 0 1 -38 -11 ffff7356 1
0 0 1 71 -74 ffff74f8 1
0 0 1 -67 104 ffff6072 1
0 0 1 -79 7 ffff453a 1
0 0 1 -124 35 ffff4311 1
0 0 1 113 -83 ffff321d 1
0 0 1 96 3 ffff0d7a 1
0 0 1 66 87 ffff0e9a 1
0 0 1 -6 46 ffff2508 1
0 0 1 69 115 ffff23f4 1
0 0 1 107 -28 ffff42f3 1
0 0 1 -2 47 ffff373f 1
0 0 1 -10 -99 ffff36e1 1
0 0 1 98 -63 ffff3abf 1
0 0 1 76 80 ffff22a1 1
0 0 1 -69 37 ffff3a61 1
0 0 1 -126 98 ffff3068 1
0 0 1 -33 18 ffff002c 1
0 0 1 -113 1 fffefdda 1
0 0 1 60 -109 fffefd69 1
0 0 1 65 -46 fffee3dd 1
0 0 1 72 40 fffed82f 1
0 0 1 3 -17 fffee36f 1
0 0 1 -44 -21 fffee33c 1
0 0 1 -36 -126 fffee6d8 1
0 0 1 -15 -25 fffef890 1
0 0 1 -87 108 fffefa07 1
0 0 1 50 36 fffed553 1
0 0 1 39 123 fffedc5b 1
0 0 1 -34 115 fffeef18 1
0 0 1 25 69 fffedfd2 1
0 0 1 70 -105 fffee68f 1
0 0 1 -118 68 fffec9d9 1
0 0 1 44 -39 fffeaa81 1
0 0 1 101 -64 fffea3cd 1
0 0 1 -105 -82 fffe8a8d 1
0 0 1 124 -87 fffeac2f 1
0 0 1 76 96 fffe820b 1
0 0 1 63 -111 fffe9e8b 1
0 0 1 -46 118 fffe833a 1
0 0 1 -62 98 fffe6e06 1
0 0 1 20 -81 fffe564a 1
0 0 1 9 -102 fffe4ff6 1
0 0 1 16 -13 fffe4c60 1
0 0 1 -119 -44 fffe4b90 1
0 0 1 -3 -111 fffe6004 1
0 0 1 73 84 fffe6151 1
0 0 1 8 78 fffe7945 1
0 0 1 127 -20 fffe7bb5 1
0 0 1 110 113 fffe71c9 1
0 0 1 5 55 fffea257 1
0 0 1 -108 -25 fffea36a 1
0 0 1 91 -125 fffeadf6 1
0 0 1 116 -53 fffe8187 1
0 0 1 -24 97 fffe6983 1
0 0 1 50 54 fffe606b 1
0 0 1 -21 119 fffe6af7 1
0 0 1 -60 -117 fffe6134 1
0 0 1 7 -80 fffe7ca0 1
0 0 1 41 90 fffe7a70 1
0 0 1 -91 45 fffe88da 1
0 0 1 -96 -122 fffe78db 1
0 0 1 20 36 fffea69b 1
0 0 1 -115 40 fffea96b 1
0 0 1 -116 10 fffe9773 1
0 0 1 -115 -103 fffe92eb 1
0 0 1 -9 40 fffec130 1
0 0 1 76 5 fffebfc8 1
0 0 1 -111 51 fffec144 1
0 0 1 98 98 fffeab27 1
0 0 1 71 4 fffed0ab 1
0 0 1 53 -18 fffed1c7 1
0 0 1 -36 -10 fffece0d 1
0 0 1 74 6 fffecf75 1
0 0 1 99 -94 fffed131 1
0 0 1 -122 120 fffeacd7 1
0 0 1 93 -23 fffe73a7 1
0 0 1 45 29 fffe6b4c 1
0 0 1 9 108 fffe7065 1
0 0 1 47 -96 fffe7431 1
0 0 1 -79 -105 fffe6291 1
0 0 1 36 -59 fffe82f8 1
0 0 1 59 -102 fffe7aac 1
0 0 1 63 -88 fffe632a 1
0 0 1 -6 42 fffe4d82 1
0 0 1 101 -72 fffe4c86 1
0 0 1 60 13 fffe301e 1
0 0 1 -45 -22 fffe332a 1
0 0 1 57 -38 fffe3708 1
0 0 1 -100 -12 fffe2e92 1
0 0 1 -112 1 fffe3342 1
0 0 1 117 -81 fffe32d2 1
0 0 1 126 52 fffe0dcd 1
0 0 1 52 52 fffe2765 1
0 0 1 -99 60 fffe31f5 1
0 0 1 97 29 fffe1ac1 1
0 0 1 99 -112 fffe25be 1
0 0 1 -38 6 fffdfa6e 1
0 0 1 58 31 fffdf98a 1
0 0 1 69 49 fffe0090 1
0 0 1 -15 21 fffe0dc5 1
0 0 1 88 -59 fffe0c8a 1
0 0 1 -119 17 fffdf842 1
0 0 1 -128 -20 fffdf05b 1
0 0 1 59 -111 fffdfa5b 1
0 0 1 -117 -22 fffde0c6 1
0 0 1 76 38 fffdead4 1
0 0 1 -85 -104 fffdf61c 1
0 0 1 40 -89 fffe18a4 1
0 0 1 -73 -113 fffe0abc 1
0 0 1 117 -14 fffe2af5 1
0 0 1 62 -119 fffe248f 1
0 0 1 106 96 fffe07bd 1
0 0 1 -110 -90 fffe2f7d 1
0 0 1 -13 -100 fffe5629 1
0 0 1 64 -88 fffe5b3d 1
0 0 1 82 48 fffe453d 1
0 0 1 -9 -21 fffe549d 1
0 0 1 -63 -28 fffe555a 1
0 0 1 -94 -3 fffe5c3e 1
0 0 1 43 127 fffe5d58 1
0 0 1 -77 95 fffe72ad 1
0 0 1 -89 -123 fffe561a 1
0 0 1 80 -81 fffe80dd 1
0 0 1 -54 -72 fffe678d 1
0 0 1 -60 108 fffe76bd 1
0 0 1 -94 56 fffe5d6d 1
0 0 1 -90 -90 fffe48dd 1
0 0 1 24 42 fffe6881 1
0 0 1 8 -63 fffe6c71 1
0 0 1 81 75 fffe6a79 1
0 0 1 -77 110 fffe8234 1
0 0 1 -106 -82 fffe611e 1
0 0 1 -81 -30 fffe8312 1
0 0 1 28 2 fffe8c90 1
0 0 1 -61 21 fffe8cc8 1
0 0 1 21 -40 fffe87c7 1
0 0 1 -15 5 fffe847f 1
0 0 1 95 76 fffe8434 1
0 0 1 -110 37 fffea068 1
0 0 1 -112 -110 fffe9082 1
0 0 1 1 -21 fffec0a2 1
0 0 1 88 -37 fffec08d 1
0 0 1 -15 -5 fffeb3d5 1
0 0 1 20 68 fffeb420 1
0 0 1 45 -23 fffeb970 1
0 0 1 100 -91 fffeb565 1
0 0 1 -3 82 fffe91d9 1
0 0 1 93 -83 fffe90e3 1
0 0 1 -118 -52 fffe72bc 1
0 0 1 -13 33 fffe8ab4 1
0 0 1 -70 -73 fffe8907 1
0 0 1 1 88 fffe9cfd 1
0 0 1 -49 68 fffe9d55 1
0 0 1 126 49 fffe9051 1
0 0 1 -46 -77 fffea86f 1
0 0 1 118 117 fffeb645 1
0 0 1 -119 -7 fffeec33 1
0 0 1 123 -59 fffeef74 1
0 0 1 47 -37 fffed31b 1
0 0 1 5 -20 fffecc50 1
0 0 1 -20 80 fffecbec 1
0 0 1 10 34 fffec5ac 1
0 0 1 111 -20 fffec700 1
0 0 1 124 -103 fffebe54 1
0 0 1 -64 95 fffe8c70 1
0 0 1 95 -41 fffe74b0 1
0 0 1 125 104 fffe6579 1
0 0 1 75 -114 fffe9841 1
0 0 1 77 -127 fffe76db 1
0 0 1 9 -27 fffe50a8 1
0 0 1 -74 -5 fffe4fb5 1
0 0 1 -127 48 fffe5127 1
0 0 1 101 119 fffe3957 1
0 0 1 -125 -104 fffe684a 1
0 0 1 -72 -43 fffe9b12 1
0 0 1 -116 -113 fffea72a 1
0 0 1 -2 -54 fffeda5e 1
0 0 1 -78 5 fffedaca 1
0 0 1 83 -40 fffed944 1
0 0 1 94 -105 fffecc4c 1
0 0 1 -29 -3 fffea5be 1
0 0 1 -116 -108 fffea615 1
0 0 1 48 89 fffed705 1
0 0 1 -33 92 fffee7b5 1
0 0 1 61 -63 fffedbd9 1
0 0 1 117 -70 fffeccd6 1
0 0 1 8 -117 fffeacd8 1
0 0 1 58 72 fffea930 1
0 0 1 59 -29 fffeb980 1
0 0 1 -79 40 fffeb2d1 1
0 0 1 56 -68 fffea679 1
0 0 1 86 -85 fffe9799 1
0 0 1 121 62 fffe7b0b 1
0 0 1 28 -5 fffe9859 1
0 0 1 -119 44 fffe97cd 1
0 0 1 -27 1 fffe8359 1
0 0 1 23 -75 fffe833e 1
0 0 1 -98 -60 fffe7c81 1
0 0 1 86 -98 fffe9379 1
0 0 1 66 -82 fffe728d 1
0 0 1 11 15 fffe5d69 1
0 0 1 38 -62 fffe5e0e 1
0 0 1 112 -69 fffe54da 1
0 0 1 -28 -93 fffe36aa 1
0 0 1 123 -124 fffe40d6 1
0 0 1 3 35 fffe0542 1
0 0 1 52 7 fffe05ab 1
0 0 1 -4 109 fffe0717 1
0 0 1 4 43 fffe0563 1
0 0 1 117 -57 fffe060f 1
0 0 1 28 24 fffdec02 1
0 0 1 -24 -60 fffdeea2 1
0 0 1 -64 7 fffdf442 1
0 0 1 59 -38 fffdf282 1
0 0 1 -46 -94 fffde9c0 1
0 0 1 -115 -10 fffdfaa4 1
0 0 1 -119 -6 fffdff22 1
0 0 1 83 41 fffe01ec 1
0 0 1 39 -58 fffe0f37 1
0 0 1 -68 -41 fffe0661 1
0 0 1 98 50 fffe1145 1
0 0 1 -87 104 fffe2469 1
0 0 1 24 40 fffe0111 1
0 0 1 80 -115 fffe04d1 1
0 0 1 -15 -124 fffde0e1 1
0 0 1 -122 6 fffde825 1
0 0 1 83 -32 fffde549 1
0 0 1 32 -67 fffddae9 1
0 0 1 58 11 fffdd289 1
0 0 1 -99 122 fffdd507 1
0 0 1 87 -74 fffda5d9 1
0 0 1 33 68 fffd8cb3 1
0 0 1 -113 123 fffd9577 1
0 0 1 -75 49 fffd5f2c 1
0 0 1 124 26 fffd50d1 1
0 0 1 43 -21 fffd5d69 1
0 0 1 -90 -74 fffd59e2 1
0 0 1 86 91 fffd73e6 1
0 0 1 -106 -121 fffd9278 1
0 0 1 78 90 fffdc492 1
0 0 1 16 23 fffddffe 1
0 0 1 -42 -127 fffde16e 1
0 0 1 5 82 fffdf644 1
0 0 1 79 -106 fffdf7de 1
0 0 1 3 26 fffdd728 1
0 0 1 68 -118 fffdd776 1
0 0 1 -30 -26 fffdb81e 1
0 0 1 -62 -90 fffdbb2a 1
0 0 1 -8 102 fffdd0f6 1
0 0 1 71 -95 fffdcdc6 1
0 0 1 -116 48 fffdb36d 1
0 0 1 -24 -7 fffd9dad 1
0 0 1 -77 -11 fffd9e55 1
0 0 1 -93 45 fffda1a4 1
0 0 1 87 -38 fffd914b 1
0 0 1 -33 -32 fffd8461 1
0 0 1 69 -96 fffd8881 1
0 0 1 -126 -65 fffd6ea1 1
0 0 1 117 111 fffd8e9f 1
0 0 1 -124 -94 fffdc15a 1
0 0 1 41 121 fffdeee2 1
0 0 1 126 -68 fffe0243 1
0 0 1 -108 18 fffde0cb 1
0 0 1 -84 -15 fffdd933 1
0 0 0 37 -83 fffdde1f 1
0 0 0 -49 72 fffdde1f 0
