1 0 0 0 0 00000000 0
1 0 0 0 0 00000000 0
1 0 0 0 0 00000000 0
0 0 1 -58 77 00000000 0
0 0 1 47 118 ffffee8e 1
0 0 1 -52 46 00000438 1
0 0 1 -71 -114 fffffae0 1
0 0 1 56 60 00001a7e 1
0 0 1 21 -102 0000279e 1
0 0 1 -47 -69 00001f40 1
0 0 1 28 -91 00002beb 1
0 0 1 -46 -111 000021f7 1
0 0 1 -110 -91 000035e9 1
0 0 1 62 103 00005d03 1
0 0 1 -72 107 000075f5 1
0 0 1 75 66 000057dd 1
0 0 1 8 18 00006b33 1
0 0 1 -6 -66 00006bc3 1
0 0 1 -83 44 00006d4f 1
0 0 1 89 -98 00005f0b 1
0 0 1 -100 -48 00003cf9 1
0 0 1 36 27 00004fb9 1
0 0 1 81 83 00005385 1
0 0 1 -106 -15 00006dc8 1
0 0 1 -26 84 000073fe 1
0 0 1 72 -55 00006b76 1
0 0 1 37 30 00005bfe 1
0 0 1 -83 -125 00006054 1
0 0 1 -27 97 000088db 1
0 0 1 -5 -104 00007ea0 1
0 0 1 78 96 000080a8 1
0 0 1 -114 -108 00009de8 1
0 0 1 30 -87 0000ce00 1
0 0 1 -36 -61 0000c3ce 1
0 0 1 109 89 0000cc62 1
0 0 1 72 -52 0000f247 1
0 0 1 -29 -58 0000e3a7 1
0 0 1 94 -16 0000ea39 1
0 0 1 83 -35 0000e459 1
0 0 1 71 32 0000d900 1
0 0 1 -20 122 0000e1e0 1
0 0 1 8 57 0000d858 1
0 0 1 -43 111 0000da20 1
0 0 1 -128 -84 0000c77b 1
0 0 1 55 121 0000f17b 1
0 0 1 70 30 00010b7a 1
0 0 1 -56 104 000113ae 1
0 0 1 -40 -59 0000fcee 1
0 0 1 -124 4 00010626 1
0 0 1 97 -34 00010436 1
0 0 1 77 16 0000f754 1
0 0 1 -127 -67 0000fc24 1
0 0 1 5 4 00011d61 1
0 0 1 -62 109 00011d75 1
0 0 1 -47 -5 0001030f 1
0 0 1 124 -69 000103fa 1
0 0 1 -119 -71 0000e28e 1
0 0 1 59 84 0001038f 1
0 0 1 55 -101 000116eb 1
0 0 1 -71 -3 00010138 1
0 0 1 -109 100 0001020d 1
0 0 1 -115 -93 0000d779 1
0 0 1 -119 13 00010140 1
0 0 1 95 -34 0000fb35 1
0 0 1 6 8 0000ee97 1
0 0 1 -22 28 0000eec7 1
0 0 1 -111 -113 0000ec5f 1
0 0 1 21 97 00011d5e 1
0 0 1 7 124 00012553 1
0 0 1 30 -1 000128b7 1
0 0 1 -12 -59 00012899 1
0 0 1 -10 -73 00012b5d 1
0 0 1 34 -4 00012e37 1
0 0 1 -39 -13 00012daf 1
0 0 1 7 57 00012faa 1
0 0 1 -4 64 00013139 1
0 0 1 -109 77 00013039 1
0 0 1 10 3 00010f70 1
0 0 1 -71 -3 00010f8e 1
0 0 1 -86 5 00011063 1
0 0 1 -82 29 00010eb5 1
0 0 1 -16 -59 0001056b 1
0 0 1 -77 52 0001091b 1
0 0 1 -7 -98 0000f977 1
0 0 1 70 -113 0000fc25 1
0 0 1 -2 -16 0000dd3f 1
0 0 1 -21 68 0000dd5f 1
0 0 1 103 113 0000d7cb 1
0 0 1 100 -58 00010542 1
0 0 1 -83 -115 0000ee9a 1
0 0 1 17 60 000113e3 1
0 0 1 -2 -9 000117df 1
0 0 1 -106 -8 000117f1 1
0 0 1 12 -76 00011b41 1
0 0 1 -83 38 000117b1 1
0 0 1 -117 0 00010b5f 1
0 0 1 -127 117 00010b5f 1
0 0 1 18 -42 0000d154 1
0 0 1 -50 10 0000ce60 1
0 0 1 83 42 0000cc6c 1
0 0 1 95 -99 0000da0a 1
0 0 1 106 -115 0000b54d 1
0 0 1 127 13 000085af 1
0 0 1 -15 -20 00008c22 1
0 0 1 36 -115 00008d4e 1
0 0 1 21 89 00007d22 1
0 0 1 56 -64 0000846f 1
0 0 1 102 56 0000766f 1
0 0 1 0 34 00008cbf 1
0 0 1 -55 -4 00008cbf 1
0 0 1 63 -112 00008d9b 1
0 0 1 50 30 0000720b 1
0 0 1 39 -114 000077e7 1
0 0 1 -126 89 00006689 1
0 0 1 0 44 00003abb 1
0 0 1 -113 125 00003abb 1
0 0 1 -67 0 0000038e 1
0 0 1 -40 -124 0000038e 1
0 0 1 6 107 000016ee 1
0 0 1 3 53 00001970 1
0 0 1 67 96 00001a0f 1
0 0 1 -93 67 0000332f 1
0 0 1 69 7 00001ad8 1
0 0 1 54 108 00001cbb 1
0 0 1 -81 -93 00003383 1
0 0 1 111 33 000050f0 1
0 0 1 20 -75 00005f3f 1
0 0 1 93 -104 00005963 1
0 0 1 -9 80 0000339b 1
0 0 1 31 -96 000030cb 1
0 0 1 98 -60 0000252b 1
0 0 1 -98 46 00000e33 1
0 0 1 -124 97 fffffc97 1
0 0 1 -16 71 ffffcd9b 1
0 0 1 -112 13 ffffc92b 1
0 0 1 -30 -117 ffffc37b 1
0 0 1 115 -76 ffffd131 1
0 0 1 -104 -52 ffffaf0d 1
0 0 1 -84 106 ffffc42d 1
0 0 1 -113 -85 ffffa165 1
0 0 1 71 75 ffffc6ea 1
0 0 1 50 0 ffffdbb7 1
0 0 1 125 -80 ffffdbb7 1
0 0 1 71 27 ffffb4a7 1
0 0 1 -50 1 ffffbc24 1
0 0 1 -25 0 ffffbbf2 1
0 0 1 0 86 ffffbbf2 1
0 0 1 120 11 ffffbbf2 1
0 0 1 -13 0 ffffc11a 1
0 0 1 -78 14 ffffc11a 1
0 0 1 -107 -112 ffffbcd6 1
0 0 1 -81 -88 ffffeba6 1
0 0 1 49 8 0000077e 1
0 0 1 -50 73 00000906 1
0 0 1 26 -86 fffffac4 1
0 0 1 36 22 fffff208 1
0 0 1 -46 -95 fffff520 1
0 0 1 109 104 00000632 1
0 0 1 1 93 0000327a 1
0 0 1 36 75 000032d7 1
0 0 1 -71 -39 00003d63 1
0 0 1 -67 -97 00004834 1
0 0 1 -91 -41 00006197 1
0 0 1 0 116 0000702a 1
0 0 1 -93 121 0000702a 1
0 0 1 -122 -58 00004435 1
0 0 1 51 8 00005fd9 1
0 0 1 121 82 00006171 1
0 0 1 119 -94 00008833 1
0 0 1 0 -22 00005c81 1
0 0 1 45 42 00005c81 1
0 0 1 0 76 000063e3 1
0 0 1 -65 -2 000063e3 1
0 0 1 -99 -66 00006465 1
0 0 1 -112 79 00007deb 1
0 0 1 -49 -108 00005b5b 1
0 0 1 1 27 00007007 1
0 0 1 0 -82 00007022 1
0 0 1 121 -16 00007022 1
0 0 1 12 -21 00006892 1
0 0 1 -4 45 00006796 1
0 0 1 58 37 000066e2 1
0 0 1 0 -70 00006f44 1
0 0 1 -63 -67 00006f44 1
0 0 1 -5 -107 00007fc1 1
0 0 1 -109 15 000081d8 1
0 0 1 -20 -109 00007b75 1
0 0 1 -78 -106 000083f9 1
0 0 1 -14 -43 0000a445 1
0 0 1 0 118 0000a69f 1
0 0 1 -98 -39 0000a69f 1
0 0 1 9 72 0000b58d 1
0 0 1 0 -127 0000b815 1
0 0 1 -8 74 0000b815 1
0 0 1 35 -41 0000b5c5 1
0 0 1 -97 49 0000b02a 1
0 0 1 65 33 00009d99 1
0 0 1 -76 -43 0000a5fa 1
0 0 1 37 76 0000b2be 1
0 0 1 -91 85 0000bdba 1
0 0 1 91 115 00009f83 1
0 0 1 70 -94 0000c864 1
0 0 1 13 13 0000aeb0 1
0 0 1 81 -16 0000af59 1
0 0 1 -70 48 0000aa49 1
0 0 1 67 -89 00009d29 1
0 0 1 49 116 000085de 1
0 0 1 93 -107 00009c12 1
0 0 1 -51 50 00007533 1
0 0 1 -14 63 00006b3d 1
0 0 1 73 -10 000067cb 1
0 0 1 89 83 000064f1 1
0 0 1 -99 -55 000081cc 1
0 0 1 97 -16 00009711 1
0 0 1 70 -15 00009101 1
0 0 1 -102 -24 00008ce7 1
0 0 1 -72 4 00009677 1
0 0 1 -111 87 00009557 1
0 0 1 36 93 00006f9e 1
0 0 1 54 -126 00007cb2 1
0 0 1 111 59 0000621e 1
0 0 1 -125 35 00007bb3 1
0 0 1 -70 -78 00006a9c 1
0 0 1 -49 0 00007ff0 1
0 0 1 -76 116 00007ff0 1
0 0 1 1 -2 00005d80 1
0 0 1 13 87 00005d7e 1
0 0 1 -120 -18 000061e9 1
0 0 1 -75 -112 00006a59 1
0 0 1 -36 -120 00008b29 1
0 0 1 -22 62 00009c09 1
0 0 1 0 23 000096b5 1
0 0 1 -66 -104 000096b5 1
0 0 1 7 -117 0000b185 1
0 0 1 -51 31 0000ae52 1
0 0 1 56 -82 0000a825 1
0 0 1 46 84 00009635 1
0 0 1 -84 -14 0000a54d 1
0 0 1 -14 29 0000a9e5 1
0 0 1 114 84 0000a84f 1
0 0 1 83 100 0000cdb7 1
0 0 1 75 82 0000ee23 1
0 0 1 -121 0 00010629 1
0 0 1 103 0 00010629 1
0 0 1 -24 -90 00010629 1
0 0 1 64 -25 00010e99 1
0 0 1 101 0 00010859 1
0 0 1 -36 69 00010859 1
0 0 1 -33 62 0000fea5 1
0 0 1 81 -24 0000f6a7 1
0 0 1 -58 120 0000ef0f 1
0 0 1 25 119 0000d3df 1
0 0 1 -82 -101 0000df7e 1
0 0 1 122 -52 0000ffd8 1
0 0 1 -28 -53 0000e710 1
0 0 1 124 -105 0000ecdc 1
0 0 1 -126 -61 0000ba00 1
0 0 1 120 0 0000d806 1
0 0 1 -76 -12 0000d806 1
0 0 1 47 97 0000db96 1
0 0 1 -109 122 0000ed65 1
0 0 1 102 5 0000b973 1
0 0 1 -50 -34 0000bb71 1
0 0 1 -119 51 0000c215 1
0 0 1 68 -97 0000aa60 1
0 0 1 5 113 0000909c 1
0 0 1 12 21 000092d1 1
0 0 1 88 10 000093cd 1
0 0 1 88 119 0000973d 1
0 0 1 90 -119 0000c025 1
0 0 1 -43 -39 0000964f 1
0 0 1 -81 -89 00009cdc 1
0 0 1 70 -94 0000b905 1
0 0 1 56 -41 00009f51 1
0 0 1 0 111 00009659 1
0 0 1 -12 44 00009659 1
0 0 1 32 67 00009449 1
0 0 1 34 21 00009ca9 1
0 0 1 -12 -63 00009f73 1
0 0 1 77 55 0000a267 1
0 0 1 49 59 0000b2f2 1
0 0 1 52 -35 0000be3d 1
0 0 1 -9 -32 0000b721 1
0 0 1 -71 65 0000b841 1
0 0 1 75 -88 0000a63a 1
0 0 1 0 -31 00008c72 1
0 0 1 -14 -100 00008c72 1
0 0 1 92 -92 000091ea 1
0 0 1 45 83 000070da 1
0 0 1 64 68 00007f71 1
0 0 1 40 18 00009071 1
0 0 1 -84 59 00009341 1
0 0 1 44 -21 00007fe5 1
0 0 1 69 118 00007c49 1
0 0 1 92 -57 00009c17 1
0 0 1 -89 -20 0000879b 1
0 0 1 91 51 00008e8f 1
0 0 1 -79 -14 0000a0b0 1
0 0 1 120 -111 0000a502 1
0 0 1 -21 42 000070fa 1
0 0 1 121 -57 00006d88 1
0 0 1 -101 -43 00005297 1
0 0 1 -127 96 0000638e 1
0 0 1 31 109 000033ee 1
0 0 1 120 34 00004121 1
0 0 1 -23 -90 00005111 1
0 0 1 -93 -119 00005927 1
0 0 1 -12 33 00008462 1
0 0 1 102 91 000082d6 1
0 0 1 102 51 0000a718 1
0 0 1 -96 -102 0000bb6a 1
0 0 1 -56 119 0000e1aa 1
0 0 1 -95 -79 0000c7a2 1
0 0 1 49 -117 0000e4f3 1
0 0 1 -25 -29 0000ce8e 1
0 0 1 -41 62 0000d163 1
0 0 1 8 -117 0000c775 1
0 0 1 -93 -108 0000c3cd 1
0 0 1 118 -47 0000eb09 1
0 0 1 -1 0 0000d55f 1
0 0 1 -28 86 0000d55f 1
0 0 1 -64 -21 0000cbf7 1
0 0 1 -86 0 0000d137 1
0 0 1 53 -36 0000d137 1
0 0 1 0 -50 0000c9c3 1
0 0 1 40 0 0000c9c3 1
0 0 1 -108 -126 0000c9c3 1
0 0 1 76 91 0000feeb 1
0 0 1 -7 123 000119ef 1
0 0 1 -30 -35 00011692 1
0 0 1 25 48 00011aac 1
0 0 1 -29 -103 00011f5c 1
0 0 1 -13 -125 00012b07 1
0 0 1 124 -24 00013160 1
0 0 1 -119 -89 000125c0 1
0 0 1 0 -37 00014f1f 1
0 0 1 -90 -25 00014f1f 1
0 0 1 -118 86 000157e9 1
0 0 1 73 -85 00013045 1
0 0 1 -69 -21 00011808 1
0 0 1 -11 -41 00011db1 1
0 0 1 -85 -99 00011f74 1
0 0 1 89 -10 00014053 1
0 0 1 83 32 00013cd9 1
0 0 1 0 60 00014739 1
0 0 1 -94 -55 00014739 1
0 0 1 -101 80 00015b6b 1
0 0 1 -103 4 00013bdb 1
0 0 1 75 -77 00013a3f 1
0 0 1 -71 124 000123b0 1
0 0 1 66 30 0001014c 1
0 0 1 -48 -43 00010908 1
0 0 1 -110 -14 00011118 1
0 0 1 -80 64 0001171c 1
0 0 1 94 106 0001031c 1
0 0 1 -68 -49 00012a08 1
0 0 1 -34 121 0001370c 1
0 0 1 8 -17 000126fa 1
0 0 1 -106 123 00012672 1
0 0 1 -66 -23 0000f384 1
0 0 1 -31 -90 0000f972 1
0 0 1 -59 -90 00010458 1
0 0 1 0 40 00011916 1
0 0 1 -6 0 00011916 1
0 0 1 5 -62 00011916 1
0 0 1 -117 -2 000117e0 1
0 0 1 66 -18 000118ca 1
0 0 1 -83 -10 00011426 1
0 0 1 60 -79 00011764 1
0 0 1 -94 19 000104e0 1
0 0 1 -88 8 0000fde6 1
0 0 1 3 65 0000fb26 1
0 0 1 -100 39 0000fbe9 1
0 0 1 -119 -123 0000ecad 1
0 0 1 -27 92 000125da 1
0 0 1 -122 -14 00011c26 1
0 0 1 -84 -111 000122d2 1
0 0 1 -29 102 0001473e 1
0 0 1 100 120 00013bb0 1
0 0 1 -22 -115 00016a90 1
0 0 1 57 -55 00017472 1
0 0 1 105 -88 00016833 1
0 0 1 -80 -15 0001441b 1
0 0 1 -98 -47 000148cb 1
0 0 1 0 78 00015ac9 1
0 0 1 51 90 00015ac9 1
0 0 1 -102 -125 00016cb7 1
0 0 1 111 0 00019e85 1
0 0 1 51 115 00019e85 1
0 0 1 -72 -114 0001b56e 1
0 0 1 0 -56 0001d57e 1
0 0 1 24 0 0001d57e 1
0 0 1 -91 55 0001d57e 1
0 0 1 -49 7 0001c1f1 1
0 0 1 -49 95 0001c09a 1
0 0 1 -82 -57 0001ae6b 1
0 0 1 34 81 0001c0ad 1
0 0 1 41 16 0001cb6f 1
0 0 1 -11 12 0001cdff 1
0 0 1 -77 46 0001cd7b 1
0 0 1 46 123 0001bfa5 1
0 0 1 109 -37 0001d5bf 1
0 0 1 54 30 0001c5fe 1
0 0 1 35 -113 0001cc52 1
0 0 1 52 -88 0001bcdf 1
0 0 1 127 84 0001aaff 1
0 0 1 41 -5 0001d4ab 1
0 0 1 -38 30 0001d3de 1
0 0 1 91 55 0001cf6a 1
0 0 1 -35 114 0001e2f7 1
0 0 1 10 -27 0001d361 1
0 0 1 47 3 0001d253 1
0 0 1 -65 -124 0001d2e0 1
0 0 1 63 -72 0001f25c 1
0 0 1 -120 8 0001e0a4 1
0 0 1 93 43 0001dce4 1
0 0 1 110 -13 0001ec83 1
0 0 1 -120 70 0001e6ed 1
0 0 1 -40 46 0001c61d 1
0 0 1 19 55 0001beed 1
0 0 1 -38 64 0001c302 1
0 0 1 3 65 0001b982 1
0 0 1 78 -66 0001ba45 1
0 0 1 -97 0 0001a629 1
0 0 1 -71 -5 0001a629 1
0 0 1 -14 122 0001a78c 1
0 0 1 79 25 0001a0e0 1
0 0 1 -108 48 0001a897 1
0 0 1 102 -31 00019457 1
0 0 1 -89 -64 000187fd 1
0 0 1 -96 16 00019e3d 1
0 0 1 -37 -73 0001983d 1
0 0 1 -2 109 0001a2ca 1
0 0 1 -122 66 0001a1f0 1
0 0 1 -112 -70 0001827c 1
0 0 1 -45 8 0001a11c 1
0 0 1 -71 -17 00019fb4 1
0 0 1 -95 -49 0001a46b 1
0 0 1 -79 99 0001b69a 1
0 0 1 67 -103 0001980d 1
0 0 1 -55 56 00017d18 1
0 0 1 66 9 00017110 1
0 0 1 33 56 00017362 1
0 0 1 56 2 00017a9a 1
0 0 1 86 86 00017b0a 1
0 0 1 115 47 000197ee 1
0 0 1 14 123 0001ad0b 1
0 0 1 44 24 0001b3c5 1
0 0 1 -32 3 0001b7e5 1
0 0 1 13 -12 0001b785 1
0 0 1 -28 11 0001b6e9 1
0 0 1 58 76 0001b5b5 1
0 0 1 44 48 0001c6ed 1
0 0 1 54 -93 0001cf2d 1
0 0 1 52 107 0001bb8f 1
0 0 1 -127 -110 0001d14b 1
0 0 1 -3 125 000207dd 1
0 0 1 60 -117 00020666 1
0 0 1 -124 -116 0001eafa 1
0 0 1 -100 113 0002232a 1
0 0 1 -5 -113 0001f706 1
0 0 1 70 10 0001f93b 1
0 0 1 78 -110 0001fbf7 1
0 0 1 85 -56 0001da73 1
0 0 1 61 -22 0001c7db 1
0 0 1 -25 -20 0001c29d 1
0 0 1 112 0 0001c491 1
0 0 1 -86 68 0001c491 1
0 0 1 -115 -60 0001adb9 1
0 0 1 -21 44 0001c8ad 1
0 0 1 -47 97 0001c511 1
0 0 1 -84 -95 0001b342 1
0 0 1 -57 -93 0001d26e 1
0 0 1 0 -125 0001e723 1
0 0 1 66 88 0001e723 1
0 0 1 79 17 0001fdd3 1
0 0 1 92 86 00020312 1
0 0 1 99 -49 000221fa 1
0 0 1 74 49 00020f07 1
0 0 1 96 -67 00021d31 1
0 0 1 -79 105 00020411 1
0 0 1 112 57 0001e3aa 1
0 0 1 -35 9 0001fc9a 1
0 0 1 -80 41 0001fb5f 1
0 0 1 118 -55 0001ee8f 1
0 0 1 -105 127 0001d535 1
0 0 1 -67 52 0001a11e 1
0 0 1 -9 -116 00019382 1
0 0 1 12 -117 00019796 1
0 0 1 7 50 0001921a 1
0 0 1 80 -11 00019378 1
0 0 1 76 108 00019008 1
0 0 1 62 20 0001b018 1
0 0 1 -127 -39 0001b4f0 1
0 0 1 -73 -84 0001c849 1
0 0 1 -110 108 0001e03d 1
0 0 1 -73 -91 0001b1d5 1
0 0 1 29 -20 0001cbc8 1
0 0 1 65 51 0001c984 1
0 0 1 105 -57 0001d677 1
0 0 1 -4 109 0001bf16 1
0 0 1 52 -113 0001bd62 1
0 0 1 48 126 0001a66e 1
0 0 1 9 -104 0001be0e 1
0 0 1 14 54 0001ba66 1
0 0 1 -53 -61 0001bd5a 1
0 0 1 -16 43 0001c9fb 1
0 0 1 78 -43 0001c74b 1
0 0 1 0 -66 0001ba31 1
0 0 1 -54 1 0001ba31 1
0 0 1 -72 -45 0001b9fb 1
0 0 1 43 44 0001c6a3 1
0 0 1 -51 -105 0001ce07 1
0 0 1 18 -32 0001e2f2 1
0 0 1 3 -54 0001e0b2 1
0 0 1 83 24 0001e010 1
0 0 1 -65 -34 0001e7d8 1
0 0 1 0 -24 0001f07a 1
0 0 1 -25 49 0001f07a 1
0 0 1 42 1 0001ebb1 1
0 0 1 -38 -58 0001ebdb 1
0 0 1 -16 -38 0001f477 1
0 0 1 57 -127 0001f6d7 1
0 0 1 36 -69 0001da90 1
0 0 1 -25 -120 0001d0dc 1
0 0 1 106 118 0001dc94 1
0 0 1 36 16 00020d70 1
0 0 1 99 -5 00020fb0 1
0 0 1 -108 0 00020dc1 1
0 0 1 19 -45 00020dc1 1
0 0 1 80 -36 00020a6a 1
0 0 1 -2 -64 0001ff2a 1
0 0 1 112 100 0001ffaa 1
0 0 1 15 93 00022b6a 1
0 0 1 -22 44 000230dd 1
0 0 1 -117 99 00022d15 1
0 0 1 -65 14 0001ffd6 1
0 0 1 73 43 0001fc48 1
0 0 1 -97 -104 0002088b 1
0 0 1 -113 -127 00022ff3 1
0 0 1 -77 104 00026802 1
0 0 1 -91 70 000248ba 1
0 0 1 115 87 00022fd8 1
0 0 1 98 -70 000256ed 1
0 0 1 -31 -96 00023c21 1
0 0 1 53 85 000247c1 1
0 0 1 107 14 0002595a 1
0 0 1 10 0 00025f34 1
0 0 1 123 -126 00025f34 1
0 0 1 0 126 000222aa 1
0 0 1 6 59 000222aa 1
0 0 1 73 94 0002240c 1
0 0 1 -63 24 00023eda 1
0 0 1 42 -4 000238f2 1
0 0 1 8 112 0002384a 1
0 0 1 67 -44 00023bca 1
0 0 1 25 -27 00023046 1
0 0 1 56 -41 00022da3 1
0 0 1 4 42 000224ab 1
0 0 1 15 -47 00022553 1
0 0 1 123 0 00022292 1
0 0 1 -96 39 00022292 1
0 0 1 -90 0 000213f2 1
0 0 1 -29 56 000213f2 1
0 0 1 125 -83 00020d9a 1
0 0 1 28 74 0001e513 1
0 0 1 86 22 0001ed2b 1
0 0 1 -100 46 0001f48f 1
0 0 1 -11 30 0001e297 1
0 0 1 0 -22 0001e14d 1
0 0 1 101 12 0001e14d 1
0 0 1 0 93 0001e609 1
0 0 1 21 127 0001e609 1
0 0 1 73 101 0001f074 1
0 0 1 -71 36 00020d41 1
0 0 1 -67 -8 00020345 1
0 0 1 -74 -44 0002055d 1
0 0 1 98 -16 00021215 1
0 0 1 -20 42 00020bf5 1
0 0 1 -83 -76 000208ad 1
0 0 1 -88 46 00022151 1
0 0 1 -35 94 00021181 1
0 0 1 49 -39 000204a7 1
0 0 1 8 -110 0001fd30 1
0 0 1 -101 -62 0001f9c0 1
0 0 1 0 7 00021236 1
0 0 1 -94 19 00021236 1
0 0 1 -74 48 00020b3c 1
0 0 1 36 -39 0001fd5c 1
0 0 1 40 15 0001f7e0 1
0 0 1 64 -63 0001fa38 1
0 0 1 3 104 0001ea78 1
0 0 1 13 126 0001ebb0 1
0 0 1 -87 93 0001f216 1
0 0 1 74 -27 0001d27b 1
0 0 1 -38 -45 0001caad 1
0 0 1 43 92 0001d15b 1
0 0 1 38 -126 0001e0cf 1
0 0 1 -57 -122 0001ce1b 1
0 0 1 -111 103 0001e945 1
0 0 1 65 -103 0001bc9c 1
0 0 1 -20 5 0001a275 1
0 0 1 -107 6 0001a211 1
0 0 1 -45 15 00019f8f 1
0 0 1 -78 87 00019cec 1
0 0 1 0 -79 0001826a 1
0 0 1 63 74 0001826a 1
0 0 1 18 -91 000194a0 1
0 0 1 -50 13 00018e3a 1
0 0 1 -10 -128 00018bb0 1
0 0 1 -5 75 000190b0 1
0 0 1 -68 -5 00018f39 1
0 0 1 61 111 0001908d 1
0 0 1 -54 -100 0001ab00 1
0 0 1 54 12 0001c018 1
0 0 1 60 -72 0001c2a0 1
0 0 1 -64 42 0001b1c0 1
0 0 1 92 23 0001a740 1
0 0 1 -85 -63 0001af84 1
0 0 1 106 92 0001c46f 1
0 0 1 -78 0 0001ea87 1
0 0 1 -102 50 0001ea87 1
0 0 1 0 32 0001d69b 1
0 0 1 -93 48 0001d69b 1
0 0 1 29 27 0001c52b 1
0 0 1 -25 63 0001c83a 1
0 0 1 -56 -33 0001c213 1
0 0 1 -38 -6 0001c94b 1
0 0 1 35 -88 0001ca2f 1
0 0 1 54 66 0001be27 1
0 0 1 94 66 0001cc13 1
0 0 1 47 96 0001e44f 1
0 0 1 -23 -6 0001f5ef 1
0 0 1 -118 -81 0001f679 1
0 0 1 53 29 00021bcf 1
0 0 1 -45 -105 000221d0 1
0 0 1 -72 4 00023445 1
0 0 1 -119 -98 00023325 1
0 0 1 -31 -70 000260b3 1
0 0 1 121 -50 0002692d 1
0 0 1 74 102 0002518b 1
0 0 1 -120 20 00026f07 1
0 0 1 24 -56 000265a7 1
0 0 1 32 77 00026067 1
0 0 1 -32 -101 00026a07 1
0 0 1 -68 -46 000276a7 1
0 0 1 -69 -128 000282df 1
0 0 1 42 107 0002a55f 1
0 0 1 -111 0 0002b6ed 1
0 0 1 106 -104 0002b6ed 1
0 0 1 -42 0 00028bdd 1
0 0 1 -12 107 00028bdd 1
0 0 1 -115 0 000286d9 1
0 0 1 97 92 000286d9 1
0 0 1 -2 -111 0002a9b5 1
0 0 1 30 -34 0002aa93 1
0 0 1 -100 -100 0002a697 1
0 0 1 0 19 0002cda7 1
0 0 1 -52 -71 0002cda7 1
0 0 1 72 -126 0002dc13 1
0 0 1 122 121 0002b8a3 1
0 0 1 86 5 0002f24d 1
0 0 1 -42 111 0002f3fb 1
0 0 1 95 37 0002e1c5 1
0 0 1 48 8 0002ef80 1
0 0 1 0 79 0002f100 1
0 0 1 -5 91 0002f100 1
0 0 1 59 -22 0002ef39 1
0 0 1 -60 -70 0002ea27 1
0 0 1 -45 -67 0002fa8f 1
0 0 1 -1 -20 00030656 1
0 0 1 -40 33 0003066a 1
0 0 1 69 0 00030142 1
0 0 1 -82 33 00030142 1
0 0 1 65 -94 0002f6b0 1
0 0 1 0 -96 0002ded2 1
0 0 1 -126 60 0002ded2 1
0 0 1 0 29 0002c14a 1
0 0 1 -35 101 0002c14a 1
0 0 1 116 16 0002b37b 1
0 0 1 -125 -38 0002babb 1
0 0 1 -65 -55 0002cd49 1
0 0 1 -3 -44 0002db40 1
0 0 1 51 31 0002dbc4 1
0 0 1 87 111 0002e1f1 1
0 0 1 95 -82 000307aa 1
0 0 1 -47 114 0002e93c 1
0 0 1 -36 91 0002d44e 1
0 0 1 -113 109 0002c782 1
0 0 1 -10 -114 00029765 1
0 0 1 -51 -84 00029bd9 1
0 0 1 54 -97 0002ac95 1
0 0 1 -23 -72 0002981f 1
0 0 1 83 0 00029e97 1
0 0 1 104 33 00029e97 1
0 0 1 77 103 0002abff 1
0 0 1 -63 -43 0002cafa 1
0 0 1 36 124 0002d58f 1
0 0 1 -71 19 0002e6ff 1
0 0 1 73 -69 0002e1ba 1
0 0 1 -100 71 0002ce0d 1
0 0 1 -121 57 0002b251 1
0 0 1 8 -25 00029760 1
0 0 1 82 56 00029698 1
0 0 1 51 -120 0002a888 1
0 0 1 -117 78 000290a0 1
0 0 1 109 -73 00026cfa 1
0 0 1 53 0 00024de5 1
0 0 1 0 99 00024de5 1
0 0 1 -57 112 00024de5 1
0 0 1 34 -90 000234f5 1
0 0 1 -92 -36 00022901 1
0 0 1 -90 -69 000235f1 1
0 0 1 57 -81 00024e33 1
0 0 1 -26 -107 00023c2a 1
0 0 1 75 36 00024708 1
0 0 1 -83 109 00025194 1
0 0 1 -61 90 00022e3d 1
0 0 1 -115 0 000218cb 1
0 0 1 99 54 000218cb 1
0 0 1 -78 117 00022dad 1
0 0 1 -74 -14 00020a07 1
0 0 1 79 92 00020e13 1
0 0 1 -23 -18 00022a77 1
0 0 1 -7 -113 00022c15 1
0 0 1 82 -70 00022f2c 1
0 0 1 -86 21 000218c0 1
0 0 1 -30 -47 000211b2 1
0 0 1 0 29 00021734 1
0 0 1 -110 0 00021734 1
0 0 1 -102 -14 00021734 1
0 0 1 -38 -114 00021cc8 1
0 0 1 75 -59 00022db4 1
0 0 1 5 0 00021c6b 1
0 0 1 41 91 00021c6b 1
0 0 1 29 -11 00022afe 1
0 0 1 -78 0 000229bf 1
0 0 1 -65 -93 000229bf 1
0 0 1 122 11 0002415c 1
0 0 1 0 -76 0002469a 1
0 0 1 -55 -68 0002469a 1
0 0 1 -36 102 00025536 1
0 0 1 -113 -122 000246de 1
0 0 1 46 0 00027cb8 1
0 0 1 -79 -87 00027cb8 1
0 0 1 -82 112 00029791 1
0 0 1 43 -98 000273b1 1
0 0 1 0 -34 0002633b 1
0 0 1 116 -43 0002633b 1
0 0 1 77 -2 00024fbf 1
0 0 1 -21 -78 00024f25 1
0 0 1 -10 83 0002558b 1
0 0 1 9 -104 0002524d 1
0 0 1 92 -24 00024ea5 1
0 0 1 2 -30 00024605 1
0 0 1 -20 -100 000245c9 1
0 0 1 -79 -31 00024d99 1
0 0 1 127 57 0002572a 1
0 0 1 -27 73 00027371 1
0 0 1 35 -43 00026bbe 1
0 0 1 -15 93 000265dd 1
0 0 1 -63 99 0002606a 1
0 0 1 64 -91 0002480d 1
0 0 1 -42 -67 0002314d 1
0 0 1 -106 65 00023c4b 1
0 0 1 43 -58 00022161 1
0 0 1 -28 23 000217a3 1
0 0 1 70 -61 0002151f 1
0 0 1 43 76 00020471 1
0 0 1 -86 58 00021135 1
0 0 1 0 110 0001fdb9 1
0 0 1 113 99 0001fdb9 1
0 0 1 114 10 0002296c 1
0 0 1 -128 -48 00022de0 1
0 0 1 0 113 000245e0 1
0 0 1 -18 -6 000245e0 1
0 0 1 35 76 0002464c 1
0 0 1 0 -33 000250b0 1
0 0 1 90 15 000250b0 1
0 0 1 99 -109 000255f6 1
0 0 1 87 82 00022bcf 1
0 0 1 66 0 000247ad 1
0 0 1 121 -117 000247ad 1
0 0 1 -37 0 00021060 1
0 0 1 97 -15 00021060 1
0 0 1 58 0 00020ab1 1
0 0 1 122 124 00020ab1 1
0 0 1 48 125 000245c9 1
0 0 1 60 -81 00025d39 1
0 0 1 43 0 00024a3d 1
0 0 1 -58 66 00024a3d 1
0 0 1 0 -29 00023b49 1
0 0 1 -79 -93 00023b49 1
0 0 1 7 -82 000257fc 1
0 0 1 105 -80 000255be 1
0 0 1 59 112 000234ee 1
0 0 1 83 59 00024ebe 1
0 0 1 -125 -23 000261df 1
0 0 1 105 -96 00026d1a 1
0 0 1 30 77 000245ba 1
0 0 1 -56 -35 00024ec0 1
0 0 1 -119 50 00025668 1
0 0 1 103 47 00023f2a 1
0 0 1 97 23 00025213 1
0 0 1 -124 29 00025aca 1
0 0 1 -94 0 00024cbe 1
0 0 1 -102 29 00024cbe 1
0 0 1 1 25 00024130 1
0 0 1 11 -113 00024149 1
0 0 1 -52 108 00023c6e 1
0 0 1 -50 -90 0002267e 1
0 0 1 -100 95 00023812 1
0 0 1 80 -11 000212f6 1
0 0 1 -41 -76 00020f86 1
0 0 1 -44 72 00021bb2 1
0 0 1 -60 -46 00020f52 1
0 0 1 114 56 00021a1a 1
0 0 1 50 -115 0002330a 1
0 0 1 -55 -38 00021c94 1
0 0 1 -13 -33 000224be 1
0 0 1 -5 -1 0002266b 1
0 0 1 -52 -90 00022670 1
0 0 1 -108 0 000238b8 1
0 0 1 60 94 000238b8 1
0 0 1 -101 55 00024ec0 1
0 0 1 -1 -108 0002390d 1
0 0 1 -47 -53 00023979 1
0 0 1 -31 81 00024334 1
0 0 1 -29 41 00023965 1
0 0 1 18 -64 000234c0 1
0 0 1 95 -60 00023040 1
0 0 1 7 17 000219fc 1
0 0 1 45 -63 00021a73 1
0 0 1 -5 118 00020f60 1
0 0 1 -101 -61 00020d12 1
0 0 1 -66 -116 00022523 1
0 0 1 67 101 0002430b 1
0 0 1 -77 76 00025d7a 1
0 0 1 -77 -74 0002469e 1
0 0 1 -35 -79 00025ce0 1
0 0 1 -51 0 000267ad 1
0 0 1 -51 -74 000267ad 1
0 0 1 97 108 0002766b 1
0 0 1 0 -82 00029f57 1
0 0 1 -83 73 00029f57 1
0 0 1 -107 -97 000287ac 1
0 0 1 58 115 0002b037 1
0 0 1 -8 70 0002ca45 1
0 0 1 0 -50 0002c815 1
0 0 1 36 98 0002c815 1
0 0 1 -96 20 0002d5dd 1
0 0 1 -124 115 0002ce5d 1
0 0 1 -39 120 000296a9 1
0 0 1 115 62 00028461 1
0 0 1 37 -59 0002a03b 1
0 0 1 -36 109 000297b4 1
0 0 1 -112 68 00028860 1
0 0 1 11 121 00026aa0 1
0 0 1 -21 49 00026fd3 1
0 0 1 115 52 00026bce 1
0 0 1 27 21 0002832a 1
0 0 1 63 55 00028561 1
0 0 1 -80 84 000292ea 1
0 0 1 -58 26 000278aa 1
0 0 1 -106 115 000272c6 1
0 0 1 97 3 00024328 1
0 0 1 39 -88 0002444b 1
0 0 1 -116 34 000236e3 1
0 0 1 -55 -94 0002277b 1
0 0 1 72 23 00023bad 1
0 0 1 -88 -100 00024225 1
0 0 1 3 5 00026485 1
0 0 1 64 -76 00026494 1
0 0 1 49 -106 00025194 1
0 0 1 78 73 00023d4a 1
0 0 1 63 57 00025388 1
0 0 1 85 -31 0002618f 1
0 0 1 -7 -86 00025744 1
0 0 1 -18 -9 0002599e 1
0 0 1 70 -124 00025a40 1
0 0 1 99 125 00023858 1
0 0 1 88 -114 000268af 1
0 0 1 0 -41 0002417f 1
0 0 1 0 -92 0002417f 1
0 0 1 125 -46 0002417f 1
0 0 1 -90 10 00022b09 1
0 0 1 -127 -55 00022785 1
0 0 1 83 73 000242ce 1
0 0 1 125 -67 00025a79 1
0 0 1 39 -11 000239c2 1
0 0 1 -61 -120 00023815 1
0 0 1 65 36 000254ad 1
0 0 1 33 78 00025dd1 1
0 0 1 47 120 000267df 1
0 0 1 85 -66 00027de7 1
0 0 1 24 10 000267fd 1
0 0 1 123 100 000268ed 1
0 0 1 -74 27 000298f9 1
0 0 1 -64 123 0002912b 1
0 0 1 -35 0 0002726b 1
0 0 1 110 21 0002726b 1
0 0 1 127 95 00027b71 1
0 0 1 -55 -60 0002aa92 1
0 0 1 -82 -108 0002b776 1
0 0 1 -79 -57 0002da0e 1
0 0 1 123 -114 0002eba5 1
0 0 1 56 -127 0002b4df 1
0 0 1 -124 91 00029917 1
0 0 1 33 13 00026d03 1
0 0 1 -23 34 00026eb0 1
0 0 1 126 -118 00026ba2 1
0 0 1 99 5 0002318e 1
0 0 1 29 -45 0002337d 1
0 0 1 119 125 00022e64 1
0 0 1 -42 -32 0002687f 1
0 0 1 77 58 00026dbf 1
0 0 1 15 -100 00027f31 1
0 0 1 -83 0 00027955 1
0 0 1 72 96 00027955 1
0 0 1 -78 -46 00029455 1
0 0 1 12 72 0002a259 1
0 0 1 16 29 0002a5b9 1
0 0 1 -102 24 0002a789 1
0 0 1 -48 25 00029df9 1
0 0 1 -124 112 00029949 1
0 0 1 84 -29 00026309 1
0 0 1 114 108 00025985 1
0 0 1 54 112 0002899d 1
0 0 1 -102 107 0002a13d 1
0 0 1 -126 48 0002769b 1
0 0 1 73 -78 00025efb 1
0 0 1 -3 -55 000248bd 1
0 0 1 -56 -43 00024962 1
0 0 1 0 -90 000252ca 1
0 0 1 83 0 000252ca 1
0 0 1 -8 55 000252ca 1
0 0 1 -40 9 00025112 1
0 0 1 63 59 00024faa 1
0 0 1 91 0 00025e2f 1
0 0 1 -8 42 00025e2f 1
0 0 1 -3 56 00025cdf 1
0 0 1 4 37 00025c37 1
0 0 1 0 -85 00025ccb 1
0 0 1 -28 -2 00025ccb 1
0 0 1 -110 -63 00025d03 1
0 0 1 35 -115 00027815 1
0 0 1 -58 -25 0002685c 1
0 0 1 -35 -40 00026e06 1
0 0 1 -31 0 0002737e 1
0 0 1 64 -103 0002737e 1
0 0 1 -14 -6 000259be 1
0 0 1 7 29 00025a12 1
0 0 1 -17 75 00025add 1
0 0 1 0 -13 000255e2 1
0 0 1 81 -40 000255e2 1
0 0 1 54 31 0002493a 1
0 0 1 -61 107 00024fc4 1
0 0 1 61 -101 00023645 1
0 0 1 52 105 00021e34 1
0 0 1 -89 -123 00023388 1
0 0 1 13 64 00025e4b 1
0 0 1 -75 -96 0002618b 1
0 0 1 27 36 00027dab 1
0 0 1 -123 -33 00028177 1
0 0 1 -51 61 00029152 1
0 0 1 -13 -76 0002852b 1
0 0 1 -77 0 00028907 1
0 0 1 75 -87 00028907 1
0 0 1 67 -27 00026f8a 1
0 0 1 99 46 00026879 1
0 0 1 -5 52 00027a43 1
0 0 1 0 -64 0002793f 1
0 0 1 -40 76 0002793f 1
0 0 1 -112 -66 00026d5f 1
0 0 1 -32 -96 00028a3f 1
0 0 1 20 28 0002963f 1
0 0 1 95 123 0002986f 1
0 0 1 -89 125 0002c614 1
0 0 1 35 0 00029a9f 1
0 0 1 -53 -21 00029a9f 1
0 0 1 0 31 00029ef8 1
0 0 1 0 55 00029ef8 1
0 0 1 -25 118 00029ef8 1
0 0 1 -64 -68 00029372 1
0 0 1 55 -111 0002a472 1
0 0 1 -1 89 00028c99 1
0 0 1 66 25 00028c40 1
0 0 1 96 127 000292b2 1
0 0 1 -125 -43 0002c252 1
0 0 1 -108 68 0002d751 1
0 0 1 98 -17 0002baa1 1
0 0 1 -4 0 0002b41f 1
0 0 1 -45 -46 0002b41f 1
0 0 1 17 82 0002bc35 1
0 0 1 65 -118 0002c1a7 1
0 0 1 107 -34 0002a3b1 1
0 0 1 115 28 0002957b 1
0 0 1 -44 78 0002a20f 1
0 0 1 -116 -35 000294a7 1
0 0 1 -66 -77 0002a483 1
0 0 1 81 49 0002b85d 1
0 0 1 -114 5 0002c7de 1
0 0 1 0 -44 0002c5a4 1
0 0 0 37 -83 0002c5a4 1
0 0 0 -49 72 0002c5a4 0
