1 0 0 0 0 00000000 0
1 0 0 0 0 00000000 0
1 0 0 0 0 00000000 0
0 0 1 -76 102 00000000 0
0 0 1 103 -62 ffffe1b8 1
0 0 1 67 -125 ffffc8c6 1
0 0 1 -58 106 ffffa80f 1
0 0 1 -119 -16 ffff900b 1
0 0 1 -3 -59 ffff977b 1
0 0 1 -35 -79 ffff982c 1
0 0 1 -94 8 ffffa2f9 1
0 0 1 75 -31 ffffa009 1
0 0 1 -62 34 ffff96f4 1
0 0 1 55 60 ffff8eb8 1
0 0 1 60 46 ffff9b9c 1
0 0 1 107 127 ffffa664 1
0 0 1 -2 28 ffffdb79 1
0 0 1 -120 28 ffffdb41 1
0 0 1 -86 34 ffffce21 1
0 0 1 -116 -128 ffffc2b5 1
0 0 1 107 -124 fffffcb5 1
0 0 1 -47 -102 ffffc8e1 1
0 0 1 125 -54 ffffdb9b 1
0 0 1 24 1 ffffc13d 1
0 0 1 24 68 ffffc155 1
0 0 1 -51 124 ffffc7b5 1
0 0 1 79 0 ffffaf01 1
0 0 1 -50 37 ffffaf01 1
0 0 1 -34 15 ffffa7c7 1
0 0 1 79 114 ffffa5c9 1
0 0 1 0 -91 ffffc8f7 1
0 0 1 -1 -103 ffffc8f7 1
0 0 1 -22 -37 ffffc95e 1
0 0 1 -8 83 ffffcc8c 1
0 0 1 103 62 ffffc9f4 1
0 0 1 -6 115 ffffe2e6 1
0 0 1 75 63 ffffe034 1
0 0 1 -76 -76 fffff2a9 1
0 0 1 -72 -34 00000939 1
0 0 1 117 106 000012c9 1
0 0 1 -29 99 0000433b 1
0 0 1 99 -45 00003804 1
0 0 1 1 -36 0000269d 1
0 0 1 38 28 00002679 1
0 0 1 15 77 00002aa1 1
0 0 1 121 -28 00002f24 1
0 0 1 75 -30 000021e8 1
0 0 1 126 95 0000191e 1
0 0 1 -82 49 000047e0 1
0 0 1 -57 -65 0000382e 1
0 0 1 54 77 000046a7 1
0 0 1 107 69 000056e5 1
0 0 1 41 58 000073bc 1
0 0 1 -49 28 00007d06 1
0 0 1 47 -94 000077aa 1
0 0 1 0 19 00006668 1
0 0 1 72 6 00006668 1
0 0 1 -4 0 00006818 1
0 0 1 -23 -14 00006818 1
0 0 1 -7 82 0000695a 1
0 0 1 -23 -67 0000671c 1
0 0 1 69 -111 00006d21 1
0 0 1 119 -119 00004f36 1
0 0 1 -64 -98 000017e5 1
0 0 1 -73 17 00003065 1
0 0 1 -71 81 00002b8c 1
0 0 1 127 -96 00001515 1
0 0 1 0 11 ffffe575 1
0 0 1 36 31 ffffe575 1
0 0 1 -98 25 ffffe9d1 1
0 0 1 -43 29 ffffe03f 1
0 0 1 -109 -30 ffffdb60 1
0 0 1 0 112 ffffe826 1
0 0 1 90 8 ffffe826 1
0 0 1 -4 40 ffffeaf6 1
0 0 1 110 64 ffffea56 1
0 0 1 -28 -114 000005d6 1
0 0 1 -5 14 0000124e 1
0 0 1 -65 71 00001208 1
0 0 1 26 -46 00000001 1
0 0 1 -93 113 fffffb55 1
0 0 1 -112 -21 ffffd248 1
0 0 1 -62 78 ffffdb78 1
0 0 1 -121 81 ffffc894 1
0 0 1 -81 -35 ffffa24b 1
0 0 1 0 -17 ffffad5e 1
0 0 1 -20 63 ffffad5e 1
0 0 1 4 21 ffffa872 1
0 0 1 -77 -68 ffffa8c6 1
0 0 1 25 46 ffffbd3a 1
0 0 1 98 125 ffffc1b8 1
0 0 1 -126 24 fffff192 1
0 0 1 19 -13 ffffe5c2 1
0 0 1 65 18 ffffe4cb 1
0 0 1 -119 -31 ffffe95d 1
0 0 1 77 35 fffff7c6 1
0 0 1 14 10 0000024d 1
0 0 1 114 9 000002d9 1
0 0 1 117 53 000006db 1
0 0 1 -15 0 00001f14 1
0 0 1 117 -39 00001f14 1
0 0 1 49 38 00000d41 1
0 0 1 93 66 00001487 1
0 0 1 -115 -20 00002c81 1
0 0 1 86 -43 0000357d 1
0 0 1 80 124 0000270b 1
0 0 1 -7 -19 00004dcb 1
0 0 1 7 -60 00004e50 1
0 0 1 92 0 00004cac 1
0 0 1 -18 57 00004cac 1
0 0 1 17 -51 000048aa 1
0 0 1 56 85 00004547 1
0 0 1 119 40 000057df 1
0 0 1 28 17 00006a77 1
0 0 1 -88 92 00006c53 1
0 0 1 -69 -115 00004cb3 1
0 0 1 0 -21 00006bb2 1
0 0 1 0 52 00006bb2 1
0 0 1 -49 14 00006bb2 1
0 0 1 -108 70 00006904 1
0 0 1 13 88 00004b7c 1
0 0 1 -26 69 00004ff4 1
0 0 1 0 44 000048f2 1
0 0 1 70 -57 000048f2 1
0 0 1 -100 122 0000395c 1
0 0 1 56 -67 000009b4 1
0 0 1 -24 96 fffffb0c 1
0 0 1 42 91 fffff20c 1
0 0 1 -84 -40 000000fa 1
0 0 1 61 71 00000e1a 1
0 0 1 -102 57 00001f05 1
0 0 1 99 0 0000084f 1
0 0 1 49 -27 0000084f 1
0 0 1 -51 -76 00000324 1
0 0 1 64 -63 00001248 1
0 0 1 -53 0 00000288 1
0 0 1 64 -106 00000288 1
0 0 1 11 92 ffffe808 1
0 0 1 68 -79 ffffebfc 1
0 0 1 123 125 ffffd700 1
0 0 1 -49 -24 0000130f 1
0 0 1 -8 31 000017a7 1
0 0 1 53 0 000016af 1
0 0 1 -43 -94 000016af 1
0 0 1 -44 -17 00002679 1
0 0 1 -114 -61 00002965 1
0 0 1 -55 -119 0000448f 1
0 0 1 -124 0 00005e20 1
0 0 1 46 78 00005e20 1
0 0 1 -103 -61 00006c24 1
0 0 1 -115 -26 000084af 1
0 0 1 -22 -118 0000905d 1
0 0 1 -61 -34 00009a81 1
0 0 1 123 -9 0000a29b 1
0 0 1 -26 -93 00009e48 1
0 0 1 36 0 0000a7ba 1
0 0 1 -57 -21 0000a7ba 1
0 0 1 23 -100 0000ac67 1
0 0 1 94 89 0000a36b 1
0 0 1 101 23 0000c419 1
0 0 1 0 -89 0000cd2c 1
0 0 1 -90 -125 0000cd2c 1
0 0 1 -40 -42 0000f91e 1
0 0 1 -2 76 0000ffae 1
0 0 1 55 0 0000ff16 1
0 0 1 -14 123 0000ff16 1
0 0 1 -54 -42 0000f85c 1
0 0 1 -46 -36 00010138 1
0 0 1 -55 -77 000107b0 1
0 0 1 -112 94 0001183b 1
0 0 1 -49 -88 0000ef1b 1
0 0 1 79 -88 0000fff3 1
0 0 1 39 -39 0000e4cb 1
0 0 1 39 113 0000deda 1
0 0 1 -61 47 0000f011 1
0 0 1 -90 -121 0000e4de 1
0 0 1 67 85 00010f68 1
0 0 1 -40 -83 000125a7 1
0 0 1 100 -96 0001329f 1
0 0 1 52 -99 00010d1f 1
0 0 1 58 80 0000f903 1
0 0 1 -115 -116 00010b23 1
0 0 1 -71 -83 00013f3f 1
0 0 1 108 -52 00015644 1
0 0 1 42 24 00014054 1
0 0 1 74 -105 00014444 1
0 0 1 101 -111 000125ea 1
0 0 1 43 15 0000fa1f 1
0 0 1 124 -68 0000fca4 1
0 0 1 69 -66 0000dbb4 1
0 0 1 69 50 0000c9ea 1
0 0 1 125 18 0000d764 1
0 0 1 -128 -67 0000e02e 1
0 0 1 -102 2 000101ae 1
0 0 1 -69 0 000100e2 1
0 0 1 101 -17 000100e2 1
0 0 1 -106 -1 0000fa2d 1
0 0 1 -34 -72 0000fa97 1
0 0 1 21 -101 00010427 1
0 0 1 62 -103 0000fbde 1
0 0 1 113 34 0000e2ec 1
0 0 1 -28 -73 0000f1ee 1
0 0 1 22 0 0000f9ea 1
0 0 1 14 34 0000f9ea 1
0 0 1 -120 31 0000fbc6 1
0 0 1 11 0 0000ed3e 1
0 0 1 0 -11 0000ed3e 1
0 0 1 15 0 0000ed3e 1
0 0 1 -21 -9 0000ed3e 1
0 0 1 40 -4 0000edfb 1
0 0 1 -1 -125 0000ed5b 1
0 0 1 -29 22 0000edd8 1
0 0 1 -125 -47 0000eb5a 1
0 0 1 -96 -20 0001024d 1
0 0 1 0 -123 000109cd 1
0 0 1 -96 -43 000109cd 1
0 0 1 -20 12 000119ed 1
0 0 1 -32 104 000118fd 1
0 0 1 0 -100 00010bfd 1
0 0 1 68 47 00010bfd 1
0 0 1 -122 -94 00011879 1
0 0 1 38 -31 00014545 1
0 0 1 0 102 000140ab 1
0 0 1 -24 -48 000140ab 1
0 0 1 77 114 0001452b 1
0 0 1 0 -69 00016775 1
0 0 1 46 -27 00016775 1
0 0 1 36 0 0001629b 1
0 0 1 -26 0 0001629b 1
0 0 1 -80 17 0001629b 1
0 0 1 66 37 00015d4b 1
0 0 1 62 -38 000166d5 1
0 0 1 -25 127 00015da1 1
0 0 1 -85 54 0001513a 1
0 0 1 22 -69 00013f4c 1
0 0 1 0 -116 0001395e 1
0 0 1 119 -79 0001395e 1
0 0 1 73 -1 000114a5 1
0 0 1 -104 -99 0001145c 1
0 0 1 -78 127 00013c94 1
0 0 1 -57 -127 000115e2 1
0 0 1 13 -103 00013229 1
0 0 1 -42 -84 00012cee 1
0 0 1 0 -78 00013ab6 1
0 0 1 12 -124 00013ab6 1
0 0 1 -81 -36 000134e6 1
0 0 1 18 123 0001404a 1
0 0 1 -72 49 000148f0 1
0 0 1 75 -62 00013b28 1
0 0 1 14 101 000128fe 1
0 0 1 -18 24 00012e84 1
0 0 1 -25 -47 00012cd4 1
0 0 1 115 -35 0001316b 1
0 0 1 126 -77 000121b2 1
0 0 1 -47 35 0000fbcc 1
0 0 1 96 9 0000f55f 1
0 0 1 -79 -109 0000f8bf 1
0 0 1 5 -55 00011a62 1
0 0 1 87 0 0001194f 1
0 0 1 28 -22 0001194f 1
0 0 1 116 54 000116e7 1
0 0 1 68 -30 00012f5f 1
0 0 1 0 77 00012767 1
0 0 1 -36 -95 00012767 1
0 0 1 -4 -67 000134c3 1
0 0 1 14 117 000135cf 1
0 0 1 -111 56 00013c35 1
0 0 1 84 67 000123ed 1
0 0 1 -25 -40 000139e9 1
0 0 1 54 -89 00013dd1 1
0 0 1 34 -81 00012b0b 1
0 0 1 -123 -119 00012049 1
0 0 1 0 -61 00015976 1
0 0 1 72 90 00015976 1
0 0 1 122 0 000172c6 1
0 0 1 69 16 000172c6 1
0 0 1 -41 -97 00017716 1
0 0 1 41 -29 0001869f 1
0 0 1 2 38 000181fa 1
0 0 1 55 -110 00018246 1
0 0 1 20 -75 00016aa4 1
0 0 1 118 -65 000164c8 1
0 0 1 -17 81 000146d2 1
0 0 1 -76 -88 00014171 1
0 0 1 -113 -38 00015b91 1
0 0 1 -123 59 00016c57 1
0 0 1 96 90 00014ffe 1
0 0 1 9 45 000171be 1
0 0 1 -8 -46 00017353 1
0 0 1 53 -124 000174c3 1
0 0 1 -91 -9 00015b17 1
0 0 1 -86 -105 00015e4a 1
0 0 1 -108 19 00018190 1
0 0 1 -126 -14 0001798c 1
0 0 1 107 40 00018070 1
0 0 1 42 -3 00019128 1
0 0 1 -31 -35 000190aa 1
0 0 1 -120 -91 000194e7 1
0 0 1 -12 80 0001bf8f 1
0 0 1 33 51 0001bbcf 1
0 0 1 -85 -3 0001c262 1
0 0 1 121 5 0001c361 1
0 0 1 -117 -11 0001c5be 1
0 0 1 -45 -25 0001cac5 1
0 0 1 52 -116 0001cf2a 1
0 0 1 13 116 0001b79a 1
0 0 1 126 -73 0001bd7e 1
0 0 1 3 116 00019990 1
0 0 1 54 -101 00019aec 1
0 0 1 120 -8 0001859e 1
0 0 1 -33 -44 000181de 1
0 0 1 -11 -34 0001878a 1
0 0 1 124 0 00018900 1
0 0 1 -61 75 00018900 1
0 0 1 -50 102 00017721 1
0 0 1 -78 0 00016335 1
0 0 1 110 -31 00016335 1
0 0 1 110 0 000155e3 1
0 0 1 14 67 000155e3 1
0 0 1 -2 34 0001598d 1
0 0 1 -16 -115 00015949 1
0 0 1 110 89 00016079 1
0 0 1 -9 63 000186b7 1
0 0 1 76 -91 00018480 1
0 0 1 -66 74 0001697c 1
0 0 1 -12 18 00015668 1
0 0 1 127 29 00015590 1
0 0 1 94 43 000163f3 1
0 0 1 42 -74 000173bd 1
0 0 1 -84 52 00016799 1
0 0 1 115 56 00015689 1
0 0 1 -127 3 00016fb1 1
0 0 1 75 -69 00016e34 1
0 0 1 56 50 000159fd 1
0 0 1 101 -21 000164ed 1
0 0 1 19 -15 00015ca4 1
0 0 1 -54 24 00015b87 1
0 0 1 -45 -84 00015677 1
0 0 1 43 51 0001653b 1
0 0 1 -128 107 00016dcc 1
0 0 1 -51 42 0001384c 1
0 0 1 60 -22 00012fee 1
0 0 1 66 0 00012ac6 1
0 0 1 74 49 00012ac6 1
0 0 1 96 0 000138f0 1
0 0 1 106 7 000138f0 1
0 0 1 0 3 00013bd6 1
0 0 1 16 -14 00013bd6 1
0 0 1 0 -66 00013af6 1
0 0 1 -57 -3 00013af6 1
0 0 1 106 27 00013ba1 1
0 0 1 -23 -10 000146cf 1
0 0 1 93 118 000147b5 1
0 0 1 -125 120 00017293 1
0 0 1 118 3 000137fb 1
0 0 1 102 -114 0001395d 1
0 0 1 97 -125 00010bf1 1
0 0 1 -99 67 0000dc94 1
0 0 1 43 121 0000c2ab 1
0 0 1 -38 -3 0000d6fe 1
0 0 1 43 94 0000d770 1
0 0 1 43 122 0000e73a 1
0 0 1 91 -104 0000fbb8 1
0 0 1 84 111 0000d6c0 1
0 0 1 45 75 0000fb2c 1
0 0 1 115 121 0001085b 1
0 0 1 39 -69 00013eb6 1
0 0 1 29 -79 00013433 1
0 0 1 -15 -110 00012b40 1
0 0 1 84 7 000131b2 1
0 0 1 -57 79 000133fe 1
0 0 1 79 53 00012267 1
0 0 1 -98 -64 000132c2 1
0 0 1 14 103 00014b42 1
0 0 1 -111 -14 000150e4 1
0 0 1 -99 6 000156f6 1
0 0 1 118 -18 000154a4 1
0 0 1 76 -77 00014c58 1
0 0 1 57 53 0001357c 1
0 0 1 58 39 00014149 1
0 0 1 66 14 00014a1f 1
0 0 1 -68 62 00014dbb 1
0 0 1 73 43 00013d43 1
0 0 1 -15 -108 00014986 1
0 0 1 -17 -16 00014fda 1
0 0 1 102 -83 000150ea 1
0 0 1 0 -52 00012fd8 1
0 0 1 0 29 00012fd8 1
0 0 1 54 -127 00012fd8 1
0 0 1 6 47 0001150e 1
0 0 1 -69 -42 00011628 1
0 0 1 -120 110 0001217a 1
0 0 1 85 93 0000edea 1
0 0 1 112 -105 00010ccb 1
0 0 1 -39 92 0000dedb 1
0 0 1 113 -33 0000d0d7 1
0 0 1 -7 81 0000c246 1
0 0 1 75 40 0000c00f 1
0 0 1 -117 64 0000cbc7 1
0 0 1 75 -128 0000ae87 1
0 0 1 -126 -80 00008907 1
0 0 1 36 -31 0000b067 1
0 0 1 -45 -38 0000ac0b 1
0 0 1 -51 -127 0000b2b9 1
0 0 1 90 -81 0000cc06 1
0 0 1 0 37 0000af8c 1
0 0 1 89 -83 0000af8c 1
0 0 1 43 -112 000092b1 1
0 0 1 31 -9 00007fe1 1
0 0 1 70 -70 00007eca 1
0 0 1 -108 118 00006ba6 1
0 0 1 99 -40 000039de 1
0 0 1 -88 92 00002a66 1
0 0 1 88 103 00000ac6 1
0 0 1 -59 51 00002e2e 1
0 0 1 -77 74 0000226d 1
0 0 1 -78 -36 00000c2b 1
0 0 1 84 0 00001723 1
0 0 1 -30 -47 00001723 1
0 0 1 89 -9 00001ca5 1
0 0 1 -53 12 00001984 1
0 0 1 -106 -76 00001708 1
0 0 1 -65 65 00003680 1
0 0 1 -15 60 000025ff 1
0 0 1 -80 108 0000227b 1
0 0 1 -11 15 000000bb 1
0 0 1 -16 92 00000016 1
0 0 1 -34 51 fffffa56 1
0 0 1 0 46 fffff390 1
0 0 1 -1 -109 fffff390 1
0 0 1 0 47 fffff3fd 1
0 0 1 -43 -49 fffff3fd 1
0 0 1 -46 117 fffffc38 1
0 0 1 0 44 ffffe732 1
0 0 1 -22 0 ffffe732 1
0 0 1 -10 -62 ffffe732 1
0 0 1 -9 -44 ffffe99e 1
0 0 1 20 -71 ffffeb2a 1
0 0 1 -81 4 ffffe59e 1
0 0 1 -35 -86 ffffe45a 1
0 0 1 77 -115 fffff01c 1
0 0 1 64 27 ffffcd85 1
0 0 1 109 26 ffffd445 1
0 0 1 89 -124 ffffdf57 1
0 0 1 -28 2 ffffb43b 1
0 0 1 -52 14 ffffb403 1
0 0 1 -27 -125 ffffb12b 1
0 0 1 12 27 ffffbe5a 1
0 0 1 -93 119 ffffbf9e 1
0 0 1 -86 76 ffff9463 1
0 0 1 54 41 ffff7adb 1
0 0 1 19 -14 ffff8381 1
0 0 1 122 -39 ffff8277 1
0 0 1 -86 75 ffff6fe1 1
0 0 1 -28 17 ffff56af 1
0 0 1 0 -23 ffff54d3 1
0 0 1 98 -113 ffff54d3 1
0 0 1 4 65 ffff2991 1
0 0 1 -121 -123 ffff2a95 1
0 0 1 0 -68 ffff64b8 1
0 0 1 110 67 ffff64b8 1
0 0 1 -39 0 ffff8182 1
0 0 1 100 30 ffff8182 1
0 0 1 -28 79 ffff8d3a 1
0 0 1 -43 37 ffff8496 1
0 0 1 -37 54 ffff7e5f 1
0 0 1 75 -26 ffff7691 1
0 0 1 -22 -102 ffff6ef3 1
0 0 1 -124 15 ffff77b7 1
0 0 1 -93 0 ffff7073 1
0 0 1 94 -11 ffff7073 1
0 0 1 -18 30 ffff6c69 1
0 0 1 116 110 ffff6a4d 1
0 0 1 -32 0 ffff9c25 1
0 0 1 -107 107 ffff9c25 1
0 0 1 -118 76 ffff6f6c 1
0 0 1 6 -37 ffff4c64 1
0 0 1 112 -59 ffff4b86 1
0 0 1 98 38 ffff31b6 1
0 0 1 -5 -21 ffff4042 1
0 0 1 22 -9 ffff40ab 1
0 0 1 -30 -127 ffff3fe5 1
0 0 1 126 110 ffff4ec7 1
0 0 1 1 4 ffff84eb 1
0 0 1 1 126 ffff84ef 1
0 0 1 -36 102 ffff856d 1
0 0 1 58 -70 ffff7715 1
0 0 1 -57 30 ffff6739 1
0 0 1 -86 -69 ffff608b 1
0 0 1 37 -32 ffff77b9 1
0 0 1 24 85 ffff7319 1
0 0 1 -71 71 ffff7b11 1
0 0 1 121 -114 ffff6760 1
0 0 1 110 -112 ffff317e 1
0 0 1 0 -10 ffff015e 1
0 0 1 -96 114 ffff015e 1
0 0 1 14 -30 fffed69e 1
0 0 1 38 -10 fffed4fa 1
0 0 1 -8 -59 fffed37e 1
0 0 1 7 -49 fffed556 1
0 0 1 107 85 fffed3ff 1
0 0 1 -116 41 fffef786 1
0 0 1 84 72 fffee4f2 1
0 0 1 89 -60 fffefc92 1
0 0 1 72 -31 fffee7b6 1
0 0 1 0 -46 fffedefe 1
0 0 1 0 -24 fffedefe 1
0 0 1 45 -121 fffedefe 1
0 0 1 -52 -105 fffec9b9 1
0 0 1 -20 10 fffedf0d 1
0 0 1 -98 116 fffede45 1
0 0 1 -20 -4 fffeb1dd 1
0 0 1 65 77 fffeb22d 1
0 0 1 -69 -25 fffec5ba 1
0 0 1 87 -3 fffecc77 1
0 0 1 -109 60 fffecb72 1
0 0 1 -45 106 fffeb1e6 1
0 0 1 123 85 fffe9f44 1
0 0 1 -60 -33 fffec81b 1
0 0 1 79 -83 fffecfd7 1
0 0 1 87 -89 fffeb63a 1
0 0 1 4 0 fffe97fb 1
0 0 1 14 -8 fffe97fb 1
0 0 1 77 -116 fffe978b 1
0 0 1 106 -76 fffe74a7 1
0 0 1 113 27 fffe552f 1
0 0 1 -29 70 fffe611a 1
0 0 1 -107 112 fffe592c 1
0 0 1 49 -106 fffe2a5c 1
0 0 1 77 -125 fffe1612 1
0 0 1 11 9 fffdf079 1
0 0 1 35 -120 fffdf0dc 1
0 0 1 0 -69 fffde074 1
0 0 1 -19 125 fffde074 1
0 0 1 -67 -90 fffdd72d 1
0 0 1 0 16 fffdeebb 1
0 0 1 86 -119 fffdeebb 1
0 0 1 -47 -7 fffdc6c1 1
0 0 1 -88 27 fffdc80a 1
0 0 1 -121 -44 fffdbec2 1
0 0 1 -41 12 fffdd38e 1
0 0 1 32 -91 fffdd1a2 1
0 0 1 -124 -120 fffdc642 1
0 0 1 14 110 fffe0062 1
0 0 1 -43 -49 fffe0666 1
0 0 1 -80 -61 fffe0ea1 1
0 0 1 -100 15 fffe21b1 1
0 0 1 18 50 fffe1bd5 1
0 0 1 48 57 fffe1f59 1
0 0 1 73 0 fffe2a09 1
0 0 1 -123 -121 fffe2a09 1
0 0 1 30 92 fffe642c 1
0 0 1 90 43 fffe6ef4 1
0 0 1 -94 -104 fffe7e12 1
0 0 1 2 -29 fffea442 1
0 0 1 -103 -19 fffea408 1
0 0 1 87 -105 fffeabad 1
0 0 1 4 -75 fffe87fe 1
0 0 1 -78 -17 fffe86d2 1
0 0 1 -101 -50 fffe8c00 1
0 0 1 110 -17 fffe9fba 1
0 0 1 -100 -78 fffe986c 1
0 0 1 10 15 fffeb6e4 1
0 0 1 118 5 fffeb77a 1
0 0 1 -69 12 fffeb9c8 1
0 0 1 6 58 fffeb68c 1
0 0 1 14 -97 fffeb7e8 1
0 0 1 6 -79 fffeb29a 1
0 0 1 80 65 fffeb0c0 1
0 0 1 71 72 fffec510 1
0 0 1 34 18 fffed908 1
0 0 1 -119 103 fffedb6c 1
0 0 1 61 -45 fffeab8b 1
0 0 1 111 -15 fffea0d2 1
0 0 1 0 10 fffe9a51 1
0 0 1 -8 96 fffe9a51 1
0 0 1 -77 -35 fffe9751 1
0 0 1 -82 91 fffea1d8 1
0 0 1 -117 45 fffe84b2 1
0 0 1 93 10 fffe7021 1
0 0 1 89 -114 fffe73c3 1
0 0 1 36 69 fffe4c21 1
0 0 1 -15 90 fffe55d5 1
0 0 1 55 -51 fffe508f 1
0 0 1 79 -4 fffe459a 1
0 0 1 72 29 fffe445e 1
0 0 1 29 66 fffe4c86 1
0 0 1 120 113 fffe5400 1
0 0 1 0 95 fffe88f8 1
0 0 1 -69 -55 fffe88f8 1
0 0 1 0 -79 fffe97cb 1
0 0 1 32 21 fffe97cb 1
0 0 1 -78 -29 fffe9a6b 1
0 0 1 -27 85 fffea341 1
0 0 1 -51 -78 fffe9a4a 1
0 0 1 90 86 fffea9d4 1
0 0 1 71 97 fffec810 1
0 0 1 -117 111 fffee2f7 1
0 0 1 -7 43 fffeb03c 1
0 0 1 -9 -94 fffeaf0f 1
0 0 1 -66 -29 fffeb25d 1
0 0 1 123 -120 fffeb9d7 1
0 0 1 -52 -49 fffe802f 1
0 0 1 22 -122 fffe8a23 1
0 0 1 -5 104 fffe7fa7 1
0 0 1 33 95 fffe7d9f 1
0 0 1 -24 -68 fffe89de 1
0 0 1 3 -46 fffe903e 1
0 0 1 -55 107 fffe8fb4 1
0 0 1 57 -68 fffe78b7 1
0 0 1 -34 94 fffe6993 1
0 0 1 38 -8 fffe5d17 1
0 0 1 -58 97 fffe5be7 1
0 0 1 0 71 fffe45ed 1
0 0 1 -113 38 fffe45ed 1
0 0 1 55 108 fffe3527 1
0 0 1 106 -113 fffe4c5b 1
0 0 1 61 -85 fffe1d91 1
0 0 1 -107 100 fffe0950 1
0 0 1 3 -41 fffddf84 1
0 0 1 -51 -35 fffddf09 1
0 0 1 -83 -81 fffde602 1
0 0 1 25 -8 fffe0045 1
0 0 1 -37 127 fffdff7d 1
0 0 1 -67 15 fffded22 1
0 0 1 -94 -115 fffde935 1
0 0 1 -38 75 fffe136f 1
0 0 1 95 -90 fffe084d 1
0 0 1 56 0 fffde6e7 1
0 0 1 -58 100 fffde6e7 1
0 0 1 -32 -41 fffdd03f 1
0 0 1 17 115 fffdd55f 1
0 0 1 -55 108 fffddd02 1
0 0 1 -116 0 fffdc5ce 1
0 0 1 -76 115 fffdc5ce 1
0 0 1 69 -114 fffda3aa 1
0 0 1 100 0 fffd84f0 1
0 0 1 -119 6 fffd84f0 1
0 0 1 -17 87 fffd8226 1
0 0 1 -112 93 fffd7c5f 1
0 0 1 54 -71 fffd53af 1
0 0 1 -28 12 fffd44b5 1
0 0 1 93 -2 fffd4365 1
0 0 1 21 -101 fffd42ab 1
0 0 1 94 43 fffd3a62 1
0 0 1 -72 117 fffd4a2c 1
0 0 1 -28 6 fffd2944 1
0 0 1 41 99 fffd289c 1
0 0 1 120 -13 fffd3877 1
0 0 1 -31 -20 fffd325f 1
0 0 1 -15 -52 fffd34cb 1
0 0 1 -41 123 fffd37d7 1
0 0 1 15 39 fffd2424 1
0 0 1 22 115 fffd266d 1
0 0 1 -102 126 fffd304f 1
0 0 1 95 -26 fffcfe1b 1
0 0 1 50 -80 fffcf475 1
0 0 1 -128 109 fffce4d5 1
0 0 1 -69 -69 fffcae55 1
0 0 1 -82 -5 fffcc0ee 1
0 0 1 -14 50 fffcc288 1
0 0 1 120 24 fffcbfcc 1
0 0 1 0 -101 fffccb0c 1
0 0 1 41 -98 fffccb0c 1
0 0 1 -88 104 fffcbb5a 1
0 0 1 54 -73 fffc979a 1
0 0 1 -42 -77 fffc8834 1
0 0 1 -93 30 fffc94d6 1
0 0 1 105 95 fffc89f0 1
0 0 1 109 -66 fffcb0e7 1
0 0 1 -73 -70 fffc94cd 1
0 0 1 -122 87 fffca8c3 1
0 0 1 37 82 fffc7f4d 1
0 0 1 109 -117 fffc8b27 1
0 0 1 -103 70 fffc5956 1
0 0 1 76 -56 fffc3d2c 1
0 0 1 8 -29 fffc2c8c 1
0 0 1 17 102 fffc2ba4 1
0 0 1 -117 36 fffc326a 1
0 0 1 -35 121 fffc21f6 1
0 0 1 74 -85 fffc116b 1
0 0 1 -63 -14 fffbf8d9 1
0 0 1 101 117 fffbfc4b 1
0 0 1 54 -122 fffc2a74 1
0 0 1 0 50 fffc10b8 1
0 0 1 70 116 fffc10b8 1
0 0 1 113 15 fffc3070 1
0 0 1 -59 -41 fffc370f 1
0 0 1 123 55 fffc4082 1
0 0 1 -45 -75 fffc5aef 1
0 0 1 118 -127 fffc681e 1
0 0 1 39 -123 fffc2d94 1
0 0 1 -6 -7 fffc1ad7 1
0 0 1 51 -89 fffc1b01 1
0 0 1 108 25 fffc0946 1
0 0 1 -111 0 fffc13d2 1
0 0 1 -65 0 fffc13d2 1
0 0 1 -40 -39 fffc13d2 1
0 0 1 -47 -81 fffc19ea 1
0 0 1 -7 -41 fffc28c9 1
0 0 1 -123 12 fffc29e8 1
0 0 1 -108 99 fffc2424 1
0 0 1 115 -57 fffbfa60 1
0 0 1 -45 -125 fffbe0c5 1
0 0 1 0 91 fffbf6be 1
0 0 1 -12 -37 fffbf6be 1
0 0 1 -60 -94 fffbf87a 1
0 0 1 25 93 fffc0e82 1
0 0 1 79 0 fffc1797 1
0 0 1 -94 81 fffc1797 1
0 0 1 -85 -36 fffbf9d9 1
0 0 1 68 -32 fffc05cd 1
0 0 1 -107 14 fffbfd4d 1
0 0 1 43 -100 fffbf773 1
0 0 1 36 -41 fffbe6a7 1
0 0 1 -21 -40 fffbe0e3 1
0 0 1 -2 13 fffbe42b 1
0 0 1 4 -75 fffbe411 1
0 0 1 -33 59 fffbe2e5 1
0 0 1 22 120 fffbdb4a 1
0 0 1 12 -57 fffbe59a 1
0 0 1 126 40 fffbe2ee 1
0 0 1 -64 30 fffbf69e 1
0 0 1 100 -103 fffbef1e 1
0 0 1 -51 69 fffbc6e2 1
0 0 1 32 -55 fffbb923 1
0 0 1 120 84 fffbb243 1
0 0 1 17 0 fffbd9a3 1
0 0 1 -21 -124 fffbd9a3 1
0 0 1 -22 -10 fffbe3cf 1
0 0 1 108 -5 fffbe4ab 1
0 0 1 4 -85 fffbe28f 1
0 0 1 -122 29 fffbe13b 1
0 0 1 16 -81 fffbd369 1
0 0 1 -63 35 fffbce59 1
0 0 1 -102 -105 fffbc5bc 1
0 0 1 115 65 fffbef92 1
0 0 1 -103 27 fffc0cc5 1
0 0 1 -88 -123 fffc01e8 1
0 0 1 -33 47 fffc2c30 1
0 0 1 113 -35 fffc2621 1
0 0 1 -59 -95 fffc16ae 1
0 0 1 -23 42 fffc2c93 1
0 0 1 56 115 fffc28cd 1
0 0 1 71 0 fffc41f5 1
0 0 1 91 -4 fffc41f5 1
0 0 1 2 18 fffc4089 1
0 0 1 -56 -61 fffc40ad 1
0 0 1 26 -107 fffc4e05 1
0 0 1 57 4 fffc4327 1
0 0 1 -76 21 fffc440b 1
0 0 1 12 -99 fffc3dcf 1
0 0 1 102 95 fffc392b 1
0 0 1 -89 -114 fffc5f05 1
0 0 1 -17 8 fffc86a7 1
0 0 1 59 89 fffc861f 1
0 0 1 -126 44 fffc9aa2 1
0 0 1 100 11 fffc84fa 1
0 0 1 -112 -123 fffc8946 1
0 0 1 119 -87 fffcbf16 1
0 0 1 110 11 fffc96a5 1
0 0 1 6 -77 fffc9b5f 1
0 0 1 120 -83 fffc9991 1
0 0 1 97 26 fffc72a9 1
0 0 1 0 -28 fffc7c83 1
0 0 1 -94 13 fffc7c83 1
0 0 1 48 43 fffc77bd 1
0 0 1 -21 -83 fffc7fcd 1
0 0 1 -72 -111 fffc869c 1
0 0 1 122 97 fffca5d4 1
0 0 1 93 0 fffcd40e 1
0 0 1 0 -108 fffcd40e 1
0 0 1 -88 108 fffcd40e 1
0 0 1 -78 23 fffcaeee 1
0 0 1 8 -45 fffca7ec 1
0 0 1 -71 -12 fffca684 1
0 0 1 -35 117 fffca9d8 1
0 0 1 75 57 fffc99d9 1
0 0 1 127 23 fffcaa8c 1
0 0 1 62 -68 fffcb5f5 1
0 0 1 -96 -13 fffca57d 1
0 0 1 -59 120 fffcaa5d 1
0 0 1 24 -118 fffc8eb5 1
0 0 1 -35 -111 fffc83a5 1
0 0 1 -15 -113 fffc92d2 1
0 0 1 93 -23 fffc9971 1
0 0 1 -88 -83 fffc9116 1
0 0 1 -22 -82 fffcad9e 1
0 0 1 -57 105 fffcb4aa 1
0 0 1 25 -12 fffc9d49 1
0 0 1 -66 -64 fffc9c1d 1
0 0 1 8 -96 fffcac9d 1
0 0 1 -3 64 fffca99d 1
0 0 1 96 -39 fffca8dd 1
0 0 1 26 -53 fffc9a3d 1
0 0 1 -18 34 fffc94db 1
0 0 1 -23 -9 fffc9277 1
0 0 1 110 -47 fffc9346 1
0 0 1 -65 -80 fffc7f14 1
0 0 1 33 44 fffc9364 1
0 0 1 -109 -110 fffc9910 1
0 0 1 -31 20 fffcc7e6 1
0 0 1 -122 22 fffcc57a 1
0 0 1 -63 66 fffcbafe 1
0 0 1 67 48 fffcaac0 1
0 0 1 -24 68 fffcb750 1
0 0 1 101 100 fffcb0f0 1
0 0 1 -1 77 fffcd864 1
0 0 1 95 33 fffcd817 1
0 0 1 -41 80 fffce456 1
0 0 1 -118 -22 fffcd786 1
0 0 1 -60 0 fffce1aa 1
0 0 1 -98 -109 fffce1aa 1
0 0 1 108 24 fffd0b64 1
0 0 1 116 104 fffd1584 1
0 0 1 33 19 fffd44a4 1
0 0 1 113 -7 fffd4717 1
0 0 1 -126 0 fffd4400 1
0 0 1 -95 -71 fffd4400 1
0 0 1 -40 -13 fffd5e59 1
0 0 1 -81 69 fffd6061 1
0 0 1 -38 127 fffd4a8c 1
0 0 1 -62 -113 fffd37b2 1
0 0 1 31 59 fffd5310 1
0 0 1 -61 -4 fffd5a35 1
0 0 1 102 96 fffd5b29 1
0 0 1 -19 -46 fffd8169 1
0 0 1 -123 0 fffd84d3 1
0 0 1 45 -4 fffd84d3 1
0 0 1 109 54 fffd841f 1
0 0 1 -41 51 fffd9b1d 1
0 0 1 -37 68 fffd92f2 1
0 0 1 -72 74 fffd891e 1
0 0 1 14 -19 fffd744e 1
0 0 1 -45 -7 fffd7344 1
0 0 1 120 45 fffd747f 1
0 0 1 58 -1 fffd8997 1
0 0 1 0 -53 fffd895d 1
0 0 1 -63 42 fffd895d 1
0 0 1 7 44 fffd7f07 1
0 0 1 103 55 fffd803b 1
0 0 1 -70 2 fffd965c 1
0 0 1 -19 -104 fffd95d0 1
0 0 1 -113 -77 fffd9d88 1
0 0 1 -108 -128 fffdbf85 1
0 0 1 -51 60 fffdf585 1
0 0 1 33 0 fffde991 1
0 0 1 0 -24 fffde991 1
0 0 1 -96 17 fffde991 1
0 0 1 -89 33 fffde331 1
0 0 1 51 -48 fffdd7b8 1
0 0 1 -42 95 fffdce28 1
0 0 1 -19 -15 fffdbe92 1
0 0 1 -97 -67 fffdbfaf 1
0 0 1 -77 -39 fffdd912 1
0 0 1 11 7 fffde4cd 1
0 0 1 0 -38 fffde51a 1
0 0 1 30 20 fffde51a 1
0 0 1 -98 106 fffde772 1
0 0 1 -109 -5 fffdbede 1
0 0 1 58 71 fffdc0ff 1
0 0 1 83 0 fffdd115 1
0 0 1 -94 -122 fffdd115 1
0 0 1 -117 119 fffdfde1 1
0 0 1 -83 -74 fffdc77e 1
0 0 1 -18 73 fffddf7c 1
0 0 1 -109 -69 fffdda5a 1
0 0 1 -59 15 fffdf7bb 1
0 0 1 -58 61 fffdf446 1
0 0 1 -93 22 fffde674 1
0 0 1 -127 6 fffdde76 1
0 0 1 91 83 fffddb7c 1
0 0 1 0 -16 fffdf8fd 1
0 0 1 -70 -94 fffdf8fd 1
0 0 1 69 54 fffe12b1 1
0 0 1 96 -25 fffe213f 1
0 0 1 23 -88 fffe17df 1
0 0 1 90 -13 fffe0ff7 1
0 0 1 -121 -19 fffe0b65 1
0 0 1 -62 -56 fffe1460 1
0 0 1 102 -119 fffe21f0 1
0 0 1 108 34 fffdf286 1
0 0 1 -77 -79 fffe00de 1
0 0 1 -49 -7 fffe18a1 1
0 0 1 -51 94 fffe19f8 1
0 0 1 8 -65 fffe073e 1
0 0 1 -85 -87 fffe0536 1
0 0 1 -91 -11 fffe2219 1
0 0 1 -71 121 fffe2602 1
0 0 1 -39 93 fffe0473 1
0 0 1 -58 -59 fffdf648 1
0 0 1 -84 -110 fffe03a6 1
0 0 1 -123 52 fffe27be 1
0 0 1 -75 -123 fffe0ec2 1
0 0 1 97 -39 fffe32cb 1
0 0 1 63 9 fffe2404 1
0 0 1 110 -77 fffe263b 1
0 0 1 40 -110 fffe0525 1
0 0 1 61 -73 fffdf3f5 1
0 0 1 127 24 fffde290 1
0 0 1 13 83 fffdee78 1
0 0 1 -29 -84 fffdf2af 1
0 0 1 -77 114 fffdfc33 1
0 0 1 -64 94 fffdd9e9 1
0 0 1 107 -77 fffdc269 1
0 0 1 -58 -95 fffda23a 1
0 0 1 0 -123 fffdb7c0 1
0 0 1 -72 120 fffdb7c0 1
0 0 1 -2 -30 fffd9600 1
0 0 1 124 123 fffd963c 1
0 0 1 88 11 fffdd1d0 1
0 0 1 -51 -14 fffdd598 1
0 0 1 68 19 fffdd862 1
0 0 1 -101 64 fffddd6e 1
0 0 1 -1 118 fffdc42e 1
0 0 1 120 -31 fffdc3b8 1
0 0 1 99 -8 fffdb530 1
0 0 1 0 -44 fffdb218 1
0 0 1 0 44 fffdb218 1
0 0 1 -28 -110 fffdb218 1
0 0 1 46 102 fffdbe20 1
0 0 1 96 38 fffdd074 1
0 0 1 -30 -68 fffddeb4 1
0 0 1 0 -99 fffde6ac 1
0 0 1 30 -96 fffde6ac 1
0 0 1 -37 114 fffddb6c 1
0 0 1 97 61 fffdcaf2 1
0 0 1 -17 13 fffde20f 1
0 0 1 -80 30 fffde132 1
0 0 1 13 114 fffdd7d2 1
0 0 1 -109 -83 fffddd9c 1
0 0 1 81 -41 fffe00f3 1
0 0 1 24 -59 fffdf3fa 1
0 0 1 85 57 fffdee72 1
0 0 1 -57 17 fffe015f 1
0 0 1 98 -54 fffdfd96 1
0 0 1 -30 -126 fffde8ea 1
0 0 1 28 18 fffdf7ae 1
0 0 1 124 -35 fffdf9a6 1
0 0 1 -112 57 fffde8b2 1
0 0 1 -55 28 fffdcfc2 1
0 0 1 -24 -88 fffdc9be 1
0 0 1 -62 -126 fffdd1fe 1
0 0 1 -109 116 fffdf082 1
0 0 1 25 -58 fffdbf1e 1
0 0 1 -54 34 fffdb974 1
0 0 1 -3 -63 fffdb248 1
0 0 1 -17 -62 fffdb305 1
0 0 1 -19 -1 fffdb723 1
0 0 1 -103 108 fffdb736 1
0 0 1 25 67 fffd8bc2 1
0 0 1 -30 -11 fffd924d 1
0 0 1 124 -81 fffd9397 1
0 0 1 68 -81 fffd6c5b 1
0 0 1 90 -123 fffd56d7 1
0 0 1 -75 106 fffd2b99 1
0 0 1 -83 -15 fffd0c8b 1
0 0 1 38 -71 fffd1168 1
0 0 1 104 -40 fffd06de 1
0 0 1 0 98 fffcf69e 1
0 0 1 -18 85 fffcf69e 1
0 0 1 0 101 fffcf0a4 1
0 0 1 82 -29 fffcf0a4 1
0 0 1 21 59 fffce75a 1
0 0 1 -14 24 fffcec31 1
0 0 1 -127 112 fffceae1 1
0 0 1 -125 73 fffcb351 1
0 0 1 -97 -37 fffc8fac 1
0 0 1 3 -90 fffc9db1 1
0 0 1 126 24 fffc9ca3 1
0 0 1 27 31 fffca873 1
0 0 1 95 8 fffcabb8 1
0 0 1 70 -103 fffcaeb0 1
0 0 1 -74 118 fffc9286 1
0 0 1 -99 -98 fffc706a 1
0 0 1 70 0 fffc9650 1
0 0 1 -73 -39 fffc9650 1
0 0 1 105 58 fffca16f 1
0 0 1 -124 15 fffcb939 1
0 0 1 -37 40 fffcb1f5 1
0 0 1 120 -17 fffcac2d 1
0 0 1 111 -92 fffca435 1
0 0 1 7 98 fffc7c51 1
0 0 1 -78 95 fffc7eff 1
0 0 1 -90 -115 fffc620d 1
0 0 1 97 -47 fffc8a7b 1
0 0 1 0 -92 fffc78ac 1
0 0 1 28 104 fffc78ac 1
0 0 1 0 97 fffc840c 1
0 0 1 94 -13 fffc840c 1
0 0 1 -60 27 fffc7f46 1
0 0 1 12 -63 fffc78f2 1
0 0 1 -48 2 fffc75fe 1
0 0 1 -96 97 fffc759e 1
0 0 1 -128 -105 fffc513e 1
0 0 1 -104 26 fffc85be 1
0 0 1 -79 0 fffc7b2e 1
0 0 1 123 93 fffc7b2e 1
0 0 1 -25 -101 fffca7dd 1
0 0 1 -66 35 fffcb1ba 1
0 0 1 59 87 fffca8b4 1
0 0 1 -62 78 fffcbcc1 1
0 0 1 33 5 fffca9dd 1
0 0 0 37 -83 fffcaa82 1
0 0 0 -49 72 fffcaa82 0
