1 0 0 0 0 00000000 0
1 0 0 0 0 00000000 0
1 0 0 0 0 00000000 0
0 0 1 -99 122 00000000 0
0 0 1 117 -14 ffffd0d2 1
0 0 1 -42 -127 ffffca6c 1
0 0 1 88 -59 ffffdf42 1
0 0 1 -36 -126 ffffcafa 1
0 0 1 0 114 ffffdcb2 1
0 0 1 5 -13 ffffdcb2 1
0 0 1 -89 -123 ffffdc71 1
0 0 1 -91 -20 00000734 1
0 0 1 -86 75 00000e50 1
0 0 1 43 -21 fffff51e 1
0 0 1 39 -82 fffff197 1
0 0 1 -2 -82 ffffe519 1
0 0 1 -43 -74 ffffe5bd 1
0 0 1 53 0 fffff22b 1
0 0 1 123 -7 fffff22b 1
0 0 1 -79 34 ffffeece 1
0 0 1 -68 72 ffffe450 1
0 0 1 -1 67 ffffd130 1
0 0 1 77 64 ffffd0ed 1
0 0 1 -89 -46 ffffe42d 1
0 0 1 35 82 fffff42b 1
0 0 1 111 0 ffffff61 1
0 0 1 -120 -21 ffffff61 1
0 0 1 -76 -18 00000939 1
0 0 1 -53 104 00000e91 1
0 0 1 19 107 fffff909 1
0 0 1 -117 -92 000000fa 1
0 0 1 0 -34 00002b06 1
0 0 1 100 48 00002b06 1
0 0 1 -33 -32 00003dc6 1
0 0 1 -72 101 000041e6 1
0 0 1 83 -40 0000257e 1
0 0 1 16 23 00001886 1
0 0 1 79 -35 000019f6 1
0 0 1 104 -40 00000f29 1
0 0 1 -2 47 fffffee9 1
0 0 1 -72 -43 fffffe8b 1
0 0 1 -10 -82 00000aa3 1
0 0 1 47 22 00000dd7 1
0 0 1 126 0 000011e1 1
0 0 1 0 37 000011e1 1
0 0 1 40 -89 000011e1 1
0 0 1 -69 106 000003f9 1
0 0 1 58 72 ffffe767 1
0 0 1 7 -80 fffff7b7 1
0 0 1 -84 -50 fffff587 1
0 0 1 20 0 000005ef 1
0 0 1 82 107 000005ef 1
0 0 1 52 -49 00002835 1
0 0 1 -85 -20 00001e41 1
0 0 1 110 122 000024e5 1
0 0 1 98 0 00005951 1
0 0 1 6 89 00005951 1
0 0 1 98 -113 00005b67 1
0 0 1 -104 -105 00003025 1
0 0 1 117 -57 00005acd 1
0 0 1 -68 -41 000040c0 1
0 0 1 -15 5 00004ba4 1
0 0 1 -96 -122 00004b59 1
0 0 1 -79 40 00007919 1
0 0 1 91 -125 00006cc1 1
0 0 1 126 49 00004052 1
0 0 1 -84 -82 00005870 1
0 0 1 87 -110 00007358 1
0 0 1 83 -32 00004df6 1
0 0 1 118 -39 00004396 1
0 0 1 -127 -106 0000319c 1
0 0 1 23 -99 00006632 1
0 0 1 123 -90 00005d4d 1
0 0 1 0 -121 0000320f 1
0 0 1 -99 82 0000320f 1
0 0 1 105 15 00001259 1
0 0 1 -85 99 00001880 1
0 0 1 -41 -42 fffff7a1 1
0 0 1 57 99 fffffe5b 1
0 0 1 0 101 00001466 1
0 0 1 5 125 00001466 1
0 0 1 -54 -119 000016d7 1
0 0 1 -122 36 00002ff1 1
0 0 1 122 89 00001ec9 1
0 0 1 -124 59 00004933 1
0 0 1 95 -28 00002c9f 1
0 0 1 86 0 0000223b 1
0 0 1 -57 0 0000223b 1
0 0 1 -38 -9 0000223b 1
0 0 1 34 -105 00002391 1
0 0 1 -10 -44 0000159f 1
0 0 1 10 -14 00001757 1
0 0 1 76 5 000016cb 1
0 0 1 0 45 00001847 1
0 0 1 28 39 00001847 1
0 0 1 24 49 00001c8b 1
0 0 1 44 49 00002123 1
0 0 1 0 -34 0000298f 1
0 0 1 82 48 0000298f 1
0 0 1 -115 40 000038ef 1
0 0 1 -38 -52 000026f7 1
0 0 1 -56 -48 00002eaf 1
0 0 1 -111 51 0000392f 1
0 0 1 59 -32 00002312 1
0 0 1 -72 0 00001bb2 1
0 0 1 -15 21 00001bb2 1
0 0 1 -120 112 00001a77 1
0 0 1 -120 -67 ffffe5f7 1
0 0 1 78 -38 0000055f 1
0 0 1 42 28 fffff9cb 1
0 0 1 113 -109 fffffe63 1
0 0 1 7 -9 ffffce46 1
0 0 1 127 17 ffffce07 1
0 0 1 79 -106 ffffd676 1
0 0 1 106 -117 ffffb5c0 1
0 0 1 101 119 ffff854e 1
0 0 1 -127 48 ffffb441 1
0 0 1 -10 23 ffff9c71 1
0 0 1 -6 23 ffff9b8b 1
0 0 1 8 -63 ffff9b01 1
0 0 1 34 121 ffff9909 1
0 0 1 -96 -95 ffffa91b 1
0 0 1 50 54 ffffccbb 1
0 0 1 -16 21 ffffd747 1
0 0 1 -89 -90 ffffd5f7 1
0 0 1 -11 -60 fffff541 1
0 0 1 24 40 fffff7d5 1
0 0 1 -34 115 fffffb95 1
0 0 1 42 -92 ffffec4f 1
0 0 1 -57 -59 ffffdd37 1
0 0 1 39 123 ffffea5a 1
0 0 1 124 24 fffffd17 1
0 0 1 124 26 000008b7 1
0 0 1 -112 1 0000154f 1
0 0 1 0 -87 000014df 1
0 0 1 -3 -111 000014df 1
0 0 1 -60 0 0000162c 1
0 0 1 -18 9 0000162c 1
0 0 1 -120 12 0000158a 1
0 0 1 -56 3 00000fea 1
0 0 1 -124 35 00000f42 1
0 0 1 -84 55 fffffe4e 1
0 0 1 -63 23 ffffec42 1
0 0 1 -4 -23 ffffe699 1
0 0 1 67 -28 ffffe6f5 1
0 0 1 4 37 ffffdfa1 1
0 0 1 88 -37 ffffe035 1
0 0 1 88 8 ffffd37d 1
0 0 1 3 -71 ffffd63d 1
0 0 1 -84 68 ffffd568 1
0 0 1 35 98 ffffbf18 1
0 0 1 90 -30 ffffcc7e 1
0 0 1 68 99 ffffc1f2 1
0 0 1 0 80 ffffdc3e 1
0 0 1 0 -53 ffffdc3e 1
0 0 1 76 -101 ffffdc3e 1
0 0 1 86 16 ffffbe42 1
0 0 1 58 -55 ffffc3a2 1
0 0 1 -35 30 ffffb72c 1
0 0 1 -31 -114 ffffb312 1
0 0 1 -93 111 ffffc0e0 1
0 0 1 41 -126 ffff988d 1
0 0 1 -16 -29 ffff845f 1
0 0 1 91 8 ffff862f 1
0 0 1 11 15 ffff8907 1
0 0 1 -29 -3 ffff89ac 1
0 0 1 59 -38 ffff8a03 1
0 0 1 -95 -23 ffff8141 1
0 0 1 103 0 ffff89ca 1
0 0 1 -92 -99 ffff89ca 1
0 0 1 -39 -16 ffffad5e 1
0 0 1 59 0 ffffafce 1
0 0 1 57 109 ffffafce 1
0 0 1 63 0 ffffc813 1
0 0 1 -68 126 ffffc813 1
0 0 1 94 81 ffffa69b 1
0 0 1 -108 18 ffffc459 1
0 0 1 122 103 ffffbcc1 1
0 0 1 -123 -116 ffffedd7 1
0 0 1 40 -76 00002593 1
0 0 1 42 -2 000019b3 1
0 0 1 8 78 0000195f 1
0 0 1 47 -37 00001bcf 1
0 0 1 26 -73 00001504 1
0 0 1 -31 20 00000d9a 1
0 0 1 42 -59 00000b2e 1
0 0 1 93 -23 00000180 1
0 0 1 -86 -36 fffff925 1
0 0 1 -9 -21 0000053d 1
0 0 1 -23 13 000005fa 1
0 0 1 -63 -91 000004cf 1
0 0 1 87 61 00001b34 1
0 0 1 -21 119 00002fef 1
0 0 1 25 83 0000262c 1
0 0 1 87 10 00002e47 1
0 0 1 -64 -70 000031ad 1
0 0 1 2 118 0000432d 1
0 0 1 40 0 00004419 1
0 0 1 -128 -20 00004419 1
0 0 1 -23 -11 00004e19 1
0 0 1 -41 13 00004f16 1
0 0 1 1 -55 00004d01 1
0 0 1 48 89 00004cca 1
0 0 1 -118 -43 00005d7a 1
0 0 1 -121 99 0000714c 1
0 0 1 -77 0 00004281 1
0 0 1 -60 -43 00004281 1
0 0 1 63 -111 00004c95 1
0 0 1 83 93 00003144 1
0 0 1 -8 4 00004f6b 1
0 0 1 20 36 00004f4b 1
0 0 1 -74 91 0000521b 1
0 0 1 94 46 000037cd 1
0 0 1 -30 -26 000048b1 1
0 0 1 -29 16 00004bbd 1
0 0 1 -76 -59 000049ed 1
0 0 1 -119 17 00005b71 1
0 0 1 62 51 0000538a 1
0 0 1 -99 112 00005fe4 1
0 0 1 -87 104 00003494 1
0 0 1 3 25 0000113c 1
0 0 1 -54 -65 00001187 1
0 0 1 68 -118 00001f3d 1
0 0 1 -20 -110 ffffffe5 1
0 0 1 124 -64 0000087d 1
0 0 1 45 -122 ffffe97d 1
0 0 1 70 -105 ffffd40b 1
0 0 1 -102 -85 ffffb755 1
0 0 1 -66 -41 ffffd933 1
0 0 1 -16 -26 ffffe3c5 1
0 0 1 49 68 ffffe565 1
0 0 1 61 -43 fffff269 1
0 0 1 24 42 ffffe82a 1
0 0 1 -116 10 ffffec1a 1
0 0 1 93 31 ffffe792 1
0 0 1 0 -120 fffff2d5 1
0 0 1 86 91 fffff2d5 1
0 0 1 -82 0 00001167 1
0 0 1 75 24 00001167 1
0 0 1 -118 -52 0000186f 1
0 0 1 -8 102 00003067 1
0 0 1 41 47 00002d37 1
0 0 1 6 127 000034be 1
0 0 1 -56 52 000037b8 1
0 0 1 86 -29 00002c58 1
0 0 1 -68 32 0000229a 1
0 0 1 -17 -98 00001a1a 1
0 0 1 5 55 0000209c 1
0 0 1 -31 68 000021af 1
0 0 1 -27 -121 00001973 1
0 0 1 78 -96 00002636 1
0 0 1 -10 0 000008f6 1
0 0 1 42 0 000008f6 1
0 0 1 39 -58 000008f6 1
0 0 1 124 -90 00000020 1
0 0 1 8 2 ffffd488 1
0 0 1 8 -117 ffffd498 1
0 0 1 0 105 ffffd0f0 1
0 0 1 126 0 ffffd0f0 1
0 0 1 -48 96 ffffd0f0 1
0 0 1 -36 0 ffffbef0 1
0 0 1 76 39 ffffbef0 1
0 0 1 30 114 ffffca84 1
0 0 1 77 -36 ffffd7e0 1
0 0 1 -6 46 ffffcd0c 1
0 0 1 9 48 ffffcbf8 1
0 0 1 124 -48 ffffcda8 1
0 0 1 -63 8 ffffb668 1
0 0 1 77 81 ffffb470 1
0 0 1 81 -41 ffffcccd 1
0 0 1 83 42 ffffbfd4 1
0 0 1 -70 -73 ffffcd72 1
0 0 1 47 9 ffffe168 1
0 0 1 -90 0 ffffe30f 1
0 0 1 -69 37 ffffe30f 1
0 0 1 -24 0 ffffd916 1
0 0 1 -50 -6 ffffd916 1
0 0 1 -24 97 ffffda42 1
0 0 1 -67 -11 ffffd12a 1
0 0 1 -118 -31 ffffd40b 1
0 0 1 102 33 ffffe255 1
0 0 1 19 114 ffffef7b 1
0 0 1 39 20 fffff7f1 1
0 0 1 -79 7 fffffafd 1
0 0 1 -95 106 fffff8d4 1
0 0 1 90 -67 ffffd17e 1
0 0 1 -84 92 ffffb9f0 1
0 0 1 36 -59 ffff9bc0 1
0 0 1 95 76 ffff9374 1
0 0 1 -93 97 ffffafa8 1
0 0 1 73 -75 ffff8c6b 1
0 0 1 -88 -75 ffff7708 1
0 0 1 48 8 ffff90d0 1
0 0 1 0 119 ffff9250 1
0 0 1 -56 25 ffff9250 1
0 0 1 -2 -83 ffff8cd8 1
0 0 1 86 -85 ffff8d7e 1
0 0 1 -73 114 ffff70f0 1
0 0 1 -116 48 ffff506e 1
0 0 1 -64 65 ffff3aae 1
0 0 1 -45 13 ffff2a6e 1
0 0 1 0 39 ffff2825 1
0 0 1 -108 -46 ffff2825 1
0 0 1 35 -96 ffff3b8d 1
0 0 1 69 -96 ffff2e6d 1
0 0 1 87 -74 ffff148d 1
0 0 1 -8 -128 fffefb67 1
0 0 1 116 -39 fffeff67 1
0 0 1 123 -59 fffeedbb 1
0 0 1 -107 0 fffed162 1
0 0 1 7 90 fffed162 1
0 0 1 9 -74 fffed3d8 1
0 0 1 77 17 fffed13e 1
0 0 1 -128 -101 fffed65b 1
0 0 1 -110 15 ffff08db 1
0 0 1 -54 -72 ffff0269 1
0 0 1 -61 -65 ffff1199 1
0 0 1 -24 -60 ffff2116 1
0 0 1 106 41 ffff26b6 1
0 0 1 84 0 ffff37b0 1
0 0 1 -17 -94 ffff37b0 1
0 0 1 121 95 ffff3dee 1
0 0 1 17 -60 ffff6ad5 1
0 0 1 51 -103 ffff66d9 1
0 0 1 -81 -30 ffff5254 1
0 0 1 -33 92 ffff5bd2 1
0 0 1 -54 0 ffff4ff6 1
0 0 1 93 -126 ffff4ff6 1
0 0 1 -122 6 ffff2230 1
0 0 1 56 -68 ffff1f54 1
0 0 1 -37 0 ffff1074 1
0 0 1 71 4 ffff1074 1
0 0 1 33 68 ffff1190 1
0 0 1 10 34 ffff1a54 1
0 0 1 118 100 ffff1ba8 1
0 0 1 99 -32 ffff49c0 1
0 0 1 -94 56 ffff3d60 1
0 0 1 76 0 ffff28d0 1
0 0 1 84 -106 ffff28d0 1
0 0 1 -109 60 ffff0608 1
0 0 1 -34 -84 fffeec7c 1
0 0 1 82 -41 fffef7a4 1
0 0 1 57 3 fffeea82 1
0 0 1 68 -122 fffeeb2d 1
0 0 1 20 -81 fffecac5 1
0 0 1 -105 -82 fffec471 1
0 0 1 100 15 fffee613 1
0 0 1 0 80 fffeebef 1
0 0 1 94 51 fffeebef 1
0 0 1 -24 18 fffefea9 1
0 0 1 118 -65 fffefcf9 1
0 0 1 -114 -51 fffedf03 1
0 0 1 -61 -108 fffef5b9 1
0 0 1 -119 44 ffff0f75 1
0 0 1 58 58 fffefb01 1
0 0 1 56 108 ffff0825 1
0 0 1 34 -96 ffff1fc5 1
0 0 1 -2 0 ffff1305 1
0 0 1 -43 49 ffff1305 1
0 0 1 -94 -3 ffff0aca 1
0 0 1 -23 -91 ffff0be4 1
0 0 1 115 32 ffff1411 1
0 0 1 41 -115 ffff2271 1
0 0 1 53 -40 ffff1006 1
0 0 1 100 -91 ffff07be 1
0 0 1 0 59 fffee432 1
0 0 1 107 -38 fffee432 1
0 0 1 25 69 fffed450 1
0 0 1 -44 87 fffedb0d 1
0 0 1 28 -53 fffecc19 1
0 0 1 -38 -95 fffec64d 1
0 0 1 39 55 fffed467 1
0 0 1 12 70 fffedcc8 1
0 0 1 41 -82 fffee010 1
0 0 1 98 50 fffed2ee 1
0 0 1 66 -82 fffee612 1
0 0 1 -33 -32 fffed0ee 1
0 0 1 -79 93 fffed50e 1
0 0 1 41 90 fffeb85b 1
0 0 1 80 -63 fffec6c5 1
0 0 1 95 -59 fffeb315 1
0 0 1 0 87 fffe9d30 1
0 0 1 -119 -44 fffe9d30 1
0 0 1 86 -110 fffeb1a4 1
0 0 1 76 96 fffe8cb0 1
0 0 1 -45 82 fffea930 1
0 0 1 11 46 fffe9ac6 1
0 0 1 -115 -103 fffe9cc0 1
0 0 1 80 -65 fffecb05 1
0 0 1 126 44 fffeb6b5 1
0 0 1 81 104 fffecc5d 1
0 0 1 80 -115 fffeed45 1
0 0 1 0 107 fffec955 1
0 0 1 -17 -27 fffec955 1
0 0 1 -106 -82 fffecb20 1
0 0 1 50 -122 fffeed14 1
0 0 1 -125 -104 fffed540 1
0 0 1 40 108 ffff0808 1
0 0 1 112 -11 ffff18e8 1
0 0 1 -91 -27 ffff1418 1
0 0 1 66 87 ffff1db1 1
0 0 1 -64 7 ffff341f 1
0 0 1 -99 -26 ffff325f 1
0 0 1 27 0 ffff3c6d 1
0 0 1 75 108 ffff3c6d 1
0 0 1 -62 -90 ffff5c11 1
0 0 1 -93 45 ffff71dd 1
0 0 1 102 0 ffff6184 1
0 0 1 112 -81 ffff6184 1
0 0 1 -59 -46 ffff3e14 1
0 0 1 78 -77 ffff48ae 1
0 0 1 -81 -72 ffff3138 1
0 0 1 123 -109 ffff4800 1
0 0 1 -12 2 ffff13a1 1
0 0 1 21 -40 ffff1389 1
0 0 1 5 -89 ffff1041 1
0 0 1 -68 -126 ffff0e84 1
0 0 1 23 -53 ffff2ffc 1
0 0 1 64 -86 ffff2b39 1
0 0 1 83 31 ffff15b9 1
0 0 1 92 119 ffff1fc6 1
0 0 1 -84 -79 ffff4a8a 1
0 0 1 126 -68 ffff6476 1
0 0 1 -61 51 ffff42fe 1
0 0 1 102 60 ffff36d7 1
0 0 1 -105 71 ffff4ebf 1
0 0 1 -59 -91 ffff31a0 1
0 0 1 -60 13 ffff4699 1
0 0 1 -112 -110 ffff438d 1
0 0 1 -117 -22 ffff73ad 1
0 0 1 -72 -13 ffff7dbb 1
0 0 1 95 97 ffff8163 1
0 0 1 2 -53 ffffa562 1
0 0 1 83 -63 ffffa4f8 1
0 0 1 55 -108 ffff908b 1
0 0 1 -96 -13 ffff7957 1
0 0 1 0 81 ffff7e37 1
0 0 1 9 -102 ffff7e37 1
0 0 1 -27 -88 ffff7aa1 1
0 0 1 124 -103 ffff83e9 1
0 0 1 75 -53 ffff5205 1
0 0 1 32 -67 ffff427e 1
0 0 1 91 42 ffff3a1e 1
0 0 1 -1 76 ffff490c 1
0 0 1 28 65 ffff48c0 1
0 0 1 -99 29 ffff4fdc 1
0 0 1 0 30 ffff44a5 1
0 0 1 -2 -64 ffff44a5 1
0 0 1 76 80 ffff4525 1
0 0 1 81 -18 ffff5ce5 1
0 0 1 -125 40 ffff5733 1
0 0 1 -85 -31 ffff43ab 1
0 0 1 62 -119 ffff4df6 1
0 0 1 110 29 ffff3124 1
0 0 1 -113 1 ffff3d9a 1
0 0 1 80 -81 ffff3d29 1
0 0 1 -84 20 ffff23d9 1
0 0 1 78 -110 ffff1d49 1
0 0 1 -51 -94 fffefbc5 1
0 0 1 97 29 ffff0e7f 1
0 0 1 80 -70 ffff197c 1
0 0 1 -30 -103 ffff039c 1
0 0 1 21 -109 ffff0fae 1
0 0 1 0 -84 ffff06bd 1
0 0 1 -107 -18 ffff06bd 1
0 0 1 84 100 ffff0e43 1
0 0 1 -60 -117 ffff2f13 1
0 0 1 -67 104 ffff4a7f 1
0 0 1 47 -96 ffff2f47 1
0 0 1 -122 -47 ffff1da7 1
0 0 1 47 -122 ffff340d 1
0 0 1 -44 82 ffff1da7 1
0 0 1 -91 45 ffff0f8f 1
0 0 1 37 79 fffeff90 1
0 0 1 -4 109 ffff0afb 1
0 0 1 -34 -9 ffff0947 1
0 0 1 10 55 ffff0a79 1
0 0 1 -37 -62 ffff0c9f 1
0 0 1 34 -4 ffff1595 1
0 0 1 -15 -5 ffff150d 1
0 0 1 73 0 ffff1558 1
0 0 1 -72 -37 ffff1558 1
0 0 1 97 -27 ffff1fc0 1
0 0 1 -101 -127 ffff1585 1
0 0 1 43 65 ffff47a0 1
0 0 1 -20 80 ffff528b 1
0 0 1 36 -21 ffff4c4b 1
0 0 1 78 14 ffff4957 1
0 0 1 -123 -111 ffff4d9b 1
0 0 1 52 52 ffff82f0 1
0 0 1 -44 -21 ffff8d80 1
0 0 1 -100 -12 ffff911c 1
0 0 1 -81 106 ffff95cc 1
0 0 1 -63 -28 ffff7442 1
0 0 1 -36 83 ffff7b26 1
0 0 1 121 78 ffff6f7a 1
0 0 1 -82 28 ffff9458 1
0 0 1 0 110 ffff8b60 1
0 0 1 -120 113 ffff8b60 1
0 0 1 -82 0 ffff5668 1
0 0 1 -122 8 ffff5668 1
0 0 1 104 29 ffff5298 1
0 0 1 44 20 ffff5e60 1
0 0 1 72 40 ffff61d0 1
0 0 1 71 -95 ffff6d10 1
0 0 1 93 5 ffff52b7 1
0 0 1 -108 -25 ffff5488 1
0 0 1 -55 -81 ffff5f14 1
0 0 1 0 110 ffff707b 1
0 0 1 45 -42 ffff707b 1
0 0 1 -97 -45 ffff6919 1
0 0 1 68 -88 ffff7a26 1
0 0 1 124 -87 ffff62c6 1
0 0 1 68 -61 ffff38a2 1
0 0 1 116 -53 ffff286e 1
0 0 1 -40 102 ffff106a 1
0 0 1 42 43 ffff007a 1
0 0 1 1 16 ffff0788 1
0 0 1 -88 0 ffff0798 1
0 0 1 74 6 ffff0798 1
0 0 1 112 -60 ffff0954 1
0 0 1 -97 0 fffeef14 1
0 0 1 -113 123 fffeef14 1
0 0 1 33 -110 fffeb8c9 1
0 0 1 48 -75 fffeaa9b 1
0 0 1 7 -122 fffe9c8b 1
0 0 1 -113 43 fffe9935 1
0 0 1 79 0 fffe863a 1
0 0 1 -43 102 fffe863a 1
0 0 1 41 121 fffe7518 1
0 0 1 71 -74 fffe8879 1
0 0 1 -50 124 fffe73f3 1
0 0 1 94 -89 fffe5bbb 1
0 0 1 77 -127 fffe3b0d 1
0 0 1 22 -45 fffe14da 1
0 0 1 -99 -32 fffe10fc 1
0 0 1 -103 -117 fffe1d5c 1
0 0 1 -123 99 fffe4c6f 1
0 0 1 -69 124 fffe1cde 1
0 0 1 85 0 fffdfb72 1
0 0 1 68 53 fffdfb72 1
0 0 1 0 76 fffe0986 1
0 0 1 -58 0 fffe0986 1
0 0 1 125 104 fffe0986 1
0 0 1 -38 112 fffe3c4e 1
0 0 1 -62 98 fffe2bae 1
0 0 1 -118 68 fffe13f2 1
0 0 1 -41 0 fffdf49a 1
0 0 1 38 56 fffdf49a 1
0 0 1 53 -18 fffdfcea 1
0 0 1 105 1 fffdf930 1
0 0 1 103 -104 fffdf999 1
0 0 1 120 72 fffdcfc1 1
0 0 1 98 -2 fffdf181 1
0 0 1 118 117 fffdf0bd 1
0 0 1 -12 17 fffe26ab 1
0 0 1 0 21 fffe25df 1
0 0 1 101 -64 fffe25df 1
0 0 1 30 -65 fffe0c9f 1
0 0 1 100 102 fffe0501 1
0 0 1 86 92 fffe2cd9 1
0 0 1 4 34 fffe4bc1 1
0 0 1 -116 -108 fffe4c49 1
0 0 1 -3 82 fffe7d39 1
0 0 1 45 -46 fffe7c43 1
0 0 1 78 90 fffe742d 1
0 0 1 109 -127 fffe8f99 1
0 0 1 84 -63 fffe5986 1
0 0 1 -109 -10 fffe44da 1
0 0 1 98 -63 fffe491c 1
0 0 1 -21 -29 fffe30fe 1
0 0 1 119 0 fffe335f 1
0 0 1 123 110 fffe335f 1
0 0 1 59 -111 fffe6839 1
0 0 1 -76 65 fffe4ea4 1
0 0 1 0 97 fffe3b58 1
0 0 1 59 -102 fffe3b58 1
0 0 1 -122 120 fffe23d6 1
0 0 1 97 -106 fffdeaa6 1
0 0 1 -15 -25 fffdc27c 1
0 0 1 -36 -10 fffdc3f3 1
0 0 1 -119 -7 fffdc55b 1
0 0 1 101 119 fffdc89c 1
0 0 1 -85 -64 fffdf78f 1
0 0 1 -55 -56 fffe0ccf 1
0 0 1 -116 16 fffe18d7 1
0 0 1 -90 -58 fffe1197 1
0 0 1 104 -8 fffe25fb 1
0 0 1 43 106 fffe22bb 1
0 0 1 98 0 fffe3489 1
0 0 1 76 122 fffe3489 1
0 0 1 51 82 fffe58c1 1
0 0 1 -126 98 fffe6917 1
0 0 1 100 0 fffe38db 1
0 0 1 48 -120 fffe38db 1
0 0 1 111 -68 fffe225b 1
0 0 1 77 78 fffe04df 1
0 0 1 -13 -2 fffe1c55 1
0 0 1 99 -112 fffe1c6f 1
0 0 1 127 -125 fffdf11f 1
0 0 1 80 60 fffdb31c 1
0 0 1 92 -31 fffdc5dc 1
0 0 1 89 70 fffdbab8 1
0 0 1 -87 -2 fffdd30e 1
0 0 1 3 -17 fffdd3bc 1
0 0 1 91 -5 fffdd389 1
0 0 1 78 100 fffdd1c2 1
0 0 1 64 -88 fffdf03a 1
0 0 1 -128 0 fffdda3a 1
0 0 1 0 41 fffdda3a 1
0 0 1 49 117 fffdda3a 1
0 0 1 -110 -90 fffdf09f 1
0 0 1 -52 91 fffe174b 1
0 0 1 0 57 fffe04cf 1
0 0 1 53 -71 fffe04cf 1
0 0 1 17 125 fffdf61c 1
0 0 1 99 33 fffdfe69 1
0 0 1 78 0 fffe0b2c 1
0 0 1 3 35 fffe0b2c 1
0 0 1 -75 76 fffe0b95 1
0 0 1 61 -63 fffdf551 1
0 0 1 -67 72 fffde64e 1
0 0 1 35 -119 fffdd376 1
0 0 1 -101 -67 fffdc331 1
0 0 1 69 0 fffddda0 1
0 0 1 114 20 fffddda0 1
0 0 1 -88 0 fffde688 1
0 0 1 -85 -104 fffde688 1
0 0 1 60 38 fffe0910 1
0 0 1 3 109 fffe11f8 1
0 0 1 53 -32 fffe133f 1
0 0 1 40 56 fffe0c9f 1
0 0 1 -3 -41 fffe155f 1
0 0 1 89 119 fffe15da 1
0 0 1 -65 37 fffe3f39 1
0 0 1 19 86 fffe35d4 1
0 0 1 -75 49 fffe3c36 1
0 0 1 4 43 fffe2ddb 1
0 0 1 -118 34 fffe2e87 1
0 0 1 -61 21 fffe1edb 1
0 0 1 113 -83 fffe19da 1
0 0 1 79 -56 fffdf537 1
0 0 1 -27 1 fffde3ef 1
0 0 1 -79 1 fffde3d4 1
0 0 1 -93 -70 fffde385 1
0 0 1 -85 -59 fffdfcf3 1
0 0 1 -64 36 fffe108a 1
0 0 1 16 -13 fffe078a 1
0 0 1 23 5 fffe06ba 1
0 0 1 23 -75 fffe072d 1
0 0 1 -112 -29 fffe0070 1
0 0 1 32 91 fffe0d20 1
0 0 1 0 43 fffe1880 1
0 0 1 28 -5 fffe1880 1
0 0 1 102 35 fffe17f4 1
0 0 1 -98 50 fffe25e6 1
0 0 1 -119 8 fffe12c2 1
0 0 1 83 -112 fffe0f0a 1
0 0 1 70 -107 fffdeaba 1
0 0 1 57 -38 fffdcd78 1
0 0 1 27 11 fffdc502 1
0 0 1 -49 68 fffdc62b 1
0 0 1 63 -88 fffdb927 1
0 0 1 0 45 fffda37f 1
0 0 1 116 91 fffda37f 1
0 0 1 5 -20 fffdccbb 1
0 0 1 73 84 fffdcc57 1
0 0 1 60 -109 fffde44b 1
0 0 1 99 -42 fffdcabf 1
0 0 1 96 64 fffdba81 1
0 0 1 68 -42 fffdd281 1
0 0 1 43 127 fffdc759 1
0 0 1 -116 -113 fffddcae 1
0 0 1 -100 41 fffe0fe2 1
0 0 1 -75 -103 fffdffde 1
0 0 1 -59 -15 fffe1e0b 1
0 0 1 30 -107 fffe2180 1
0 0 1 15 -44 fffe14f6 1
0 0 1 -20 25 fffe1262 1
0 0 1 -84 -15 fffe106e 1
0 0 1 -84 -4 fffe155a 1
0 0 1 0 -117 fffe16aa 1
0 0 1 -81 72 fffe16aa 1
0 0 1 127 -20 fffdffe2 1
0 0 1 105 118 fffdf5f6 1
0 0 1 107 -28 fffe265c 1
0 0 1 -115 -10 fffe1aa8 1
0 0 1 39 0 fffe1f26 1
0 0 1 -99 60 fffe1f26 1
0 0 1 -79 -105 fffe07f2 1
0 0 1 110 113 fffe2859 1
0 0 1 91 5 fffe58e7 1
0 0 1 -77 95 fffe5aae 1
0 0 1 38 -62 fffe3e1b 1
0 0 1 -25 -47 fffe34e7 1
0 0 1 -87 115 fffe397e 1
0 0 1 10 94 fffe1269 1
0 0 1 73 -44 fffe1615 1
0 0 1 117 -81 fffe0989 1
0 0 1 122 4 fffde484 1
0 0 1 -16 75 fffde66c 1
0 0 1 -32 -117 fffde1bc 1
0 0 1 -118 69 fffdf05c 1
0 0 1 -76 -104 fffdd08e 1
0 0 1 -52 -61 fffdef6e 1
0 0 1 -7 58 fffdfbd2 1
0 0 1 -99 27 fffdfa3c 1
0 0 1 -60 -103 fffdefcb 1
0 0 1 -18 -109 fffe07ef 1
0 0 1 -13 -100 fffe0f99 1
0 0 1 45 24 fffe14ad 1
0 0 1 -38 -11 fffe18e5 1
0 0 1 106 96 fffe1a87 1
0 0 1 -75 -80 fffe4247 1
0 0 1 94 -105 fffe59b7 1
0 0 1 98 98 fffe3329 1
0 0 1 69 115 fffe58ad 1
0 0 1 29 91 fffe77ac 1
0 0 1 1 0 fffe81fb 1
0 0 1 -84 69 fffe81fb 1
0 0 1 127 -20 fffe6b57 1
0 0 1 44 -39 fffe616b 1
0 0 1 -106 -81 fffe5ab7 1
0 0 1 0 -89 fffe7c41 1
0 0 1 -71 0 fffe7c41 1
0 0 1 -110 37 fffe7c41 1
0 0 1 -43 -62 fffe6c5b 1
0 0 1 100 114 fffe76c5 1
0 0 1 -11 -96 fffea34d 1
0 0 1 58 31 fffea76d 1
0 0 1 -71 -123 fffeae73 1
0 0 1 -49 -70 fffed090 1
0 0 1 -109 0 fffeddf6 1
0 0 1 -55 0 fffeddf6 1
0 0 1 86 -126 fffeddf6 1
0 0 1 -72 -11 fffeb3a2 1
0 0 1 -89 53 fffeb6ba 1
0 0 1 46 67 fffea44d 1
0 0 1 -109 -55 fffeb057 1
0 0 1 108 -55 fffec7c2 1
0 0 1 29 72 fffeb08e 1
0 0 1 -58 71 fffeb8b6 1
0 0 1 52 84 fffea8a0 1
0 0 1 73 -93 fffeb9b0 1
0 0 1 0 66 fffe9f2b 1
0 0 1 -127 -62 fffe9f2b 1
0 0 1 49 91 fffebded 1
0 0 1 81 -41 fffecf58 1
0 0 1 126 52 fffec25f 1
0 0 1 -66 0 fffedbf7 1
0 0 1 45 -23 fffedbf7 1
0 0 1 -106 -121 fffed7ec 1
0 0 1 -115 80 ffff0a06 1
0 0 1 -6 42 fffee616 1
0 0 1 97 13 fffee51a 1
0 0 1 99 -94 fffeea07 1
0 0 1 113 -119 fffec5ad 1
0 0 1 -77 110 fffe9126 1
0 0 1 113 113 fffe7010 1
0 0 1 60 97 fffea1f1 1
0 0 1 -123 0 fffeb8ad 1
0 0 1 62 -77 fffeb8ad 1
0 0 1 -15 -39 fffea607 1
0 0 1 52 -106 fffea850 1
0 0 1 -92 -85 fffe92c8 1
0 0 1 -98 -60 fffeb154 1
0 0 1 -119 -6 fffec84c 1
0 0 1 -37 -80 fffecb16 1
0 0 1 85 -107 fffed6a6 1
0 0 1 0 5 fffeb31f 1
0 0 1 -82 45 fffeb31f 1
0 0 1 -23 110 fffea4b5 1
0 0 1 28 -77 fffe9ad3 1
0 0 1 86 -98 fffe9267 1
0 0 1 103 29 fffe717b 1
0 0 1 60 106 fffe7d26 1
0 0 1 11 54 fffe95fe 1
0 0 1 8 108 fffe9850 1
0 0 1 89 52 fffe9bb0 1
0 0 1 48 82 fffeadc4 1
0 0 1 -64 -121 fffebd24 1
0 0 1 -2 -54 fffedb64 1
0 0 1 5 33 fffedbd0 1
0 0 1 45 29 fffedc75 1
0 0 1 40 51 fffee18e 1
0 0 1 117 -70 fffee986 1
0 0 1 -9 40 fffec988 1
0 0 1 63 15 fffec820 1
0 0 1 4 -3 fffecbd1 1
0 0 1 0 -71 fffecbc5 1
0 0 1 -67 8 fffecbc5 1
0 0 1 92 -105 fffec9ad 1
0 0 1 90 121 fffea3f1 1
0 0 1 60 -61 fffece7b 1
0 0 1 -34 -80 fffec02f 1
0 0 1 42 92 fffecacf 1
0 0 1 -126 126 fffed9e7 1
0 0 1 121 62 fffe9be3 1
0 0 1 123 -40 fffeb931 1
0 0 1 -38 6 fffea5f9 1
0 0 1 -104 0 fffea515 1
0 0 1 26 -126 fffea515 1
0 0 1 0 82 fffe9849 1
0 0 1 48 113 fffe9849 1
0 0 1 -121 126 fffead79 1
0 0 1 1 -21 fffe71eb 1
0 0 1 35 48 fffe71d6 1
0 0 1 -69 122 fffe7866 1
0 0 1 -28 -93 fffe5784 1
0 0 1 -82 79 fffe61b0 1
0 0 1 52 -65 fffe4862 1
0 0 1 -51 126 fffe3b2e 1
0 0 1 67 -9 fffe2214 1
0 0 1 -64 95 fffe1fb9 1
0 0 1 -92 -103 fffe07f9 1
0 0 1 118 75 fffe2cfd 1
0 0 1 52 7 fffe4f8f 1
0 0 1 -59 97 fffe50fb 1
0 0 1 117 111 fffe3aa0 1
0 0 1 -82 0 fffe6d5b 1
0 0 1 -32 -118 fffe6d5b 1
0 0 1 101 -72 fffe7c1b 1
0 0 1 83 -122 fffe5fb3 1
0 0 1 5 82 fffe3825 1
0 0 1 -77 -11 fffe39bf 1
0 0 1 -89 14 fffe3d0e 1
0 0 1 0 32 fffe3830 1
0 0 1 123 -124 fffe3830 1
0 0 1 111 -105 fffdfc9c 1
0 0 1 -22 -51 fffdcf15 1
0 0 1 -107 7 fffdd377 1
0 0 1 126 82 fffdd08a 1
0 0 1 -39 15 fffdf8e6 1
0 0 1 105 -7 fffdf69d 1
0 0 1 -94 17 fffdf3be 1
0 0 1 -27 64 fffded80 1
0 0 1 30 -46 fffde6c0 1
0 0 1 -60 59 fffde15c 1
0 0 1 0 -48 fffdd388 1
0 0 1 67 15 fffdd388 1
0 0 1 -121 -112 fffdd775 1
0 0 1 37 66 fffe0c65 1
0 0 1 -55 -25 fffe15ef 1
0 0 1 1 88 fffe1b4e 1
0 0 1 74 62 fffe1ba6 1
0 0 1 60 13 fffe2d92 1
0 0 1 81 75 fffe309e 1
0 0 1 48 71 fffe4859 1
0 0 1 -126 -65 fffe55a9 1
0 0 1 -44 -124 fffe75a7 1
0 0 1 -42 60 fffe8af7 1
0 0 1 83 41 fffe811f 1
0 0 1 -95 -6 fffe8e6a 1
0 0 1 95 77 fffe90a4 1
0 0 1 -24 -7 fffead37 1
0 0 1 -90 -74 fffeaddf 1
0 0 1 65 -46 fffec7e3 1
0 0 1 -73 -113 fffebc35 1
0 0 1 -15 -124 fffedc6e 1
0 0 1 -44 68 fffee3b2 1
0 0 1 122 14 fffed802 1
0 0 1 3 -62 fffedeae 1
0 0 1 91 -118 fffeddf4 1
0 0 1 -46 118 fffeb402 1
0 0 1 59 -29 fffe9ece 1
0 0 1 75 22 fffe981f 1
0 0 1 125 -103 fffe9e91 1
0 0 1 3 26 fffe6c46 1
0 0 1 112 0 fffe6c94 1
0 0 1 40 -59 fffe6c94 1
0 0 1 82 -10 fffe635c 1
0 0 1 -74 -5 fffe6028 1
0 0 1 -60 108 fffe619a 1
0 0 1 123 -36 fffe484a 1
0 0 1 -33 18 fffe36fe 1
0 0 1 33 -21 fffe34ac 1
0 0 1 -14 -96 fffe31f7 1
0 0 1 41 52 fffe3737 1
0 0 1 28 24 fffe3f8b 1
0 0 1 29 17 fffe422b 1
0 0 1 97 114 fffe4418 1
0 0 1 16 24 fffe6f4a 1
0 0 1 -85 -51 fffe70ca 1
0 0 1 -46 115 fffe81b9 1
0 0 1 -48 33 fffe6d0f 1
0 0 1 32 126 fffe66df 1
0 0 1 125 -21 fffe769f 1
0 0 1 -27 -115 fffe6c5e 1
0 0 1 -7 0 fffe787f 1
0 0 1 -115 -71 fffe787f 1
0 0 1 28 58 fffe9864 1
0 0 1 -97 50 fffe9ebc 1
0 0 1 0 -8 fffe8bca 1
0 0 1 -13 -19 fffe8bca 1
0 0 1 -48 -35 fffe8cc1 1
0 0 1 120 -56 fffe9351 1
0 0 1 0 -47 fffe7911 1
0 0 1 -107 106 fffe7911 1
0 0 1 27 43 fffe4cc3 1
0 0 1 -6 75 fffe514c 1
0 0 1 112 -69 fffe4f8a 1
0 0 1 -46 -94 fffe315a 1
0 0 1 33 -73 fffe423e 1
0 0 1 26 -122 fffe38d5 1
0 0 1 87 -38 fffe2c71 1
0 0 1 -34 111 fffe1f87 1
0 0 1 23 50 fffe10c9 1
0 0 1 55 29 fffe1547 1
0 0 1 -23 -39 fffe1b82 1
0 0 1 111 -19 fffe1f03 1
0 0 1 -49 0 fffe16c6 1
0 0 1 -64 -66 fffe16c6 1
0 0 1 92 54 fffe2746 1
0 0 1 -4 -56 fffe3aae 1
0 0 1 -120 5 fffe3b8e 1
0 0 1 -124 -94 fffe3936 1
0 0 1 30 -117 fffe66be 1
0 0 1 93 -83 fffe5908 1
0 0 1 -101 116 fffe3ae1 1
0 0 1 59 38 fffe0d1d 1
0 0 1 -62 18 fffe15df 1
0 0 1 58 11 fffe1183 1
0 0 1 -87 80 fffe1401 1
0 0 1 14 -50 fffdf8d1 1
0 0 1 59 -5 fffdf615 1
0 0 1 30 -54 fffdf4ee 1
0 0 1 -107 -84 fffdee9a 1
0 0 1 24 25 fffe11b6 1
0 0 1 96 3 fffe140e 1
0 0 1 -96 0 fffe152e 1
0 0 1 6 -83 fffe152e 1
0 0 1 63 51 fffe133c 1
0 0 1 69 49 fffe1fc9 1
0 0 1 -46 -77 fffe2cfe 1
0 0 1 55 -128 fffe3ad4 1
0 0 1 -123 -7 fffe1f54 1
0 0 1 -102 122 fffe22b1 1
0 0 1 -13 33 fffdf215 1
0 0 1 0 -58 fffdf068 1
0 0 1 20 105 fffdf068 1
0 0 1 -77 40 fffdf89c 1
0 0 1 -108 109 fffdec94 1
0 0 1 -84 49 fffdbe98 1
0 0 1 0 36 fffdae84 1
0 0 1 20 68 fffdae84 1
0 0 1 124 -101 fffdb3d4 1
0 0 1 37 -110 fffd82e8 1
0 0 1 -101 -31 fffd7302 1
0 0 1 28 -105 fffd7f3d 1
0 0 1 120 -76 fffd73c1 1
0 0 1 64 113 fffd5021 1
0 0 1 105 2 fffd6c61 1
0 0 1 -32 -119 fffd6d33 1
0 0 1 -87 108 fffd7c13 1
0 0 1 95 -4 fffd575f 1
0 0 1 41 69 fffd55e3 1
0 0 1 9 -86 fffd60f0 1
0 0 1 -110 -4 fffd5dea 1
0 0 1 36 69 fffd5fa2 1
0 0 1 -90 -90 fffd6956 1
0 0 1 80 -81 fffd88fa 1
0 0 1 9 -69 fffd6faa 1
0 0 1 -9 37 fffd6d3d 1
0 0 1 57 -54 fffd6bf0 1
0 0 1 111 -20 fffd5fea 1
0 0 1 20 109 fffd573e 1
0 0 1 -78 5 fffd5fc2 1
0 0 1 22 81 fffd5e3c 1
0 0 1 83 37 fffd6532 1
0 0 1 -45 -22 fffd7131 1
0 0 1 113 55 fffd750f 1
0 0 1 -42 -90 fffd8d56 1
0 0 1 -45 118 fffd9c1a 1
0 0 1 -102 -111 fffd875c 1
0 0 1 43 61 fffdb396 1
0 0 1 -9 75 fffdbdd5 1
0 0 1 95 -41 fffdbb32 1
0 0 1 51 -70 fffdabfb 1
0 0 1 89 102 fffd9e09 1
0 0 1 -42 114 fffdc17f 1
0 0 1 90 -93 fffdaecb 1
0 0 1 67 124 fffd8e19 1
0 0 1 76 38 fffdae8d 1
0 0 1 -107 -63 fffdb9d5 1
0 0 1 28 2 fffdd42a 1
0 0 1 50 36 fffdd462 1
0 0 1 93 69 fffddb6a 1
0 0 1 -52 96 fffdf47b 1
0 0 1 -22 116 fffde0fb 1
0 0 1 37 0 fffdd703 1
0 0 1 -30 -102 fffdd703 1
0 0 1 56 81 fffde2f7 1
0 0 1 9 -27 fffdf4af 1
0 0 1 35 -62 fffdf3bc 1
0 0 1 -115 39 fffdeb42 1
0 0 1 -74 -85 fffdd9bd 1
0 0 1 75 41 fffdf24f 1
0 0 1 -10 -99 fffdfe52 1
0 0 1 75 -114 fffe0230 1
0 0 1 24 -44 fffde0ca 1
0 0 1 9 108 fffddcaa 1
0 0 1 -39 -33 fffde076 1
0 0 1 23 -82 fffde57d 1
0 0 0 37 -83 fffdde1f 1
0 0 0 -49 72 fffdde1f 0
