1 0 0 0 0 00000000 0
1 0 0 0 0 00000000 0
1 0 0 0 0 00000000 0
0 0 1 -32 0 00000000 0
0 0 1 0 -21 00000000 1
0 0 1 70 0 00000000 1
0 0 1 -39 0 00000000 1
0 0 1 83 0 00000000 1
0 0 1 0 -79 00000000 1
0 0 1 0 101 00000000 1
0 0 1 -60 0 00000000 1
0 0 1 -78 0 00000000 1
0 0 1 0 71 00000000 1
0 0 1 0 -61 00000000 1
0 0 1 0 52 00000000 1
0 0 1 110 0 00000000 1
0 0 1 0 -69 00000000 1
0 0 1 0 44 00000000 1
0 0 1 0 -99 00000000 1
0 0 1 99 0 00000000 1
0 0 1 96 0 00000000 1
0 0 1 0 -28 00000000 1
0 0 1 0 -123 00000000 1
0 0 1 0 11 00000000 1
0 0 1 0 16 00000000 1
0 0 1 0 -89 00000000 1
0 0 1 0 10 00000000 1
0 0 1 0 3 00000000 1
0 0 1 87 0 00000000 1
0 0 1 -65 0 00000000 1
0 0 1 -22 0 00000000 1
0 0 1 0 -91 00000000 1
0 0 1 92 0 00000000 1
0 0 1 11 0 00000000 1
0 0 1 73 0 00000000 1
0 0 1 0 -66 00000000 1
0 0 1 0 -123 00000000 1
0 0 1 71 0 00000000 1
0 0 1 -123 0 00000000 1
0 0 1 0 47 00000000 1
0 0 1 0 -101 00000000 1
0 0 1 0 -68 00000000 1
0 0 1 0 91 00000000 1
0 0 1 0 -16 00000000 1
0 0 1 0 -92 00000000 1
0 0 1 0 46 00000000 1
0 0 1 -126 0 00000000 1
0 0 1 0 37 00000000 1
0 0 1 0 -78 00000000 1
0 0 1 0 -53 00000000 1
0 0 1 0 -116 00000000 1
0 0 1 -116 0 00000000 1
0 0 1 -93 0 00000000 1
0 0 1 0 29 00000000 1
0 0 1 17 0 00000000 1
0 0 1 -79 0 00000000 1
0 0 1 0 77 00000000 1
0 0 1 0 -46 00000000 1
0 0 1 0 44 00000000 1
0 0 1 0 -23 00000000 1
0 0 1 124 0 00000000 1
0 0 1 0 -100 00000000 1
0 0 1 0 44 00000000 1
0 0 1 -4 0 00000000 1
0 0 1 79 0 00000000 1
0 0 1 100 0 00000000 1
0 0 1 33 0 00000000 1
0 0 1 66 0 00000000 1
0 0 1 0 -11 00000000 1
0 0 1 -124 0 00000000 1
0 0 1 0 -52 00000000 1
0 0 1 0 -69 00000000 1
0 0 1 36 0 00000000 1
0 0 1 0 98 00000000 1
0 0 1 93 0 00000000 1
0 0 1 -69 0 00000000 1
0 0 1 0 -38 00000000 1
0 0 1 -15 0 00000000 1
0 0 1 84 0 00000000 1
0 0 1 0 19 00000000 1
0 0 1 122 0 00000000 1
0 0 1 0 -108 00000000 1
0 0 1 -53 0 00000000 1
0 0 1 4 0 00000000 1
0 0 1 56 0 00000000 1
0 0 1 0 -44 00000000 1
0 0 1 0 112 00000000 1
0 0 1 0 102 00000000 1
0 0 1 0 97 00000000 1
0 0 1 0 -24 00000000 1
0 0 1 53 0 00000000 1
0 0 1 55 0 00000000 1
0 0 1 -26 0 00000000 1
0 0 1 0 50 00000000 1
0 0 1 36 0 00000000 1
0 0 1 0 -24 00000000 1
0 0 1 79 0 00000000 1
0 0 1 15 0 00000000 1
0 0 1 0 -10 00000000 1
0 0 1 0 95 00000000 1
0 0 1 0 -17 00000000 1
0 0 1 22 0 00000000 1
0 0 1 -111 0 00000000 1
0 0 1 110 -17 00000000 1
0 0 1 54 -122 fffff8b2 1
0 0 1 -80 -61 ffffdef6 1
0 0 1 28 18 fffff206 1
0 0 1 -41 123 fffff3fe 1
0 0 1 28 17 ffffe04b 1
0 0 1 -77 114 ffffe227 1
0 0 1 -14 50 ffffbfdd 1
0 0 1 -73 -70 ffffbd21 1
0 0 1 46 78 ffffd117 1
0 0 1 -55 -77 ffffdf1b 1
0 0 1 19 -13 ffffefa6 1
0 0 1 -124 15 ffffeeaf 1
0 0 1 -125 120 ffffe76b 1
0 0 1 -85 -87 ffffacd3 1
0 0 1 69 16 ffffc9b6 1
0 0 1 -97 -67 ffffce06 1
0 0 1 69 -66 ffffe769 1
0 0 1 120 -83 ffffd59f 1
0 0 1 66 37 ffffaeb7 1
0 0 1 15 77 ffffb841 1
0 0 1 90 86 ffffbcc4 1
0 0 1 -94 -122 ffffdb00 1
0 0 1 -21 -9 000007cc 1
0 0 1 36 69 00000889 1
0 0 1 -43 -49 0000123d 1
0 0 1 -117 45 00001a78 1
0 0 1 -125 73 000005e7 1
0 0 1 121 -28 ffffe242 1
0 0 1 90 43 ffffd506 1
0 0 1 -16 92 ffffe424 1
0 0 1 -52 -49 ffffde64 1
0 0 1 43 94 ffffe858 1
0 0 1 -62 -113 fffff822 1
0 0 1 88 11 00001380 1
0 0 1 -78 -17 00001748 1
0 0 1 13 88 00001c76 1
0 0 1 -49 -24 000020ee 1
0 0 1 30 20 00002586 1
0 0 1 -114 -61 000027de 1
0 0 1 95 -26 00004308 1
0 0 1 -57 -3 00003962 1
0 0 1 109 -117 00003a0d 1
0 0 1 -45 -84 0000083c 1
0 0 1 -62 78 00001700 1
0 0 1 63 9 0000041c 1
0 0 1 -59 -41 00000653 1
0 0 1 -112 -21 00000fc6 1
0 0 1 14 34 000018f6 1
0 0 1 75 57 00001ad2 1
0 0 1 43 122 00002b85 1
0 0 1 -29 99 00004003 1
0 0 1 120 -17 000034cc 1
0 0 1 -76 21 00002cd4 1
0 0 1 93 118 00002698 1
0 0 1 -5 14 00005176 1
0 0 1 -40 -39 00005130 1
0 0 1 -25 -47 00005748 1
0 0 1 13 -103 00005bdf 1
0 0 1 120 84 000056a4 1
0 0 1 45 75 00007e04 1
0 0 1 112 -105 00008b33 1
0 0 1 -122 29 00005d43 1
0 0 1 59 87 00004f71 1
0 0 1 22 -69 0000637e 1
0 0 1 119 40 00005d90 1
0 0 1 -100 -78 00007028 1
0 0 1 58 -70 00008ea0 1
0 0 1 -64 94 00007ec4 1
0 0 1 -123 59 00006744 1
0 0 1 110 11 00004aeb 1
0 0 1 71 97 00004fa5 1
0 0 1 72 90 00006a8c 1
0 0 1 3 116 000083dc 1
0 0 1 94 43 00008538 1
0 0 1 -96 114 00009502 1
0 0 1 28 104 00006a42 1
0 0 1 85 93 000075a2 1
0 0 1 -38 -3 00009483 1
0 0 1 -128 109 000094f5 1
0 0 1 -54 24 00005e75 1
0 0 1 55 108 00005965 1
0 0 1 54 -127 00007099 1
0 0 1 53 -124 000055cf 1
0 0 1 -108 118 00003c23 1
0 0 1 -85 -36 00000a5b 1
0 0 1 -58 -59 0000164f 1
0 0 1 -71 81 000023ad 1
0 0 1 -42 -84 00000d36 1
0 0 1 -85 54 00001afe 1
0 0 1 84 111 00000910 1
0 0 1 -34 51 00002d7c 1
0 0 1 123 93 000026b6 1
0 0 1 86 -43 00005365 1
0 0 1 -55 107 000044f3 1
0 0 1 31 59 00002df6 1
0 0 1 110 67 0000351b 1
0 0 1 72 6 000051e5 1
0 0 1 119 -79 00005395 1
0 0 1 -58 97 00002edc 1
0 0 1 -96 -13 000018e2 1
0 0 1 7 -60 00001dc2 1
0 0 1 14 -97 00001c1e 1
0 0 1 101 -17 000016d0 1
0 0 1 52 -99 0000101b 1
0 0 1 14 -8 fffffbff 1
0 0 1 39 -123 fffffb8f 1
0 0 1 -57 -21 ffffe8d2 1
0 0 1 -104 26 ffffed7f 1
0 0 1 -2 34 ffffe2ef 1
0 0 1 126 40 ffffe2ab 1
0 0 1 -98 116 fffff65b 1
0 0 1 -99 -98 ffffc9f3 1
0 0 1 48 57 ffffefd9 1
0 0 1 -107 100 fffffa89 1
0 0 1 -83 -74 ffffd0bd 1
0 0 1 99 -40 ffffe8bb 1
0 0 1 84 72 ffffd943 1
0 0 1 -78 23 fffff0e3 1
0 0 1 -62 -56 ffffe9e1 1
0 0 1 -80 17 fffff771 1
0 0 1 19 -14 fffff221 1
0 0 1 -104 -99 fffff117 1
0 0 1 112 -59 0000194f 1
0 0 1 -24 96 ffffff7f 1
0 0 1 68 47 fffff67f 1
0 0 1 40 -4 000002fb 1
0 0 1 -77 74 0000025b 1
0 0 1 -21 -124 ffffec19 1
0 0 1 -1 -109 fffff645 1
0 0 1 115 56 fffff6b2 1
0 0 1 39 113 00000fda 1
0 0 1 -17 13 00002111 1
0 0 1 105 58 00002034 1
0 0 1 -119 6 000037fe 1
0 0 1 42 91 00003534 1
0 0 1 -88 92 00004422 1
0 0 1 42 24 00002482 1
0 0 1 68 -81 00002872 1
0 0 1 38 28 000012ee 1
0 0 1 75 40 00001716 1
0 0 1 33 5 000022ce 1
0 0 1 17 -51 00002373 1
0 0 1 -18 73 00002010 1
0 0 1 -123 -121 00001aee 1
0 0 1 108 34 00005511 1
0 0 1 -8 -46 00006369 1
0 0 1 -11 15 000064d9 1
0 0 1 89 -114 00006434 1
0 0 1 -126 -80 00003c92 1
0 0 1 2 38 000063f2 1
0 0 1 -113 38 0000643e 1
0 0 1 113 -33 00005378 1
0 0 1 17 115 000044e7 1
0 0 1 126 110 00004c8a 1
0 0 1 -67 15 000082ae 1
0 0 1 89 -83 00007ec1 1
0 0 1 120 -31 000061e6 1
0 0 1 -7 -41 0000535e 1
0 0 1 76 -91 0000547d 1
0 0 1 -115 -26 00003979 1
0 0 1 -109 60 00004527 1
0 0 1 -10 -62 00002b9b 1
0 0 1 -33 47 00002e07 1
0 0 1 -18 30 000027f8 1
0 0 1 117 106 000025dc 1
0 0 1 -15 90 0000564e 1
0 0 1 14 -30 00005108 1
0 0 1 -66 -64 00004f64 1
0 0 1 81 -41 00005fe4 1
0 0 1 -66 35 000052eb 1
0 0 1 -18 57 000049e5 1
0 0 1 11 7 000045e3 1
0 0 1 -89 -114 00004630 1
0 0 1 61 -85 00006dd2 1
0 0 1 -17 -62 00005991 1
0 0 1 122 -39 00005daf 1
0 0 1 -19 -46 00004b19 1
0 0 1 -73 17 00004e83 1
0 0 1 85 57 000049aa 1
0 0 1 -86 34 00005c97 1
0 0 1 -22 -10 0000512b 1
0 0 1 -30 -127 00005207 1
0 0 1 -98 -109 000060e9 1
0 0 1 94 -11 00008aa3 1
0 0 1 43 15 00008699 1
0 0 1 45 -121 0000891e 1
0 0 1 -43 29 000073d9 1
0 0 1 99 -8 00006efa 1
0 0 1 97 61 00006be2 1
0 0 1 26 -107 000082ff 1
0 0 1 101 -21 00007821 1
0 0 1 118 -65 00006fd8 1
0 0 1 -19 -15 000051e2 1
0 0 1 -112 -123 000052ff 1
0 0 1 120 24 000088cf 1
0 0 1 -62 -126 0000940f 1
0 0 1 70 -70 0000b293 1
0 0 1 123 125 00009f6f 1
0 0 1 97 -125 0000db7e 1
0 0 1 39 -39 0000ac21 1
0 0 1 29 -79 0000a630 1
0 0 1 -40 -13 00009d3d 1
0 0 1 3 -46 00009f45 1
0 0 1 -47 -7 00009ebb 1
0 0 1 72 29 0000a004 1
0 0 1 -81 -36 0000a82c 1
0 0 1 4 65 0000b390 1
0 0 1 -23 -9 0000b494 1
0 0 1 57 4 0000b563 1
0 0 1 -70 -94 0000b647 1
0 0 1 -30 -68 0000cffb 1
0 0 1 -37 54 0000d7f3 1
0 0 1 -82 91 0000d025 1
0 0 1 -101 64 0000b2ff 1
0 0 1 -6 115 000099bf 1
0 0 1 74 -105 0000970d 1
0 0 1 24 68 000078b3 1
0 0 1 117 53 00007f13 1
0 0 1 -11 -34 0000974c 1
0 0 1 33 19 000098c2 1
0 0 1 -90 -125 00009b35 1
0 0 1 30 -96 0000c727 1
0 0 1 -69 -25 0000bbe7 1
0 0 1 -117 -11 0000c2a4 1
0 0 1 -94 81 0000c7ab 1
0 0 1 96 9 0000a9ed 1
0 0 1 56 85 0000ad4d 1
0 0 1 12 -63 0000bfe5 1
0 0 1 -85 -3 0000bcf1 1
0 0 1 -118 76 0000bdf0 1
0 0 1 56 -67 00009ae8 1
0 0 1 -30 -126 00008c40 1
0 0 1 -55 28 00009b04 1
0 0 1 -57 30 00009500 1
0 0 1 62 -38 00008e52 1
0 0 1 -84 52 0000851e 1
0 0 1 -113 -77 0000740e 1
0 0 1 109 -66 0000960b 1
0 0 1 -32 -41 000079f1 1
0 0 1 -61 75 00007f11 1
0 0 1 121 -114 00006d32 1
0 0 1 -35 -79 00003750 1
0 0 1 -58 106 0000421d 1
0 0 1 -106 -1 00002a19 1
0 0 1 -31 -35 00002a83 1
0 0 1 22 -9 00002ec0 1
0 0 1 -128 107 00002dfa 1
0 0 1 69 -111 fffff87a 1
0 0 1 -81 69 ffffda8f 1
0 0 1 -117 36 ffffc4ba 1
0 0 1 -28 2 ffffb446 1
0 0 1 -45 -75 ffffb40e 1
0 0 1 -14 123 ffffc13d 1
0 0 1 73 -1 ffffba83 1
0 0 1 -59 15 ffffba3a 1
0 0 1 103 55 ffffb6c5 1
0 0 1 -57 79 ffffcce6 1
0 0 1 21 -101 ffffbb4f 1
0 0 1 41 58 ffffb306 1
0 0 1 -9 -94 ffffbc50 1
0 0 1 115 65 ffffbf9e 1
0 0 1 61 71 ffffdcd1 1
0 0 1 -26 69 ffffedbc 1
0 0 1 102 -114 ffffe6ba 1
0 0 1 91 83 ffffb94e 1
0 0 1 -107 112 ffffd6cf 1
0 0 1 12 -99 ffffa7ff 1
0 0 1 68 -30 ffffa35b 1
0 0 1 38 -71 ffff9b63 1
0 0 1 87 -3 ffff90d9 1
0 0 1 2 18 ffff8fd4 1
0 0 1 30 92 ffff8ff8 1
0 0 1 -2 28 ffff9ac0 1
0 0 1 -94 -115 ffff9a88 1
0 0 1 11 9 ffffc4c2 1
0 0 1 -20 10 ffffc525 1
0 0 1 -17 -16 ffffc45d 1
0 0 1 -96 17 ffffc56d 1
0 0 1 40 -110 ffffbf0d 1
0 0 1 42 -74 ffffaddd 1
0 0 1 -28 -110 ffffa1b9 1
0 0 1 -37 127 ffffadc1 1
0 0 1 22 -122 ffff9b66 1
0 0 1 -49 -7 ffff90ea 1
0 0 1 33 51 ffff9241 1
0 0 1 -33 59 ffff98d4 1
0 0 1 110 89 ffff9139 1
0 0 1 65 77 ffffb777 1
0 0 1 116 54 ffffcb04 1
0 0 1 -30 -11 ffffe37c 1
0 0 1 127 -96 ffffe4c6 1
0 0 1 -20 63 ffffb526 1
0 0 1 -1 -125 ffffb03a 1
0 0 1 118 5 ffffb0b7 1
0 0 1 -102 57 ffffb305 1
0 0 1 -96 97 ffff9c4f 1
0 0 1 -69 12 ffff77ef 1
0 0 1 89 -9 ffff74b3 1
0 0 1 -30 -47 ffff7192 1
0 0 1 103 -62 ffff7714 1
0 0 1 -36 102 ffff5e22 1
0 0 1 36 31 ffff4fca 1
0 0 1 108 -5 ffff5426 1
0 0 1 -31 20 ffff520a 1
0 0 1 66 14 ffff4f9e 1
0 0 1 80 65 ffff533a 1
0 0 1 -51 -78 ffff678a 1
0 0 1 -57 -65 ffff7714 1
0 0 1 58 -1 ffff858d 1
0 0 1 70 -57 ffff8553 1
0 0 1 25 67 ffff75bd 1
0 0 1 7 44 ffff7c48 1
0 0 1 58 71 ffff7d7c 1
0 0 1 90 8 ffff8d92 1
0 0 1 7 -49 ffff9062 1
0 0 1 -102 2 ffff8f0b 1
0 0 1 77 -125 ffff8e3f 1
0 0 1 123 55 ffff68a6 1
0 0 1 -107 14 ffff8313 1
0 0 1 -99 6 ffff7d39 1
0 0 1 -12 80 ffff7ae7 1
0 0 1 -103 27 ffff7727 1
0 0 1 -15 -113 ffff6c4a 1
0 0 1 -54 -42 ffff72e9 1
0 0 1 46 -27 ffff7bc5 1
0 0 1 -50 37 ffff76eb 1
0 0 1 107 -77 ffff6fb1 1
0 0 1 -15 -52 ffff4f82 1
0 0 1 -18 24 ffff528e 1
0 0 1 58 39 ffff50de 1
0 0 1 6 -77 ffff59b4 1
0 0 1 54 41 ffff57e6 1
0 0 1 -83 -15 ffff608c 1
0 0 1 123 -120 ffff6569 1
0 0 1 -71 -12 ffff2bc1 1
0 0 1 -25 -101 ffff2f15 1
0 0 1 65 18 ffff38f2 1
0 0 1 36 -41 ffff3d84 1
0 0 1 -77 -35 ffff37c0 1
0 0 1 87 -89 ffff4247 1
0 0 1 75 -62 ffff2408 1
0 0 1 -115 -20 ffff11de 1
0 0 1 -48 2 ffff1ada 1
0 0 1 70 116 ffff1a7a 1
0 0 1 -119 -16 ffff3a32 1
0 0 1 -119 103 ffff41a2 1
0 0 1 -42 95 ffff11c1 1
0 0 1 61 -73 ffff022b 1
0 0 1 -112 94 fffef0c6 1
0 0 1 3 -41 fffec7a6 1
0 0 1 -120 28 fffec72b 1
0 0 1 -78 -29 fffeba0b 1
0 0 1 13 116 fffec2e1 1
0 0 1 -35 -86 fffec8c5 1
0 0 1 123 85 fffed487 1
0 0 1 -93 30 fffefd5e 1
0 0 1 -127 3 fffef278 1
0 0 1 96 38 fffef0fb 1
0 0 1 14 10 fffeff3b 1
0 0 1 122 97 fffeffc7 1
0 0 1 124 123 ffff2e01 1
0 0 1 -3 64 ffff6995 1
0 0 1 -18 34 ffff68d5 1
0 0 1 -128 -105 ffff6671 1
0 0 1 -106 -76 ffff9af1 1
0 0 1 98 125 ffffba69 1
0 0 1 110 -47 ffffea43 1
0 0 1 -77 -39 ffffd611 1
0 0 1 64 27 ffffe1cc 1
0 0 1 -69 -55 ffffe88c 1
0 0 1 12 27 fffff75f 1
0 0 1 -47 -102 fffff8a3 1
0 0 1 125 -54 00000b5d 1
0 0 1 -17 8 fffff0ff 1
0 0 1 -47 35 fffff077 1
0 0 1 -51 42 ffffea0a 1
0 0 1 19 -15 ffffe1ac 1
0 0 1 -19 -1 ffffe08f 1
0 0 1 -2 13 ffffe0a2 1
0 0 1 -126 44 ffffe088 1
0 0 1 -8 31 ffffcae0 1
0 0 1 68 19 ffffc9e8 1
0 0 1 -109 116 ffffcef4 1
0 0 1 54 77 ffff9d90 1
0 0 1 32 21 ffffadce 1
0 0 1 56 115 ffffb06e 1
0 0 1 28 -22 ffffc996 1
0 0 1 -21 -40 ffffc72e 1
0 0 1 69 54 ffffca76 1
0 0 1 9 45 ffffd904 1
0 0 1 -35 -111 ffffda99 1
0 0 1 -37 114 ffffe9c6 1
0 0 1 3 -90 ffffd94c 1
0 0 1 -1 -103 ffffd83e 1
0 0 1 111 -15 ffffd8a5 1
0 0 1 -93 119 ffffd224 1
0 0 1 -120 -91 ffffa6e9 1
0 0 1 -32 104 ffffd191 1
0 0 1 -81 4 ffffc491 1
0 0 1 -23 -14 ffffc34d 1
0 0 1 54 -71 ffffc48f 1
0 0 1 -112 93 ffffb595 1
0 0 1 68 -32 ffff8ce5 1
0 0 1 17 102 ffff8465 1
0 0 1 -63 66 ffff8b2b 1
0 0 1 -69 -115 ffff7aed 1
0 0 1 -7 81 ffff99ec 1
0 0 1 -41 12 ffff97b5 1
0 0 1 98 38 ffff95c9 1
0 0 1 108 24 ffffa455 1
0 0 1 -98 -64 ffffae75 1
0 0 1 100 -103 ffffc6f5 1
0 0 1 124 -68 ffff9eb9 1
0 0 1 -78 -36 ffff7dc9 1
0 0 1 -72 49 ffff88c1 1
0 0 1 -24 68 ffff7af9 1
0 0 1 -84 -110 ffff7499 1
0 0 1 -23 -10 ffff98b1 1
0 0 1 82 -29 ffff9997 1
0 0 1 72 -31 ffff904d 1
0 0 1 -116 -128 ffff8795 1
0 0 1 95 8 ffffc195 1
0 0 1 56 50 ffffc48d 1
0 0 1 -122 -94 ffffcf7d 1
0 0 1 -63 35 fffffc49 1
0 0 1 75 -31 fffff3ac 1
0 0 1 18 123 ffffea97 1
0 0 1 -45 -125 fffff33d 1
0 0 1 20 -71 00000936 1
0 0 1 -23 42 000003aa 1
0 0 1 6 58 ffffffe4 1
0 0 1 -122 22 00000140 1
0 0 1 -123 52 fffff6c4 1
0 0 1 84 67 ffffddc8 1
0 0 1 96 -25 fffff3c4 1
0 0 1 -52 -105 ffffea64 1
0 0 1 -108 19 ffffffb8 1
0 0 1 -36 -95 fffff7b4 1
0 0 1 -66 74 00000510 1
0 0 1 -8 96 fffff1fc 1
0 0 1 -72 117 ffffeefc 1
0 0 1 120 45 ffffce14 1
0 0 1 61 -45 ffffe32c 1
0 0 1 125 18 ffffd873 1
0 0 1 -103 70 ffffe13d 1
0 0 1 -70 2 ffffc513 1
0 0 1 45 -4 ffffc487 1
0 0 1 -123 -119 ffffc3d3 1
0 0 1 -4 -67 fffffd00 1
0 0 1 24 85 fffffe0c 1
0 0 1 54 -73 00000604 1
0 0 1 109 54 fffff69e 1
0 0 1 90 -81 00000d9c 1
0 0 1 113 34 fffff122 1
0 0 1 -88 -83 00000024 1
0 0 1 -15 60 00001cac 1
0 0 1 75 -26 00001928 1
0 0 1 -60 -94 0000118a 1
0 0 1 79 -88 00002792 1
0 0 1 33 44 00000c6a 1
0 0 1 -41 -97 00001216 1
0 0 1 -82 -5 0000219f 1
0 0 1 113 15 00002339 1
0 0 1 -39 92 000029d8 1
0 0 1 21 59 00001bd4 1
0 0 1 -62 78 000020ab 1
0 0 1 77 114 00000dc7 1
0 0 1 14 -19 00003011 1
0 0 1 87 -105 00002f07 1
0 0 1 -65 65 00000b58 1
0 0 1 -1 77 fffffad7 1
0 0 1 75 -30 fffffa8a 1
0 0 1 76 -77 fffff1c0 1
0 0 1 -88 92 ffffdae4 1
0 0 1 -2 -30 ffffbb44 1
0 0 1 -71 121 ffffbb80 1
0 0 1 6 47 ffff99f1 1
0 0 1 -20 12 ffff9b0b 1
0 0 1 -72 120 ffff9a1b 1
0 0 1 -117 64 ffff785b 1
0 0 1 -107 107 ffff5b1b 1
0 0 1 -69 -69 ffff2e62 1
0 0 1 -77 -79 ffff40fb 1
0 0 1 -90 -121 ffff58be 1
0 0 1 -17 81 ffff8348 1
0 0 1 8 -29 ffff7de7 1
0 0 1 79 -83 ffff7cff 1
0 0 1 49 -106 ffff6362 1
0 0 1 -45 -38 ffff4f18 1
0 0 1 -78 95 ffff55c6 1
0 0 1 -28 79 ffff38d4 1
0 0 1 96 -39 ffff3030 1
0 0 1 69 -114 ffff2190 1
0 0 1 -28 -73 ffff02d6 1
0 0 1 110 -31 ffff0ad2 1
0 0 1 -120 110 fffefd80 1
0 0 1 -45 106 fffec9f0 1
0 0 1 90 -123 fffeb74e 1
0 0 1 55 -110 fffe8c10 1
0 0 1 -128 -67 fffe746e 1
0 0 1 4 21 fffe95ee 1
0 0 1 26 -46 fffe9642 1
0 0 1 -17 87 fffe9196 1
0 0 1 -51 -76 fffe8bcf 1
0 0 1 119 -119 fffe9af3 1
0 0 1 106 -76 fffe63a2 1
0 0 1 -64 30 fffe442a 1
0 0 1 43 -100 fffe3caa 1
0 0 1 77 35 fffe2bde 1
0 0 1 86 -119 fffe3665 1
0 0 1 58 80 fffe0e6b 1
0 0 1 20 -75 fffe208b 1
0 0 1 -123 12 fffe1aaf 1
0 0 1 29 66 fffe14eb 1
0 0 1 41 -29 fffe1c65 1
0 0 1 6 -37 fffe17c0 1
0 0 1 104 -40 fffe16e2 1
0 0 1 -29 22 fffe06a2 1
0 0 1 70 -103 fffe0424 1
0 0 1 -51 -14 fffde7fa 1
0 0 1 -51 124 fffdeac4 1
0 0 1 34 18 fffdd210 1
0 0 1 48 43 fffdd474 1
0 0 1 107 85 fffddc84 1
0 0 1 -71 -83 fffe000b 1
0 0 1 -12 -37 fffe1710 1
0 0 1 25 -58 fffe18cc 1
0 0 1 97 -47 fffe1322 1
0 0 1 -25 -40 fffe0153 1
0 0 1 -121 81 fffe053b 1
0 0 1 -47 -81 fffddef2 1
0 0 1 7 98 fffdedd1 1
0 0 1 77 -116 fffdf07f 1
0 0 1 -76 -88 fffdcd9b 1
0 0 1 -43 -49 fffde7bb 1
0 0 1 -34 -72 fffdeff6 1
0 0 1 -75 -123 fffdf986 1
0 0 1 -108 70 fffe1d8f 1
0 0 1 -27 -125 fffe0007 1
0 0 1 95 -90 fffe0d36 1
0 0 1 -5 -21 fffdebd0 1
0 0 1 -76 102 fffdec39 1
0 0 1 84 7 fffdcdf1 1
0 0 1 -88 104 fffdd03d 1
0 0 1 -51 -127 fffdac7d 1
0 0 1 14 110 fffdc5ca 1
0 0 1 -51 69 fffdcbce 1
0 0 1 101 23 fffdbe0f 1
0 0 1 -72 -111 fffdc722 1
0 0 1 -126 24 fffde65a 1
0 0 1 -109 -110 fffdda8a 1
0 0 1 -89 33 fffe0960 1
0 0 1 -7 -19 fffdfde7 1
0 0 1 -45 -25 fffdfe6c 1
0 0 1 -3 -59 fffe02d1 1
0 0 1 -76 115 fffe0382 1
0 0 1 -72 74 fffde15e 1
0 0 1 68 -79 fffdcc8e 1
0 0 1 -109 -69 fffdb792 1
0 0 1 32 -91 fffdd4f3 1
0 0 1 26 -53 fffdc993 1
0 0 1 12 -57 fffdc431 1
0 0 1 108 25 fffdc185 1
0 0 1 43 -112 fffdcc11 1
0 0 1 75 -69 fffdb941 1
0 0 1 41 99 fffda50a 1
0 0 1 -55 108 fffdb4e5 1
0 0 1 -43 37 fffd9db1 1
0 0 1 -63 42 fffd977a 1
0 0 1 13 114 fffd8d24 1
0 0 1 -50 102 fffd92ee 1
0 0 1 -5 104 fffd7f02 1
0 0 1 -76 -76 fffd7cfa 1
0 0 1 113 -35 fffd938a 1
0 0 1 -72 -34 fffd8417 1
0 0 1 127 23 fffd8da7 1
0 0 1 51 -89 fffd9910 1
0 0 1 -37 40 fffd8755 1
0 0 1 60 -22 fffd818d 1
0 0 1 -45 -7 fffd7c65 1
0 0 1 -121 -44 fffd7da0 1
0 0 1 -80 108 fffd926c 1
0 0 1 124 -81 fffd70ac 1
0 0 1 8 -45 fffd4970 1
0 0 1 101 -111 fffd4808 1
0 0 1 -116 41 fffd1c3d 1
0 0 1 -44 -17 fffd09a9 1
0 0 1 -59 120 fffd0c95 1
0 0 1 -127 112 fffcf0ed 1
0 0 1 -33 -44 fffcb95d 1
0 0 1 -19 -104 fffcbf09 1
0 0 1 -103 -61 fffcc6c1 1
0 0 1 79 -4 fffcdf4c 1
0 0 1 102 95 fffcde10 1
0 0 1 -73 -39 fffd03ea 1
0 0 1 100 -96 fffd0f09 1
0 0 1 -113 -38 fffce989 1
0 0 1 94 43 fffcfa4f 1
0 0 1 6 -79 fffd0a19 1
0 0 1 -28 17 fffd083f 1
0 0 1 -86 76 fffd0663 1
0 0 1 -61 -4 fffcecdb 1
0 0 1 69 50 fffcedcf 1
0 0 1 111 -92 fffcfb49 1
0 0 1 1 4 fffcd365 1
0 0 1 102 -119 fffcd369 1
0 0 1 -93 22 fffca3ff 1
0 0 1 62 -103 fffc9c01 1
0 0 1 52 -116 fffc830f 1
0 0 1 95 33 fffc6b7f 1
0 0 1 71 72 fffc77be 1
0 0 1 -84 -40 fffc8bb6 1
0 0 1 75 -128 fffc98d6 1
0 0 1 -27 85 fffc7356 1
0 0 1 -94 8 fffc6a5f 1
0 0 1 106 -113 fffc676f 1
0 0 1 -22 -82 fffc38a5 1
0 0 1 -65 -80 fffc3fb1 1
0 0 1 -9 -44 fffc5401 1
0 0 1 -24 -68 fffc558d 1
0 0 1 -83 -81 fffc5bed 1
0 0 1 -19 125 fffc7630 1
0 0 1 25 93 fffc6ce9 1
0 0 1 38 -8 fffc75fe 1
0 0 1 -64 -98 fffc74ce 1
0 0 1 -111 -14 fffc8d4e 1
0 0 1 91 -4 fffc9360 1
0 0 1 76 -56 fffc91f4 1
0 0 1 126 95 fffc8154 1
0 0 1 -1 118 fffcb016 1
0 0 1 73 43 fffcafa0 1
0 0 1 -95 -71 fffcbbe3 1
0 0 1 -58 -95 fffcd63c 1
0 0 1 36 -31 fffcebc2 1
0 0 1 74 49 fffce766 1
0 0 1 -20 -4 fffcf590 1
0 0 1 -71 71 fffcf5e0 1
0 0 1 -100 122 fffce22f 1
0 0 1 60 46 fffcb287 1
0 0 1 -8 -59 fffcbd4f 1
0 0 1 -59 -95 fffcbf27 1
0 0 1 57 -68 fffcd50c 1
0 0 1 -91 -11 fffcc5e8 1
0 0 1 101 117 fffcc9d1 1
0 0 1 121 5 fffcf7fa 1
0 0 1 25 46 fffcfa57 1
0 0 1 -103 108 fffcfed5 1
0 0 1 23 -100 fffcd361 1
0 0 1 -28 6 fffcca65 1
0 0 1 -55 -119 fffcc9bd 1
0 0 1 -63 -14 fffce34e 1
0 0 1 -40 -83 fffce6c0 1
0 0 1 126 24 fffcf3b8 1
0 0 1 126 -73 fffcff88 1
0 0 1 97 26 fffcdb9a 1
0 0 1 -117 111 fffce574 1
0 0 1 24 -59 fffcb2b9 1
0 0 1 116 104 fffcad31 1
0 0 1 51 -48 fffcdc51 1
0 0 1 -24 -88 fffcd2c1 1
0 0 1 89 -60 fffcdb01 1
0 0 1 18 50 fffcc625 1
0 0 1 119 -87 fffcc9a9 1
0 0 1 -126 -14 fffca138 1
0 0 1 -42 -77 fffca81c 1
0 0 1 -57 -127 fffcb4be 1
0 0 1 110 64 fffcd105 1
0 0 1 -98 25 fffcec85 1
0 0 1 -96 -20 fffce2f3 1
0 0 1 110 -112 fffcea73 1
0 0 1 -90 -115 fffcba53 1
0 0 1 -57 105 fffce2c1 1
0 0 1 23 -88 fffccb60 1
0 0 1 -115 -116 fffcc378 1
0 0 1 -88 108 fffcf794 1
0 0 1 114 9 fffcd274 1
0 0 1 -66 -29 fffcd676 1
0 0 1 -51 -35 fffcddf0 1
0 0 1 -81 -35 fffce4e9 1
0 0 1 64 -106 fffceffc 1
0 0 1 -56 -61 fffcd57c 1
0 0 1 37 82 fffce2d4 1
0 0 1 -67 -90 fffceeae 1
0 0 1 -43 -94 fffd063c 1
0 0 1 59 89 fffd1606 1
0 0 1 47 -94 fffd2a89 1
0 0 1 25 -8 fffd1947 1
0 0 1 -38 127 fffd187f 1
0 0 1 -91 -9 fffd05a5 1
0 0 1 89 -124 fffd08d8 1
0 0 1 -21 -83 fffcddbc 1
0 0 1 -58 61 fffce48b 1
0 0 1 126 -77 fffcd6b9 1
0 0 1 110 -77 fffcb0d3 1
0 0 1 57 53 fffc8fbd 1
0 0 1 -93 113 fffc9b8a 1
0 0 1 93 -2 fffc727d 1
0 0 1 38 -31 fffc71c3 1
0 0 1 94 89 fffc6d29 1
0 0 1 -35 117 fffc8dd7 1
0 0 1 67 48 fffc7dd8 1
0 0 1 113 -7 fffc8a68 1
0 0 1 -117 119 fffc8751 1
0 0 1 34 -81 fffc50ee 1
0 0 1 -58 100 fffc462c 1
0 0 1 -100 15 fffc2f84 1
0 0 1 -3 -63 fffc29a8 1
0 0 1 -124 15 fffc2a65 1
0 0 1 -78 127 fffc2321 1
0 0 1 -88 27 fffbfc6f 1
0 0 1 27 31 fffbf327 1
0 0 1 38 -10 fffbf66c 1
0 0 1 97 -39 fffbf4f0 1
0 0 1 41 -98 fffbe629 1
0 0 1 -108 -128 fffbd677 1
0 0 1 -41 80 fffc0c77 1
0 0 1 74 -85 fffbffa7 1
0 0 1 -74 118 fffbe715 1
0 0 1 -59 51 fffbc4f9 1
0 0 1 2 -29 fffbb938 1
0 0 1 11 92 fffbb8fe 1
0 0 1 35 -120 fffbbcf2 1
0 0 1 -122 87 fffbac8a 1
0 0 1 -22 -37 fffb8314 1
0 0 1 54 -89 fffb8642 1
0 0 1 -61 47 fffb737c 1
0 0 1 49 -27 fffb6849 1
0 0 1 1 -36 fffb631e 1
0 0 1 33 95 fffb62fa 1
0 0 1 100 11 fffb6f39 1
0 0 1 -4 40 fffb7385 1
0 0 1 98 -54 fffb72e5 1
0 0 1 -86 -69 fffb5e39 1
0 0 1 55 -51 fffb7567 1
0 0 1 67 85 fffb6a72 1
0 0 1 -125 -47 fffb80b1 1
0 0 1 1 126 fffb97a4 1
0 0 1 16 -81 fffb9822 1
0 0 1 93 -23 fffb9312 1
0 0 1 101 100 fffb8ab7 1
0 0 1 -7 82 fffbb22b 1
0 0 1 115 121 fffbafed 1
0 0 1 25 -12 fffbe648 1
0 0 1 -38 75 fffbe51c 1
0 0 1 8 -65 fffbd9fa 1
0 0 1 107 127 fffbd7f2 1
0 0 1 -118 -22 fffc0d07 1
0 0 1 14 117 fffc172b 1
0 0 1 -102 -105 fffc1d91 1
0 0 1 -16 -115 fffc4767 1
0 0 1 -51 94 fffc4e97 1
0 0 1 -127 6 fffc3bdd 1
0 0 1 -22 -118 fffc38e3 1
0 0 1 42 -3 fffc4307 1
0 0 1 -112 57 fffc4289 1
0 0 1 96 90 fffc2999 1
0 0 1 21 -101 fffc4b59 1
0 0 1 -28 12 fffc4310 1
0 0 1 -111 56 fffc41c0 1
0 0 1 32 -55 fffc2978 1
0 0 1 116 110 fffc2298 1
0 0 1 24 -118 fffc5470 1
0 0 1 77 -115 fffc4960 1
0 0 1 10 15 fffc26c9 1
0 0 1 -15 -110 fffc275f 1
0 0 1 12 -124 fffc2dd1 1
0 0 1 -49 -88 fffc2801 1
0 0 1 -103 -19 fffc38d9 1
0 0 1 -109 -83 fffc407e 1
0 0 1 107 -124 fffc63d5 1
0 0 1 75 63 fffc3001 1
0 0 1 -37 68 fffc4276 1
0 0 1 -57 17 fffc38a2 1
0 0 1 55 60 fffc34d9 1
0 0 1 50 -80 fffc41bd 1
0 0 1 4 -85 fffc321d 1
0 0 1 -75 106 fffc30c9 1
0 0 1 123 -9 fffc11bb 1
0 0 1 -29 -84 fffc0d68 1
0 0 1 118 -127 fffc16ec 1
0 0 1 120 -8 fffbdc62 1
0 0 1 -29 70 fffbd8a2 1
0 0 1 -69 -42 fffbd0b4 1
0 0 1 -108 99 fffbdc06 1
0 0 1 67 -125 fffbb242 1
0 0 1 -8 83 fffb918b 1
0 0 1 13 83 fffb8ef3 1
0 0 1 -124 -120 fffb932a 1
0 0 1 4 -75 fffbcd4a 1
0 0 1 -26 -93 fffbcc1e 1
0 0 1 -68 62 fffbd590 1
0 0 1 -53 12 fffbc518 1
0 0 1 -34 15 fffbc29c 1
0 0 1 -109 -30 fffbc09e 1
0 0 1 43 121 fffbcd64 1
0 0 1 -77 -68 fffbe1b7 1
0 0 1 120 113 fffbf62b 1
0 0 1 94 -13 fffc2b23 1
0 0 1 -23 -67 fffc265d 1
0 0 1 -65 71 fffc2c62 1
0 0 1 -18 85 fffc1a5b 1
0 0 1 88 103 fffc1461 1
0 0 1 102 -83 fffc37c9 1
0 0 1 -121 -19 fffc16b7 1
0 0 1 100 30 fffc1fb2 1
0 0 1 4 -75 fffc2b6a 1
0 0 1 14 103 fffc2a3e 1
0 0 1 -15 -108 fffc2fe0 1
0 0 1 107 69 fffc3634 1
0 0 1 -22 -102 fffc530b 1
0 0 1 -94 -104 fffc5bcf 1
0 0 1 106 27 fffc81ff 1
0 0 1 -82 49 fffc8d2d 1
0 0 1 -86 75 fffc7d7b 1
0 0 1 93 66 fffc6449 1
0 0 1 -86 -105 fffc7c43 1
0 0 1 -24 -48 fffc9f89 1
0 0 1 124 -35 fffca409 1
0 0 1 39 -69 fffc9315 1
0 0 1 -34 94 fffc8892 1
0 0 1 108 -52 fffc7c16 1
0 0 1 64 -63 fffc6626 1
0 0 1 80 124 fffc5666 1
0 0 1 -12 18 fffc7d26 1
0 0 1 -31 -20 fffc7c4e 1
0 0 1 113 27 fffc7eba 1
0 0 1 105 95 fffc8aa5 1
0 0 1 -62 34 fffcb19c 1
0 0 1 -99 67 fffca960 1
0 0 1 -46 -36 fffc8f77 1
0 0 1 -119 -31 fffc95ef 1
0 0 1 46 102 fffca458 1
0 0 1 102 96 fffcb6ac 1
0 0 1 -121 -123 fffcdcec 1
0 0 1 107 40 fffd170f 1
0 0 1 22 115 fffd27c7 1
0 0 1 14 101 fffd31a9 1
0 0 1 -94 13 fffd372f 1
0 0 1 120 -13 fffd3269 1
0 0 1 115 -57 fffd2c51 1
0 0 1 117 -39 fffd12b6 1
0 0 1 -14 24 fffd00e3 1
0 0 1 14 67 fffcff93 1
0 0 1 -39 93 fffd033d 1
0 0 1 15 39 fffcf512 1
0 0 1 -28 -114 fffcf75b 1
0 0 1 -52 14 fffd03d3 1
0 0 1 16 -14 fffd00fb 1
0 0 1 -61 -34 fffd001b 1
0 0 1 -102 126 fffd0835 1
0 0 1 93 10 fffcd601 1
0 0 1 -109 -5 fffcd9a3 1
0 0 1 -88 -123 fffcdbc4 1
0 0 1 -96 -43 fffd060c 1
0 0 1 99 -45 fffd162c 1
0 0 1 -40 -42 fffd04c5 1
0 0 1 -9 63 fffd0b55 1
0 0 1 -25 127 fffd091e 1
0 0 1 -49 14 fffcfcb7 1
0 0 1 -2 76 fffcfa09 1
0 0 1 54 -101 fffcf971 1
0 0 1 43 51 fffce423 1
0 0 1 106 7 fffcecb4 1
0 0 1 127 29 fffcef9a 1
0 0 1 -49 28 fffcfdfd 1
0 0 1 -6 -7 fffcf8a1 1
0 0 1 5 -55 fffcf8cb 1
0 0 1 8 -96 fffcf7b8 1
0 0 1 -60 -33 fffcf4b8 1
0 0 1 -98 106 fffcfc74 1
0 0 1 91 -104 fffcd3e0 1
0 0 1 79 114 fffcaee8 1
0 0 1 115 -35 fffcd216 1
0 0 1 118 3 fffcc25d 1
0 0 1 90 -13 fffcc3bf 1
0 0 1 79 53 fffcbf2d 1
0 0 1 127 24 fffccf88 1
0 0 1 -41 51 fffcdb70 1
0 0 1 109 26 fffcd345 1
0 0 1 -35 121 fffcde57 1
0 0 1 -7 43 fffccdcc 1
0 0 1 118 -18 fffccc9f 1
0 0 1 103 62 fffcc453 1
0 0 1 31 -9 fffcdd45 1
0 0 1 98 -113 fffcdc2e 1
0 0 1 -51 60 fffcb0ec 1
0 0 1 -97 -37 fffca4f8 1
0 0 1 37 -32 fffcb2fd 1
0 0 1 22 120 fffcae5d 1
0 0 1 -54 34 fffcb8ad 1
0 0 1 49 38 fffcb181 1
0 0 1 62 -68 fffcb8c7 1
0 0 1 -80 30 fffca84f 1
0 0 1 -46 117 fffc9eef 1
0 0 1 24 1 fffc89e9 1
0 0 1 -79 -109 fffc8a01 1
0 0 1 -120 31 fffcaba4 1
0 0 1 -60 27 fffc9d1c 1
0 0 1 -101 -50 fffc96c8 1
0 0 0 37 -83 fffcaa82 1
0 0 0 -49 72 fffcaa82 0
