1 0 0 0 0 00000000 0
1 0 0 0 0 00000000 0
1 0 0 0 0 00000000 0
0 0 1 -47 -5 00000000 0
0 0 1 -1 89 000000eb 1
0 0 1 -113 -85 00000092 1
0 0 1 -56 119 00002617 1
0 0 1 12 -117 00000c0f 1
0 0 1 -119 -98 00000693 1
0 0 1 -100 -48 00003421 1
0 0 1 -83 38 000046e1 1
0 0 1 -38 -6 00003a8f 1
0 0 1 0 -66 00003b73 1
0 0 1 12 -76 00003b73 1
0 0 1 127 95 000037e3 1
0 0 1 60 -72 00006704 1
0 0 1 -77 -74 00005624 1
0 0 1 -1 -20 00006c66 1
0 0 1 -86 5 00006c7a 1
0 0 1 -32 -101 00006acc 1
0 0 1 -74 27 0000776c 1
0 0 1 -65 -2 00006f9e 1
0 0 1 -117 0 00007020 1
0 0 1 18 -64 00007020 1
0 0 1 -13 -125 00006ba0 1
0 0 1 102 5 000071f9 1
0 0 1 66 -18 000073f7 1
0 0 1 -64 123 00006f53 1
0 0 1 77 103 00005093 1
0 0 1 -124 29 00006f8e 1
0 0 1 -119 -123 00006182 1
0 0 1 -7 -98 00009aaf 1
0 0 1 0 -50 00009d5d 1
0 0 1 -13 -33 00009d5d 1
0 0 1 76 108 00009f0a 1
0 0 1 114 84 0000bf1a 1
0 0 1 -3 125 0000e482 1
0 0 1 3 53 0000e30b 1
0 0 1 53 85 0000e3aa 1
0 0 1 70 10 0000f543 1
0 0 1 -2 -16 0000f7ff 1
0 0 1 -11 30 0000f81f 1
0 0 1 69 0 0000f6d5 1
0 0 1 -53 -21 0000f6d5 1
0 0 1 -55 56 0000fb2e 1
0 0 1 -8 42 0000ef26 1
0 0 1 45 -63 0000edd6 1
0 0 1 92 -57 0000e2c3 1
0 0 1 -72 107 0000ce47 1
0 0 1 -23 -6 0000b02f 1
0 0 1 -12 -59 0000b0b9 1
0 0 1 53 -36 0000b37d 1
0 0 1 58 0 0000ac09 1
0 0 1 -71 -39 0000ac09 1
0 0 1 36 -69 0000b6da 1
0 0 1 1 25 0000ad26 1
0 0 1 56 -41 0000ad3f 1
0 0 1 -40 33 0000a447 1
0 0 1 -71 -17 00009f1f 1
0 0 1 -11 -41 0000a3d6 1
0 0 1 -28 -2 0000a599 1
0 0 1 -39 120 0000a5d1 1
0 0 1 112 0 00009389 1
0 0 1 -31 -90 00009389 1
0 0 1 -31 81 00009e6f 1
0 0 1 58 76 000094a0 1
0 0 1 17 60 0000a5d8 1
0 0 1 -45 -105 0000a9d4 1
0 0 1 -62 109 0000bc49 1
0 0 1 70 -15 0000a1e3 1
0 0 1 -74 -14 00009dc9 1
0 0 1 51 -120 0000a1d5 1
0 0 1 -4 0 000089ed 1
0 0 1 -73 -91 000089ed 1
0 0 1 -42 111 0000a3e0 1
0 0 1 82 56 000091aa 1
0 0 1 -124 91 0000a39a 1
0 0 1 -101 55 00007786 1
0 0 1 67 96 000061d3 1
0 0 1 -71 -114 00007af3 1
0 0 1 36 16 00009a91 1
0 0 1 -81 -93 00009cd1 1
0 0 1 -67 0 0000ba3e 1
0 0 1 55 -111 0000ba3e 1
0 0 1 -102 -24 0000a265 1
0 0 1 26 -86 0000abf5 1
0 0 1 67 -27 0000a339 1
0 0 1 52 107 00009c28 1
0 0 1 -93 -119 0000b1e4 1
0 0 1 41 16 0000dd1f 1
0 0 1 -52 -90 0000dfaf 1
0 0 1 -25 -120 0000f1f7 1
0 0 1 5 0 0000fdaf 1
0 0 1 -16 43 0000fdaf 1
0 0 1 -28 86 0000faff 1
0 0 1 -89 -20 0000f197 1
0 0 1 -94 19 0000f88b 1
0 0 1 52 -35 0000f191 1
0 0 1 8 18 0000ea75 1
0 0 1 -83 -115 0000eb05 1
0 0 1 -21 49 0001104e 1
0 0 1 79 25 00010c49 1
0 0 1 -115 0 00011400 1
0 0 1 85 -31 00011400 1
0 0 1 -71 19 000109b5 1
0 0 1 -36 -120 00010470 1
0 0 1 3 -54 00011550 1
0 0 1 -8 70 000114ae 1
0 0 1 73 -10 0001127e 1
0 0 1 36 98 00010fa4 1
0 0 1 -27 92 00011d6c 1
0 0 1 81 -40 000113b8 1
0 0 1 53 0 00010710 1
0 0 1 111 33 00010710 1
0 0 1 7 17 0001155f 1
0 0 1 -127 -67 000115d6 1
0 0 1 122 -52 00013713 1
0 0 1 -58 120 00011e4b 1
0 0 1 -35 9 0001031b 1
0 0 1 5 4 000101e0 1
0 0 1 125 -67 000101f4 1
0 0 1 102 56 0000e13d 1
0 0 1 -35 0 0000f78d 1
0 0 1 -82 -57 0000f78d 1
0 0 1 127 13 000109cf 1
0 0 1 122 124 00011042 1
0 0 1 -82 29 00014b5a 1
0 0 1 -5 -107 00014210 1
0 0 1 106 92 00014427 1
0 0 1 -58 26 00016a3f 1
0 0 1 31 109 0001645b 1
0 0 1 67 -103 0001718e 1
0 0 1 10 0 00015699 1
0 0 1 118 -55 00015699 1
0 0 1 -42 -32 00013d3f 1
0 0 1 -71 -3 0001427f 1
0 0 1 -78 -106 00014354 1
0 0 1 76 91 000163a0 1
0 0 1 42 -4 00017ea4 1
0 0 1 -77 104 00017dfc 1
0 0 1 -47 -53 00015eb4 1
0 0 1 21 89 0001686f 1
0 0 1 -78 0 00016fbc 1
0 0 1 12 -21 00016fbc 1
0 0 1 78 73 00016ec0 1
0 0 1 42 107 000184fe 1
0 0 1 -98 -47 0001968c 1
0 0 1 100 -58 0001a88a 1
0 0 1 102 -31 000191e2 1
0 0 1 -40 76 00018588 1
0 0 1 83 -35 000179a8 1
0 0 1 120 34 00016e4f 1
0 0 1 0 -34 00017e3f 1
0 0 1 -121 57 00017e3f 1
0 0 1 62 103 0001634e 1
0 0 1 89 83 00017c40 1
0 0 1 19 55 0001991b 1
0 0 1 -7 -86 00019d30 1
0 0 1 -120 8 00019f8a 1
0 0 1 -100 -100 00019bca 1
0 0 1 36 124 0001c2da 1
0 0 1 -60 -46 0001d44a 1
0 0 1 -110 0 0001df12 1
0 0 1 -31 -70 0001df12 1
0 0 1 74 -27 0001e78c 1
0 0 1 75 36 0001dfbe 1
0 0 1 -22 -115 0001ea4a 1
0 0 1 78 -110 0001f42c 1
0 0 1 94 106 0001d2a8 1
0 0 1 -29 -103 0001f994 1
0 0 1 49 8 0002053f 1
0 0 1 35 -115 000206c7 1
0 0 1 0 76 0001f70e 1
0 0 1 110 21 0001f70e 1
0 0 1 -65 -34 00020014 1
0 0 1 -63 99 000208b6 1
0 0 1 -96 16 0001f059 1
0 0 1 30 -34 0001ea59 1
0 0 1 62 20 0001e65d 1
0 0 1 56 -82 0001eb35 1
0 0 1 -8 55 0001d945 1
0 0 1 44 48 0001d78d 1
0 0 1 0 -22 0001dfcd 1
0 0 1 88 119 0001dfcd 1
0 0 1 120 11 000208b5 1
0 0 1 75 -88 00020ddd 1
0 0 1 63 -72 0001f415 1
0 0 1 97 -15 0001e25d 1
0 0 1 64 -25 0001dcae 1
0 0 1 -120 20 0001d66e 1
0 0 1 -109 122 0001cd0e 1
0 0 1 -65 -93 0001991c 1
0 0 1 0 -70 0001b0b9 1
0 0 1 -10 -128 0001b0b9 1
0 0 1 -126 60 0001b5b9 1
0 0 1 -12 107 00019831 1
0 0 1 -79 -93 0001932d 1
0 0 1 -74 48 0001afe0 1
0 0 1 -25 -20 0001a200 1
0 0 1 36 -115 0001a3f4 1
0 0 1 -68 -5 000193c8 1
0 0 1 8 112 0001951c 1
0 0 1 0 40 0001989c 1
0 0 1 15 -47 0001989c 1
0 0 1 -82 112 000195db 1
0 0 1 3 65 000171fb 1
0 0 1 -16 -38 000172be 1
0 0 1 -68 -49 0001751e 1
0 0 1 -25 -29 00018222 1
0 0 1 -51 50 000184f7 1
0 0 1 10 -27 00017b01 1
0 0 1 107 -34 000179f3 1
0 0 1 24 0 00016bbd 1
0 0 1 71 75 00016bbd 1
0 0 1 55 -101 0001808a 1
0 0 1 12 72 00016ad7 1
0 0 1 103 113 00016e37 1
0 0 1 4 37 00019bae 1
0 0 1 -61 -120 00019c42 1
0 0 1 64 -63 0001b8da 1
0 0 1 -110 -63 0001a91a 1
0 0 1 54 -93 0001c42c 1
0 0 1 -31 0 0001b08e 1
0 0 1 -50 1 0001b08e 1
0 0 1 -120 -18 0001b05c 1
0 0 1 -2 109 0001b8cc 1
0 0 1 14 54 0001b7f2 1
0 0 1 -105 127 0001bae6 1
0 0 1 -100 71 000186cf 1
0 0 1 65 33 00016b13 1
0 0 1 44 -21 00017374 1
0 0 1 -35 114 00016fd8 1
0 0 1 0 7 00016042 1
0 0 1 -127 -55 00016042 1
0 0 1 35 -41 00017b8b 1
0 0 1 -38 -45 000175f0 1
0 0 1 72 -52 00017c9e 1
0 0 1 -128 -84 00016dfe 1
0 0 1 -45 -67 000197fe 1
0 0 1 63 59 0001a3c5 1
0 0 1 -56 -43 0001b24a 1
0 0 1 39 -88 0001bbb2 1
0 0 1 83 0 0001ae4a 1
0 0 1 -5 75 0001ae4a 1
0 0 1 -72 4 0001acd3 1
0 0 1 98 -70 0001abb3 1
0 0 1 2 -30 000190e7 1
0 0 1 63 -112 000190ab 1
0 0 1 -51 -74 0001751b 1
0 0 1 -52 108 000183d9 1
0 0 1 -110 108 00016de9 1
0 0 1 -26 -107 00013f81 1
0 0 1 0 -33 00014a5f 1
0 0 1 -17 75 00014a5f 1
0 0 1 -71 -3 00014564 1
0 0 1 112 57 00014639 1
0 0 1 35 -43 00015f29 1
0 0 1 -14 -6 00015948 1
0 0 1 -51 31 0001599c 1
0 0 1 34 -4 0001536f 1
0 0 1 -38 30 000152e7 1
0 0 1 -66 -77 00014e73 1
0 0 1 -1 0 0001624d 1
0 0 1 -38 -58 0001624d 1
0 0 1 -12 -63 00016ae9 1
0 0 1 -75 -96 00016ddd 1
0 0 1 -96 -102 000189fd 1
0 0 1 -98 -39 0001b03d 1
0 0 1 115 62 0001bf2b 1
0 0 1 21 97 0001db05 1
0 0 1 -122 -58 0001e2fa 1
0 0 1 -78 14 0001fe9e 1
0 0 1 50 0 0001fa5a 1
0 0 1 -18 -6 0001fa5a 1
0 0 1 95 123 0001fac6 1
0 0 1 21 127 0002286b 1
0 0 1 35 -113 000232d6 1
0 0 1 102 91 00022363 1
0 0 1 124 -24 000247a5 1
0 0 1 -90 -25 00023c05 1
0 0 1 7 -117 000244cf 1
0 0 1 8 57 0002419c 1
0 0 1 120 0 00024364 1
0 0 1 63 57 00024364 1
0 0 1 -113 -127 0002516b 1
0 0 1 107 14 0002897a 1
0 0 1 -124 4 00028f54 1
0 0 1 -57 112 00028d64 1
0 0 1 -64 42 00027474 1
0 0 1 -88 8 000269f4 1
0 0 1 -18 -9 00026734 1
0 0 1 95 -60 000267d6 1
0 0 1 0 -125 00025192 1
0 0 1 102 51 00025192 1
0 0 1 -74 -44 000265e4 1
0 0 1 41 -5 0002729c 1
0 0 1 -83 109 000271cf 1
0 0 1 -78 87 00024e78 1
0 0 1 -120 70 000233f6 1
0 0 1 -127 -110 00021326 1
0 0 1 -32 3 000249b8 1
0 0 1 96 127 00024958 1
0 0 1 0 118 000278f8 1
0 0 1 37 30 000278f8 1
0 0 1 -43 111 00027d4e 1
0 0 1 -108 -126 00026aa9 1
0 0 1 -5 52 00029fd1 1
0 0 1 64 -76 00029ecd 1
0 0 1 -106 65 00028bcd 1
0 0 1 91 55 000270e3 1
0 0 1 75 -59 00028470 1
0 0 1 98 -16 00027327 1
0 0 1 0 -82 00026d07 1
0 0 1 35 76 00026d07 1
0 0 1 -29 -58 0002776b 1
0 0 1 -23 -90 00027dfd 1
0 0 1 -113 125 00028613 1
0 0 1 -93 67 00024ee6 1
0 0 1 -81 -88 0002368f 1
0 0 1 25 48 00025267 1
0 0 1 95 -34 00025717 1
0 0 1 27 21 00024a79 1
0 0 1 0 -82 00024cb0 1
0 0 1 -67 -8 00024cb0 1
0 0 1 -85 -63 00024ec8 1
0 0 1 34 81 000263b3 1
0 0 1 119 -94 00026e75 1
0 0 1 55 121 000242c3 1
0 0 1 19 -45 00025cc2 1
0 0 1 -107 -97 0002596b 1
0 0 1 88 10 000281f6 1
0 0 1 -15 -20 00028566 1
0 0 1 -108 0 00028692 1
0 0 1 29 -45 00028692 1
0 0 1 -89 -123 00028179 1
0 0 1 109 104 0002ac3c 1
0 0 1 -124 112 0002d884 1
0 0 1 -96 20 0002a244 1
0 0 1 -10 -73 00029ac4 1
0 0 1 36 93 00029d9e 1
0 0 1 49 -117 0002aab2 1
0 0 1 -126 48 0002944d 1
0 0 1 -111 0 00027cad 1
0 0 1 -106 -8 00027cad 1
0 0 1 126 -118 00027ffd 1
0 0 1 -101 80 000245e9 1
0 0 1 51 31 00022659 1
0 0 1 106 118 00022c86 1
0 0 1 -30 -117 00025d62 1
0 0 1 9 -104 00026b18 1
0 0 1 -97 49 00026770 1
0 0 1 -90 -69 000254df 1
0 0 1 0 44 00026d21 1
0 0 1 -63 -43 00026d21 1
0 0 1 -14 29 000277b6 1
0 0 1 -38 64 00027620 1
0 0 1 50 -115 00026ca0 1
0 0 1 -84 -95 0002562a 1
0 0 1 -21 -78 00027556 1
0 0 1 36 27 00027bbc 1
0 0 1 73 -78 00027f88 1
0 0 1 -68 -46 0002694a 1
0 0 1 -25 0 00027582 1
0 0 1 54 66 00027582 1
0 0 1 54 12 0002836e 1
0 0 1 110 -13 000285f6 1
0 0 1 -29 41 00028060 1
0 0 1 49 -39 00027bbb 1
0 0 1 40 18 00027444 1
0 0 1 105 -57 00027714 1
0 0 1 12 21 00025fb3 1
0 0 1 -55 -94 000260af 1
0 0 1 0 -92 000274e1 1
0 0 1 -119 13 000274e1 1
0 0 1 122 121 00026ed6 1
0 0 1 -51 -84 0002a880 1
0 0 1 -89 125 0002b93c 1
0 0 1 25 119 00028dc7 1
0 0 1 -109 100 00029966 1
0 0 1 -49 95 00026ed2 1
0 0 1 -101 -43 00025ca3 1
0 0 1 -44 72 00026d9a 1
0 0 1 111 0 0002613a 1
0 0 1 77 -2 0002613a 1
0 0 1 -85 -99 000260a0 1
0 0 1 -7 123 0002817f 1
0 0 1 57 -55 00027e22 1
0 0 1 75 66 000271e3 1
0 0 1 95 -99 00028539 1
0 0 1 -30 -35 0002607c 1
0 0 1 -21 42 00026496 1
0 0 1 -36 102 00026124 1
0 0 1 35 0 000252cc 1
0 0 1 -36 109 000252cc 1
0 0 1 24 -56 00024378 1
0 0 1 -45 8 00023e38 1
0 0 1 73 -69 00023cd0 1
0 0 1 -116 34 00022923 1
0 0 1 -29 56 000219bb 1
0 0 1 -21 68 00021363 1
0 0 1 43 92 00020dcf 1
0 0 1 54 30 00021d43 1
0 0 1 0 -37 00022397 1
0 0 1 -96 39 00022397 1
0 0 1 -122 -14 000214f7 1
0 0 1 63 74 00021ba3 1
0 0 1 56 -127 00022dd9 1
0 0 1 -83 -76 00021211 1
0 0 1 -93 -108 00022ab5 1
0 0 1 -16 71 000251f1 1
0 0 1 29 -20 00024d81 1
0 0 1 43 -98 00024b3d 1
0 0 1 0 23 00023ac7 1
0 0 1 -39 -13 00023ac7 1
0 0 1 124 -105 00023cc2 1
0 0 1 51 8 000209e6 1
0 0 1 119 125 00020b7e 1
0 0 1 32 67 00024599 1
0 0 1 8 -117 00024df9 1
0 0 1 106 -115 00024a51 1
0 0 1 -84 59 00021ab3 1
0 0 1 -88 46 00020757 1
0 0 1 91 0 0001f787 1
0 0 1 105 -80 0001f787 1
0 0 1 60 94 0001d6b7 1
0 0 1 -42 -67 0001ecbf 1
0 0 1 -112 79 0001f7bd 1
0 0 1 -100 46 0001d52d 1
0 0 1 -83 -10 0001c335 1
0 0 1 18 -32 0001c673 1
0 0 1 -35 94 0001c433 1
0 0 1 -125 -43 0001b759 1
0 0 1 0 -56 0001cc58 1
0 0 1 31 -96 0001cc58 1
0 0 1 112 100 0001c0b8 1
0 0 1 63 55 0001ec78 1
0 0 1 83 32 0001fa01 1
0 0 1 70 -124 00020461 1
0 0 1 24 10 0001e279 1
0 0 1 -51 61 0001e369 1
0 0 1 -65 -55 0001d742 1
0 0 1 58 37 0001e539 1
0 0 1 103 0 0001ed9b 1
0 0 1 33 78 0001ed9b 1
0 0 1 -66 -23 0001f7a9 1
0 0 1 127 57 0001fd97 1
0 0 1 79 92 000219de 1
0 0 1 -101 -62 00023642 1
0 0 1 -67 -97 00024eb8 1
0 0 1 -53 -61 0002681b 1
0 0 1 -57 -93 000274bc 1
0 0 1 125 -46 00028971 1
0 0 1 -37 0 000272fb 1
0 0 1 115 87 000272fb 1
0 0 1 8 -25 00029a10 1
0 0 1 70 -113 00029948 1
0 0 1 99 46 00027a62 1
0 0 1 -127 -39 00028c2c 1
0 0 1 -77 76 00029f85 1
0 0 1 91 115 000288a9 1
0 0 1 -127 117 0002b18a 1
0 0 1 48 126 0002777f 1
0 0 1 0 99 00028f1f 1
0 0 1 -80 -15 00028f1f 1
0 0 1 -106 123 000293cf 1
0 0 1 -41 62 000260e1 1
0 0 1 -55 -60 000256f3 1
0 0 1 98 -17 000263d7 1
0 0 1 -78 -46 00025d55 1
0 0 1 109 -37 00026b59 1
0 0 1 -50 -34 00025b98 1
0 0 1 -114 -108 0002623c 1
0 0 1 -90 0 00029254 1
0 0 1 37 76 00029254 1
0 0 1 66 25 00029d50 1
0 0 1 71 32 0002a3c2 1
0 0 1 -86 58 0002aca2 1
0 0 1 75 82 00029926 1
0 0 1 121 -50 0002b12c 1
0 0 1 -102 -125 0002998a 1
0 0 1 -112 13 0002cb58 1
0 0 1 -58 -25 0002c5a8 1
0 0 1 0 -31 0002cb52 1
0 0 1 65 -103 0002cb52 1
0 0 1 -67 52 0002b12b 1
0 0 1 4 42 0002a38f 1
0 0 1 54 -97 0002a437 1
0 0 1 -63 -67 00028fc1 1
0 0 1 6 59 0002a03e 1
0 0 1 -119 50 0002a1a0 1
0 0 1 93 43 00028a62 1
0 0 1 97 108 00029a01 1
0 0 1 -13 0 0002c2ed 1
0 0 1 45 42 0002c2ed 1
0 0 1 125 -80 0002ca4f 1
0 0 1 122 11 0002a33f 1
0 0 1 60 -117 0002a87d 1
0 0 1 -52 46 00028d11 1
0 0 1 51 115 000283b9 1
0 0 1 -111 -113 00029aa2 1
0 0 1 -9 -116 0002cba1 1
0 0 1 -9 -32 0002cfb5 1
0 0 1 0 79 0002d0d5 1
0 0 1 -125 -38 0002d0d5 1
0 0 1 90 15 0002e363 1
0 0 1 123 100 0002e8a9 1
0 0 1 35 -88 000318b5 1
0 0 1 47 3 00030cad 1
0 0 1 67 101 00030d3a 1
0 0 1 -51 -105 000327a9 1
0 0 1 -101 -61 00033c94 1
0 0 1 109 89 000354a5 1
0 0 1 0 -85 00037a8a 1
0 0 1 -2 -111 00037a8a 1
0 0 1 -64 -68 00037b68 1
0 0 1 -102 29 00038c68 1
0 0 1 123 -114 000380da 1
0 0 1 66 9 00034a14 1
0 0 1 -72 -114 00034c66 1
0 0 1 -100 113 00036c76 1
0 0 1 -41 -76 00034052 1
0 0 1 73 94 00034c7e 1
0 0 1 66 0 0003674c 1
0 0 1 96 -67 0003674c 1
0 0 1 -102 107 00034e2c 1
0 0 1 -2 -64 0003238a 1
0 0 1 -50 -90 0003240a 1
0 0 1 34 -90 0003359e 1
0 0 1 -124 115 000329aa 1
0 0 1 70 30 0002f1f6 1
0 0 1 82 -70 0002fa2a 1
0 0 1 -76 -12 0002e3be 1
0 0 1 0 -64 0002e74e 1
0 0 1 30 77 0002e74e 1
0 0 1 73 -85 0002f054 1
0 0 1 64 -103 0002d817 1
0 0 1 -12 33 0002be57 1
0 0 1 78 -66 0002bccb 1
0 0 1 83 24 0002a8af 1
0 0 1 121 -57 0002b077 1
0 0 1 87 111 00029586 1
0 0 1 -98 46 0002bb3f 1
0 0 1 83 0 0002a9a3 1
0 0 1 -35 -79 0002a9a3 1
0 0 1 -50 10 0002b470 1
0 0 1 -116 -35 0002b27c 1
0 0 1 -95 -79 0002c258 1
0 0 1 -23 -18 0002dfa9 1
0 0 1 -75 -112 0002e147 1
0 0 1 -34 121 00030217 1
0 0 1 -80 84 0002f205 1
0 0 1 -4 64 0002d7c5 1
0 0 1 -97 0 0002d6c5 1
0 0 1 -93 121 0002d6c5 1
0 0 1 20 28 0002aad0 1
0 0 1 114 108 0002ad00 1
0 0 1 56 60 0002dd18 1
0 0 1 18 -42 0002ea38 1
0 0 1 -45 -46 0002e744 1
0 0 1 106 -104 0002ef5a 1
0 0 1 50 30 0002c44a 1
0 0 1 -79 -57 0002ca26 1
0 0 1 -42 0 0002dbbd 1
0 0 1 -61 90 0002dbbd 1
0 0 1 -76 116 0002c64b 1
0 0 1 -79 105 0002a3db 1
0 0 1 93 -104 00028374 1
0 0 1 -47 114 00025dac 1
0 0 1 -124 97 000248be 1
0 0 1 -50 73 000219c2 1
0 0 1 64 -91 00020b80 1
0 0 1 -55 -4 0001f4c0 1
0 0 1 0 34 0001f59c 1
0 0 1 66 88 0001f59c 1
0 0 1 30 -87 00020c4c 1
0 0 1 81 83 0002021a 1
0 0 1 115 52 00021c5d 1
0 0 1 121 -117 000233b9 1
0 0 1 43 -58 0001fc6c 1
0 0 1 -72 4 0001f2ae 1
0 0 1 -118 86 0001f18e 1
0 0 1 127 84 0001c9ea 1
0 0 1 -49 0 0001f396 1
0 0 1 -117 78 0001f396 1
0 0 1 -46 -95 0001cff0 1
0 0 1 57 -81 0001e102 1
0 0 1 -22 62 0001cef9 1
0 0 1 -115 -60 0001c9a5 1
0 0 1 -76 -43 0001e499 1
0 0 1 13 13 0001f15d 1
0 0 1 92 -24 0001f206 1
0 0 1 51 90 0001e966 1
0 0 1 0 116 0001fb54 1
0 0 1 -10 -114 0001fb54 1
0 0 1 -23 -72 0001ffc8 1
0 0 1 61 -22 00020640 1
0 0 1 -112 68 00020102 1
0 0 1 -83 73 0001e342 1
0 0 1 -94 19 0001cb97 1
0 0 1 42 1 0001c49d 1
0 0 1 116 16 0001c4c7 1
0 0 1 67 -44 0001cc07 1
0 0 1 -77 0 0001c083 1
0 0 1 97 23 0001c083 1
0 0 1 81 49 0001c93a 1
0 0 1 28 74 0001d8bb 1
0 0 1 77 58 0001e0d3 1
0 0 1 -80 41 0001f245 1
0 0 1 80 -36 0001e575 1
0 0 1 52 105 0001da35 1
0 0 1 -40 -124 0001ef89 1
0 0 1 -56 -33 000202e9 1
0 0 1 -86 0 00020a21 1
0 0 1 89 -98 00020a21 1
0 0 1 78 96 0001e80f 1
0 0 1 -73 -84 0002054f 1
0 0 1 -88 -100 00021d43 1
0 0 1 -5 -113 00023fa3 1
0 0 1 25 -27 000241d8 1
0 0 1 -126 89 00023f35 1
0 0 1 -91 70 00021367 1
0 0 1 36 22 0001fa85 1
0 0 1 0 19 0001fd9d 1
0 0 1 105 -96 0001fd9d 1
0 0 1 16 29 0001d63d 1
0 0 1 -111 103 0001d80d 1
0 0 1 -26 84 0001ab64 1
0 0 1 -113 109 0001a2dc 1
0 0 1 -82 -108 000172bf 1
0 0 1 65 -94 00019557 1
0 0 1 -3 -55 00017d79 1
0 0 1 15 -100 00017e1e 1
0 0 1 0 60 00017842 1
0 0 1 115 -76 00017842 1
0 0 1 -79 -87 0001561e 1
0 0 1 95 37 000170f7 1
0 0 1 -40 -59 00017eb2 1
0 0 1 -79 -14 000187ea 1
0 0 1 59 -22 00018c3c 1
0 0 1 -31 -96 0001872a 1
0 0 1 -86 68 000192ca 1
0 0 1 -99 -55 00017bf2 1
0 0 1 0 -44 00019137 1
0 0 1 105 -88 00019137 1
0 0 1 -84 106 00016d1f 1
0 0 1 125 -83 00014a57 1
0 0 1 65 -118 000121d0 1
0 0 1 97 -16 000103da 1
0 0 1 -66 -116 0000fdca 1
0 0 1 -78 117 00011bb2 1
0 0 1 54 31 0000f80c 1
0 0 1 7 29 0000fe96 1
0 0 1 -108 0 0000ff61 1
0 0 1 83 73 0000ff61 1
0 0 1 -110 -14 0001170c 1
0 0 1 -83 44 00011d10 1
0 0 1 52 -113 00010ecc 1
0 0 1 -16 -59 0000f7d8 1
0 0 1 -46 -111 0000fb88 1
0 0 1 44 24 00010f7a 1
0 0 1 -56 -35 0001139a 1
0 0 1 -125 -23 00011b42 1
0 0 1 0 29 0001267d 1
0 0 1 89 -10 0001267d 1
0 0 1 -91 -41 00012303 1
0 0 1 115 47 00013196 1
0 0 1 121 -16 000146b3 1
0 0 1 -113 -122 00013f23 1
0 0 1 -118 -81 000174fd 1
0 0 1 -52 -71 00019a53 1
0 0 1 67 -89 0001a8bf 1
0 0 1 115 28 00019174 1
0 0 1 46 0 00019e08 1
0 0 1 -89 -64 00019e08 1
0 0 1 -69 -128 0001b448 1
0 0 1 -103 4 0001d6c8 1
0 0 1 -82 -101 0001d52c 1
0 0 1 70 -94 0001f586 1
0 0 1 11 -113 0001dbd2 1
0 0 1 47 97 0001d6f7 1
0 0 1 -122 66 0001e8c6 1
0 0 1 56 -41 0001c952 1
0 0 1 0 -79 0001c05a 1
0 0 1 -104 -52 0001c05a 1
0 0 1 -54 1 0001d57a 1
0 0 1 -95 -49 0001d544 1
0 0 1 109 -73 0001e773 1
0 0 1 -36 -61 0001c85e 1
0 0 1 -28 11 0001d0f2 1
0 0 1 -27 73 0001cfbe 1
0 0 1 116 -43 0001c80b 1
0 0 1 93 -107 0001b48f 1
0 0 1 0 126 00018db0 1
0 0 1 94 -16 00018db0 1
0 0 1 37 -59 000187d0 1
0 0 1 -86 21 00017f49 1
0 0 1 13 -12 0001783b 1
0 0 1 54 108 0001779f 1
0 0 1 38 -126 00018e67 1
0 0 1 121 82 00017bb3 1
0 0 1 -102 -14 0001a275 1
0 0 1 -1 -108 0001a809 1
0 0 1 -6 0 0001a875 1
0 0 1 -90 10 0001a875 1
0 0 1 -22 44 0001a4f1 1
0 0 1 123 -126 0001a129 1
0 0 1 -45 15 0001649f 1
0 0 1 99 -49 000161fc 1
0 0 1 -71 124 00014f09 1
0 0 1 -36 91 00012ca5 1
0 0 1 39 -114 00011fd9 1
0 0 1 74 49 00010e7b 1
0 0 1 -83 0 00011ca5 1
0 0 1 85 -56 00011ca5 1
0 0 1 -119 -89 00010a0d 1
0 0 1 -20 5 0001336c 1
0 0 1 47 118 00013308 1
0 0 1 -43 -39 000148b2 1
0 0 1 -33 62 00014f3f 1
0 0 1 -14 122 00014741 1
0 0 1 54 112 00014095 1
0 0 1 -127 96 00015835 1
0 0 1 0 -22 00012895 1
0 0 1 75 -87 00012895 1
0 0 1 -20 42 00010f18 1
0 0 1 -27 97 00010bd0 1
0 0 1 -49 7 00010195 1
0 0 1 -5 -1 0001003e 1
0 0 1 -40 9 00010043 1
0 0 1 104 33 0000fedb 1
0 0 1 3 65 00010c43 1
0 0 1 -56 104 00010d06 1
0 0 1 123 0 0000f646 1
0 0 1 -93 48 0000f646 1
0 0 1 118 -47 0000e4d6 1
0 0 1 -100 95 0000cf2c 1
0 0 1 78 -43 0000aa10 1
0 0 1 -25 63 00009cf6 1
0 0 1 -20 122 000096cf 1
0 0 1 -58 77 00008d47 1
0 0 1 87 82 00007bd5 1
0 0 1 -77 52 000097b3 1
0 0 1 0 -96 0000880f 1
0 0 1 73 43 0000880f 1
0 0 1 92 86 00009452 1
0 0 1 57 -127 0000b33a 1
0 0 1 65 51 000096f3 1
0 0 1 56 2 0000a3e6 1
0 0 1 -108 68 0000a456 1
0 0 1 85 -66 000087a6 1
0 0 1 98 -60 000071bc 1
0 0 1 92 23 00005ac4 1
0 0 1 0 110 00006308 1
0 0 1 10 3 00006308 1
0 0 1 94 66 00006326 1
0 0 1 -91 85 00007b62 1
0 0 1 60 -81 00005d2b 1
0 0 1 40 15 00004a2f 1
0 0 1 81 -24 00004c87 1
0 0 1 34 21 000044ef 1
0 0 1 -119 51 000047b9 1
0 0 1 -117 -2 00003004 1
0 0 1 -121 0 000030ee 1
0 0 1 86 5 000030ee 1
0 0 1 -4 45 0000329c 1
0 0 1 99 54 000031e8 1
0 0 1 -24 -90 000046ca 1
0 0 1 48 125 00004f3a 1
0 0 1 -69 -21 000066aa 1
0 0 1 1 93 00006c53 1
0 0 1 103 47 00006cb0 1
0 0 1 36 75 00007f99 1
0 0 1 0 -24 00008a25 1
0 0 1 -91 55 00008a25 1
0 0 1 30 -1 00007698 1
0 0 1 -9 80 0000767a 1
0 0 1 -65 -124 000073aa 1
0 0 1 -29 102 00009326 1
0 0 1 99 -5 00008798 1
0 0 1 64 68 000085a9 1
0 0 1 90 -119 000096a9 1
0 0 1 -77 46 00006cd3 1
0 0 1 0 -29 00005efd 1
0 0 1 -14 -43 00005efd 1
0 0 1 46 84 00006157 1
0 0 1 -70 -78 0000706f 1
0 0 1 114 10 000085c3 1
0 0 1 -72 -45 00008a37 1
0 0 1 -84 -111 000096df 1
0 0 1 -109 77 0000bb4b 1
0 0 1 -107 -112 00009a82 1
0 0 1 59 112 0000c952 1
0 0 1 101 0 0000e322 1
0 0 1 -28 -53 0000e322 1
0 0 1 120 -111 0000e8ee 1
0 0 1 -20 -100 0000b4e6 1
0 0 1 36 -39 0000bcb6 1
0 0 1 58 115 0000b73a 1
0 0 1 -55 -38 0000d148 1
0 0 1 49 59 0000d972 1
0 0 1 49 -106 0000e4bd 1
0 0 1 56 -64 0000d073 1
0 0 1 -94 0 0000c273 1
0 0 1 29 -11 0000c273 1
0 0 1 48 8 0000c134 1
0 0 1 -112 -70 0000c2b4 1
0 0 1 15 93 0000e154 1
0 0 1 28 -91 0000e6c7 1
0 0 1 72 -55 0000dcd3 1
0 0 1 95 -82 0000cd5b 1
0 0 1 86 86 0000aeed 1
0 0 1 -60 -70 0000cbd1 1
0 0 1 -51 0 0000dc39 1
0 0 1 -63 24 0000dc39 1
0 0 1 -94 -55 0000d651 1
0 0 1 68 -97 0000ea83 1
0 0 1 -57 -122 0000d0bf 1
0 0 1 -14 63 0000ebe9 1
0 0 1 -10 83 0000e877 1
0 0 1 -66 -104 0000e539 1
0 0 1 -70 48 00010009 1
0 0 1 -128 -48 0000f2e9 1
0 0 1 -78 0 00010ae9 1
0 0 1 -48 25 00010ae9 1
0 0 1 -106 115 00010639 1
0 0 1 -117 99 0000d69b 1
0 0 1 61 111 0000a95c 1
0 0 1 100 120 0000c3cf 1
0 0 1 83 59 0000f2af 1
0 0 1 91 51 000105d0 1
0 0 1 -50 13 000117f1 1
0 0 1 66 30 00011567 1
0 0 1 0 93 00011d23 1
0 0 1 -2 -9 00011d23 1
0 0 1 -37 -73 00011d35 1
0 0 1 8 -110 000127c2 1
0 0 1 97 -34 00012452 1
0 0 1 -102 50 00011770 1
0 0 1 -5 118 00010384 1
0 0 1 74 102 00010136 1
0 0 1 80 -11 00011eb2 1
0 0 1 69 7 00011b42 1
0 0 1 43 0 00011d25 1
0 0 1 86 22 00011d25 1
0 0 1 54 -126 00012489 1
0 0 1 -35 101 000109f5 1
0 0 1 33 13 0000fc26 1
0 0 1 -3 -44 0000fdd3 1
0 0 1 -48 -43 0000fe57 1
0 0 1 -71 36 00010667 1
0 0 1 43 76 0000fc6b 1
0 0 1 -49 -108 0001092f 1
0 0 1 0 -13 00011ddb 1
0 0 1 -83 -125 00011ddb 1
0 0 1 -4 109 00014662 1
0 0 1 97 3 000144ae 1
0 0 1 6 8 000145d1 1
0 0 1 -87 93 00014601 1
0 0 1 60 -79 00012666 1
0 0 1 -106 -15 000113e2 1
0 0 1 72 23 00011a18 1
0 0 1 -11 12 00012090 1
0 0 1 0 78 0001200c 1
0 0 1 17 82 0001200c 1
0 0 1 -44 78 0001257e 1
0 0 1 -79 -31 00011816 1
0 0 1 41 91 000121a7 1
0 0 1 -23 34 0001303a 1
0 0 1 -102 24 00012d2c 1
0 0 1 73 101 0001239c 1
0 0 1 -28 23 00014069 1
0 0 1 -125 35 00013de5 1
0 0 1 0 29 00012cce 1
0 0 1 -59 -90 00012cce 1
0 0 1 72 -126 0001418c 1
0 0 1 -20 -109 00011e1c 1
0 0 1 -32 -96 000126a0 1
0 0 1 7 50 000132a0 1
0 0 1 -92 -36 000133fe 1
0 0 1 -80 64 000140ee 1
0 0 1 -40 46 00012cee 1
0 0 1 65 36 000125be 1
0 0 1 0 -76 00012ee2 1
0 0 1 77 55 00012ee2 1
0 0 1 -110 -91 00013f6d 1
0 0 1 -3 56 00016687 1
0 0 1 47 120 000165df 1
0 0 1 99 5 00017be7 1
0 0 1 -79 99 00017dd6 1
0 0 1 13 126 00015f49 1
0 0 1 -108 48 000165af 1
0 0 1 -22 28 0001516f 1
0 0 1 0 -41 00014f07 1
0 0 1 -71 65 00014f07 1
0 0 1 -15 93 00013d00 1
0 0 1 -82 33 0001378d 1
0 0 1 9 72 00012cfb 1
0 0 1 7 124 00012f83 1
0 0 1 -47 97 000132e7 1
0 0 1 -64 -21 00012118 1
0 0 1 83 100 00012658 1
0 0 1 80 -11 000146c4 1
0 0 1 0 32 00014354 1
0 0 1 -38 -114 00014354 1
0 0 1 97 92 00015440 1
0 0 1 8 -17 0001771c 1
0 0 1 71 27 00017694 1
0 0 1 43 44 00017e11 1
0 0 1 27 36 00018575 1
0 0 1 -7 -113 00018941 1
0 0 1 -6 -66 00018c58 1
0 0 1 18 -91 00018de4 1
0 0 1 -115 0 0001877e 1
0 0 1 -12 44 0001877e 1
0 0 1 33 56 0001856e 1
0 0 1 113 99 00018ca6 1
0 0 1 99 125 0001b859 1
0 0 1 -123 -33 0001e8b0 1
0 0 1 111 59 0001f88b 1
0 0 1 -5 -104 00021220 1
0 0 1 32 77 00021428 1
0 0 1 84 -29 00021dc8 1
0 0 1 0 86 00021444 1
0 0 1 11 121 00021444 1
0 0 1 -25 118 00021977 1
0 0 1 9 -104 00020df1 1
0 0 1 -21 44 00020a49 1
0 0 1 -97 -104 000206ad 1
0 0 1 92 -92 00022e15 1
0 0 1 -13 -76 00020d05 1
0 0 1 77 16 000210e1 1
0 0 1 -35 -40 000215b1 1
0 0 1 0 111 00021b29 1
0 0 1 46 123 00021b29 1
0 0 1 -109 15 00023143 1
0 0 1 52 -88 00022ae0 1
0 0 1 13 64 00021900 1
0 0 1 -126 -61 00021c40 1
0 0 1 75 -77 00023a46 1
0 0 1 49 116 000223b7 1
0 0 1 -5 91 000239eb 1
0 0 1 5 -62 00023824 1
0 0 1 0 113 000236ee 1
0 0 1 29 27 000236ee 1
0 0 1 99 -109 000239fd 1
0 0 1 7 57 00020fd6 1
0 0 1 -61 107 00021165 1
0 0 1 1 27 0001f7e6 1
0 0 1 5 113 0001f801 1
0 0 1 -65 14 0001fa36 1
0 0 1 20 -75 0001f6a8 1
0 0 1 13 87 0001f0cc 1
0 0 1 0 -90 0001f537 1
0 0 1 69 118 0001f537 1
0 0 1 -114 5 00021505 1
0 0 1 -47 -69 000212cb 1
0 0 1 6 107 00021f76 1
0 0 1 -58 66 000221f8 1
0 0 1 72 96 00021304 1
0 0 1 124 -69 00022e04 1
0 0 1 81 -16 00020c98 1
0 0 1 -107 6 00020788 1
0 0 1 0 -50 00020506 1
0 0 1 -81 -89 00020506 1
0 0 1 114 56 0002212f 1
0 0 1 88 -114 00023a1f 1
0 0 1 3 5 000212ef 1
0 0 1 21 -102 000212fe 1
0 0 1 61 -101 00020aa0 1
0 0 1 -8 74 0001f28f 1
0 0 1 45 83 0001f03f 1
0 0 1 -100 39 0001fed6 1
0 0 1 0 31 0001ef9a 1
0 0 1 -119 -71 0001ef9a 1
0 0 1 -36 69 0002109b 1
0 0 1 -25 49 000206e7 1
0 0 1 101 12 0002021e 1
0 0 1 14 123 000206da 1
0 0 1 39 -11 00020d94 1
0 0 1 83 42 00020be7 1
0 0 1 -71 -5 00021985 1
0 0 1 -55 -68 00021ae8 1
0 0 1 0 -127 00022984 1
0 0 1 -99 -66 00022984 1
0 0 1 -112 -66 0002430a 1
0 0 1 70 -61 00025fea 1
0 0 1 79 17 00024f3c 1
0 0 1 -124 -116 0002547b 1
0 0 1 -115 -93 00028cab 1
0 0 1 59 84 0002b672 1
0 0 1 -84 -14 0002c9ce 1
0 0 1 70 -94 0002ce66 1
0 0 1 0 55 0002b4b2 1
0 0 1 53 29 0002b4b2 1
0 0 1 -111 87 0002bab3 1
0 0 1 -14 -100 000294fa 1
0 0 1 -30 -47 00029a72 1
0 0 1 1 -2 00029ff4 1
0 0 1 7 -82 00029ff2 1
0 0 1 47 96 00029db4 1
0 0 1 3 104 0002af54 1
0 0 1 -54 -100 0002b08c 1
0 0 1 40 0 0002c5a4 1
0 0 0 37 -83 0002c5a4 1
0 0 0 -49 72 0002c5a4 0
