1 0 0 0 0 00000000 0
1 0 0 0 0 00000000 0
1 0 0 0 0 00000000 0
0 0 1 -76 102 00000000 0
0 0 1 103 -62 ffffe1b8 1
0 0 1 67 0 ffffc8c6 1
0 0 1 -58 0 ffffc8c6 1
0 0 1 -119 -16 ffffc8c6 1
0 0 1 -3 -59 ffffd036 1
0 0 1 -35 -79 ffffd0e7 1
0 0 1 0 8 ffffdbb4 1
0 0 1 75 -31 ffffdbb4 1
0 0 1 -62 34 ffffd29f 1
0 0 1 55 60 ffffca63 1
0 0 1 60 0 ffffd747 1
0 0 1 107 127 ffffd747 1
0 0 1 -2 28 00000c5c 1
0 0 1 -120 0 00000c24 1
0 0 1 0 34 00000c24 1
0 0 1 -116 -128 00000c24 1
0 0 1 107 -124 00004624 1
0 0 1 -47 -102 00001250 1
0 0 1 125 -54 0000250a 1
0 0 1 24 1 00000aac 1
0 0 1 24 68 00000ac4 1
0 0 1 -51 124 00001124 1
0 0 1 0 39 fffff870 1
0 0 1 -50 37 fffff870 1
0 0 1 -34 0 fffff136 1
0 0 1 79 114 fffff136 1
0 0 1 25 0 00001464 1
0 0 1 -1 -103 00001464 1
0 0 1 -22 -37 000014cb 1
0 0 1 -8 83 000017f9 1
0 0 1 103 62 00001561 1
0 0 1 -6 115 00002e53 1
0 0 1 75 63 00002ba1 1
0 0 1 -76 -76 00003e16 1
0 0 1 -72 -34 000054a6 1
0 0 1 117 106 00005e36 1
0 0 1 0 99 00008ea8 1
0 0 1 99 -45 00008ea8 1
0 0 1 1 -36 00007d41 1
0 0 1 38 28 00007d1d 1
0 0 1 15 77 00008145 1
0 0 1 121 0 000085c8 1
0 0 1 75 -30 000085c8 1
0 0 1 126 95 00007cfe 1
0 0 1 -82 49 0000abc0 1
0 0 1 -57 -65 00009c0e 1
0 0 1 54 77 0000aa87 1
0 0 1 107 69 0000bac5 1
0 0 1 0 58 0000d79c 1
0 0 1 -49 28 0000d79c 1
0 0 1 0 -94 0000d240 1
0 0 1 -109 0 0000d240 1
0 0 1 72 6 0000d240 1
0 0 1 -4 0 0000d3f0 1
0 0 1 -23 -14 0000d3f0 1
0 0 1 0 82 0000d532 1
0 0 1 -23 -67 0000d532 1
0 0 1 0 -111 0000db37 1
0 0 1 119 -119 0000db37 1
0 0 1 -64 -98 0000a3e6 1
0 0 1 -73 17 0000bc66 1
0 0 1 -71 81 0000b78d 1
0 0 1 127 -96 0000a116 1
0 0 1 0 11 00007176 1
0 0 1 0 31 00007176 1
0 0 1 -98 25 00007176 1
0 0 1 -43 29 000067e4 1
0 0 1 -109 -30 00006305 1
0 0 1 78 0 00006fcb 1
0 0 1 90 8 00006fcb 1
0 0 1 -4 40 0000729b 1
0 0 1 110 64 000071fb 1
0 0 1 -28 -114 00008d7b 1
0 0 1 0 14 000099f3 1
0 0 1 -65 71 000099f3 1
0 0 1 26 0 000087ec 1
0 0 1 -93 113 000087ec 1
0 0 1 -112 -21 00005edf 1
0 0 1 -62 0 0000680f 1
0 0 1 0 81 0000680f 1
0 0 1 -81 0 0000680f 1
0 0 1 0 -17 0000680f 1
0 0 1 -20 63 0000680f 1
0 0 1 0 21 00006323 1
0 0 1 0 -68 00006323 1
0 0 1 25 46 00006323 1
0 0 1 98 0 000067a1 1
0 0 1 -126 24 000067a1 1
0 0 1 19 -13 00005bd1 1
0 0 1 65 18 00005ada 1
0 0 1 -119 -31 00005f6c 1
0 0 1 77 35 00006dd5 1
0 0 1 14 10 0000785c 1
0 0 1 114 9 000078e8 1
0 0 1 117 53 00007cea 1
0 0 1 -15 0 00009523 1
0 0 1 117 -39 00009523 1
0 0 1 49 38 00008350 1
0 0 1 93 0 00008a96 1
0 0 1 -115 -20 00008a96 1
0 0 1 86 -43 00009392 1
0 0 1 80 0 00008520 1
0 0 1 -7 -19 00008520 1
0 0 1 7 -60 000085a5 1
0 0 1 0 37 00008401 1
0 0 1 -18 57 00008401 1
0 0 1 17 -51 00007fff 1
0 0 1 0 85 00007c9c 1
0 0 1 119 40 00007c9c 1
0 0 1 0 17 00008f34 1
0 0 1 -88 92 00008f34 1
0 0 1 -69 -115 00006f94 1
0 0 1 109 0 00008e93 1
0 0 1 30 0 00008e93 1
0 0 1 -49 14 00008e93 1
0 0 1 0 70 00008be5 1
0 0 1 13 88 00008be5 1
0 0 1 -26 69 0000905d 1
0 0 1 65 0 0000895b 1
0 0 1 70 0 0000895b 1
0 0 1 -100 122 0000895b 1
0 0 1 56 -67 000059b3 1
0 0 1 -24 96 00004b0b 1
0 0 1 42 0 0000420b 1
0 0 1 -84 -40 0000420b 1
0 0 1 0 71 00004f2b 1
0 0 1 -102 57 00004f2b 1
0 0 1 0 -55 00003875 1
0 0 1 49 -27 00003875 1
0 0 1 -51 -76 0000334a 1
0 0 1 0 -63 0000426e 1
0 0 1 0 61 0000426e 1
0 0 1 64 -106 0000426e 1
0 0 1 11 92 000027ee 1
0 0 1 68 -79 00002be2 1
0 0 1 123 125 000016e6 1
0 0 1 0 -24 000052f5 1
0 0 1 -8 31 000052f5 1
0 0 1 0 -117 000051fd 1
0 0 1 -43 -94 000051fd 1
0 0 1 -44 -17 000061c7 1
0 0 1 -114 -61 000064b3 1
0 0 1 -55 -119 00007fdd 1
0 0 1 -124 0 0000996e 1
0 0 1 46 78 0000996e 1
0 0 1 -103 -61 0000a772 1
0 0 1 0 -26 0000bffd 1
0 0 1 -22 -118 0000bffd 1
0 0 1 -61 -34 0000ca21 1
0 0 1 123 -9 0000d23b 1
0 0 1 -26 -93 0000cde8 1
0 0 1 36 0 0000d75a 1
0 0 1 0 -21 0000d75a 1
0 0 1 23 -100 0000d75a 1
0 0 1 94 89 0000ce5e 1
0 0 1 101 23 0000ef0c 1
0 0 1 -49 0 0000f81f 1
0 0 1 -90 0 0000f81f 1
0 0 1 -40 -42 0000f81f 1
0 0 1 -2 76 0000feaf 1
0 0 1 0 58 0000fe17 1
0 0 1 -14 123 0000fe17 1
0 0 1 -54 -42 0000f75d 1
0 0 1 -46 -36 00010039 1
0 0 1 -55 0 000106b1 1
0 0 1 -112 94 000106b1 1
0 0 1 -49 -88 0000dd91 1
0 0 1 79 0 0000ee69 1
0 0 1 39 -39 0000ee69 1
0 0 1 0 113 0000e878 1
0 0 1 -61 47 0000e878 1
0 0 1 -90 -121 0000dd45 1
0 0 1 0 85 000107cf 1
0 0 1 -40 -83 000107cf 1
0 0 1 100 -96 000114c7 1
0 0 1 52 -99 0000ef47 1
0 0 1 58 80 0000db2b 1
0 0 1 -115 -116 0000ed4b 1
0 0 1 -71 -83 00012167 1
0 0 1 108 -52 0001386c 1
0 0 1 42 24 0001227c 1
0 0 1 74 -105 0001266c 1
0 0 1 101 -111 00010812 1
0 0 1 43 15 0000dc47 1
0 0 1 124 -68 0000decc 1
0 0 1 69 -66 0000bddc 1
0 0 1 69 50 0000ac12 1
0 0 1 125 18 0000b98c 1
0 0 1 0 -67 0000c256 1
0 0 1 -102 2 0000c256 1
0 0 1 0 82 0000c18a 1
0 0 1 0 -17 0000c18a 1
0 0 1 -106 -1 0000c18a 1
0 0 1 -34 -72 0000c1f4 1
0 0 1 21 -101 0000cb84 1
0 0 1 62 -103 0000c33b 1
0 0 1 113 34 0000aa49 1
0 0 1 -28 -73 0000b94b 1
0 0 1 22 0 0000c147 1
0 0 1 14 34 0000c147 1
0 0 1 -120 31 0000c323 1
0 0 1 0 12 0000b49b 1
0 0 1 -119 0 0000b49b 1
0 0 1 15 0 0000b49b 1
0 0 1 -21 0 0000b49b 1
0 0 1 40 0 0000b49b 1
0 0 1 -1 -125 0000b49b 1
0 0 1 -29 22 0000b518 1
0 0 1 -125 -47 0000b29a 1
0 0 1 -96 -20 0000c98d 1
0 0 1 90 0 0000d10d 1
0 0 1 -96 0 0000d10d 1
0 0 1 -20 12 0000d10d 1
0 0 1 -32 104 0000d01d 1
0 0 1 0 -100 0000c31d 1
0 0 1 68 47 0000c31d 1
0 0 1 -122 -94 0000cf99 1
0 0 1 38 -31 0000fc65 1
0 0 1 0 102 0000f7cb 1
0 0 1 -24 -48 0000f7cb 1
0 0 1 77 114 0000fc4b 1
0 0 1 0 -69 00011e95 1
0 0 1 46 -27 00011e95 1
0 0 1 36 0 000119bb 1
0 0 1 -26 0 000119bb 1
0 0 1 -80 17 000119bb 1
0 0 1 66 37 0001146b 1
0 0 1 62 -38 00011df5 1
0 0 1 -25 0 000114c1 1
0 0 1 -85 54 000114c1 1
0 0 1 0 -69 000102d3 1
0 0 1 44 0 000102d3 1
0 0 1 119 -79 000102d3 1
0 0 1 73 -1 0000de1a 1
0 0 1 0 -99 0000ddd1 1
0 0 1 -78 127 0000ddd1 1
0 0 1 0 -127 0000b71f 1
0 0 1 13 -103 0000b71f 1
0 0 1 -42 0 0000b1e4 1
0 0 1 81 0 0000b1e4 1
0 0 1 12 -124 0000b1e4 1
0 0 1 -81 -36 0000ac14 1
0 0 1 18 123 0000b778 1
0 0 1 -72 49 0000c01e 1
0 0 1 75 -62 0000b256 1
0 0 1 14 101 0000a02c 1
0 0 1 -18 24 0000a5b2 1
0 0 1 -25 0 0000a402 1
0 0 1 115 -35 0000a402 1
0 0 1 126 -77 00009449 1
0 0 1 -47 35 00006e63 1
0 0 1 96 0 000067f6 1
0 0 1 -79 -109 000067f6 1
0 0 1 5 -55 00008999 1
0 0 1 0 -113 00008886 1
0 0 1 28 0 00008886 1
0 0 1 116 54 00008886 1
0 0 1 68 -30 0000a0fe 1
0 0 1 0 77 00009906 1
0 0 1 0 -95 00009906 1
0 0 1 -4 -67 00009906 1
0 0 1 0 117 00009a12 1
0 0 1 -111 56 00009a12 1
0 0 1 84 67 000081ca 1
0 0 1 -25 0 000097c6 1
0 0 1 54 -89 000097c6 1
0 0 1 0 -81 00008500 1
0 0 1 -123 -119 00008500 1
0 0 1 -36 0 0000be2d 1
0 0 1 72 90 0000be2d 1
0 0 1 122 0 0000d77d 1
0 0 1 69 16 0000d77d 1
0 0 1 -41 -97 0000dbcd 1
0 0 1 41 -29 0000eb56 1
0 0 1 2 38 0000e6b1 1
0 0 1 55 -110 0000e6fd 1
0 0 1 20 -75 0000cf5b 1
0 0 1 0 -65 0000c97f 1
0 0 1 -17 81 0000c97f 1
0 0 1 -76 -88 0000c41e 1
0 0 1 -113 -38 0000de3e 1
0 0 1 -123 0 0000ef04 1
0 0 1 0 90 0000ef04 1
0 0 1 9 45 0000ef04 1
0 0 1 -8 -46 0000f099 1
0 0 1 53 -124 0000f209 1
0 0 1 -91 -9 0000d85d 1
0 0 1 -86 -105 0000db90 1
0 0 1 -108 19 0000fed6 1
0 0 1 -126 -14 0000f6d2 1
0 0 1 107 40 0000fdb6 1
0 0 1 42 -3 00010e6e 1
0 0 1 0 -35 00010df0 1
0 0 1 -120 0 00010df0 1
0 0 1 -12 80 00010df0 1
0 0 1 33 51 00010a30 1
0 0 1 -85 -3 000110c3 1
0 0 1 121 5 000111c2 1
0 0 1 -117 -11 0001141f 1
0 0 1 -45 -25 00011926 1
0 0 1 0 -116 00011d8b 1
0 0 1 13 116 00011d8b 1
0 0 1 126 -73 0001236f 1
0 0 1 3 116 0000ff81 1
0 0 1 54 -101 000100dd 1
0 0 1 120 -8 0000eb8f 1
0 0 1 -33 -44 0000e7cf 1
0 0 1 -11 -34 0000ed7b 1
0 0 1 0 50 0000eef1 1
0 0 1 -61 75 0000eef1 1
0 0 1 -50 0 0000dd12 1
0 0 1 -78 0 0000dd12 1
0 0 1 110 -31 0000dd12 1
0 0 1 110 0 0000cfc0 1
0 0 1 14 67 0000cfc0 1
0 0 1 0 34 0000d36a 1
0 0 1 -16 -115 0000d36a 1
0 0 1 110 0 0000da9a 1
0 0 1 -9 63 0000da9a 1
0 0 1 76 -91 0000d863 1
0 0 1 0 74 0000bd5f 1
0 0 1 -12 18 0000bd5f 1
0 0 1 127 29 0000bc87 1
0 0 1 94 43 0000caea 1
0 0 1 42 -74 0000dab4 1
0 0 1 -84 52 0000ce90 1
0 0 1 0 56 0000bd80 1
0 0 1 -127 3 0000bd80 1
0 0 1 75 0 0000bc03 1
0 0 1 56 50 0000bc03 1
0 0 1 101 -21 0000c6f3 1
0 0 1 0 -15 0000beaa 1
0 0 1 0 24 0000beaa 1
0 0 1 -45 -84 0000beaa 1
0 0 1 43 51 0000cd6e 1
0 0 1 0 107 0000d5ff 1
0 0 1 0 42 0000d5ff 1
0 0 1 60 -22 0000d5ff 1
0 0 1 0 47 0000d0d7 1
0 0 1 74 49 0000d0d7 1
0 0 1 0 96 0000df01 1
0 0 1 106 7 0000df01 1
0 0 1 25 0 0000e1e7 1
0 0 1 16 -14 0000e1e7 1
0 0 1 0 -66 0000e107 1
0 0 1 -57 -3 0000e107 1
0 0 1 106 27 0000e1b2 1
0 0 1 -23 -10 0000ece0 1
0 0 1 93 118 0000edc6 1
0 0 1 -125 120 000118a4 1
0 0 1 118 3 0000de0c 1
0 0 1 102 -114 0000df6e 1
0 0 1 97 -125 0000b202 1
0 0 1 -99 67 000082a5 1
0 0 1 43 121 000068bc 1
0 0 1 -38 0 00007d0f 1
0 0 1 0 94 00007d0f 1
0 0 1 43 122 00007d0f 1
0 0 1 91 -104 0000918d 1
0 0 1 84 111 00006c95 1
0 0 1 45 75 00009101 1
0 0 1 115 0 00009e30 1
0 0 1 39 -69 00009e30 1
0 0 1 29 -79 000093ad 1
0 0 1 -15 -110 00008aba 1
0 0 1 84 7 0000912c 1
0 0 1 -57 79 00009378 1
0 0 1 79 53 000081e1 1
0 0 1 -98 0 0000923c 1
0 0 1 14 103 0000923c 1
0 0 1 -111 -14 000097de 1
0 0 1 -99 6 00009df0 1
0 0 1 118 0 00009b9e 1
0 0 1 76 -77 00009b9e 1
0 0 1 57 53 000084c2 1
0 0 1 58 39 0000908f 1
0 0 1 66 0 00009965 1
0 0 1 -68 62 00009965 1
0 0 1 73 43 000088ed 1
0 0 1 -15 -108 00009530 1
0 0 1 -17 -16 00009b84 1
0 0 1 102 -83 00009c94 1
0 0 1 -35 0 00007b82 1
0 0 1 0 29 00007b82 1
0 0 1 54 -127 00007b82 1
0 0 1 6 47 000060b8 1
0 0 1 -69 -42 000061d2 1
0 0 1 -120 110 00006d24 1
0 0 1 85 93 00003994 1
0 0 1 112 -105 00005875 1
0 0 1 -39 92 00002a85 1
0 0 1 113 -33 00001c81 1
0 0 1 -7 0 00000df0 1
0 0 1 75 0 00000df0 1
0 0 1 -117 64 00000df0 1
0 0 1 75 -128 fffff0b0 1
0 0 1 -126 -80 ffffcb30 1
0 0 1 36 -31 fffff290 1
0 0 1 -45 -38 ffffee34 1
0 0 1 0 -127 fffff4e2 1
0 0 1 90 -81 fffff4e2 1
0 0 1 79 0 ffffd868 1
0 0 1 89 -83 ffffd868 1
0 0 1 0 -112 ffffbb8d 1
0 0 1 0 -9 ffffbb8d 1
0 0 1 70 -70 ffffbb8d 1
0 0 1 0 118 ffffa869 1
0 0 1 99 -40 ffffa869 1
0 0 1 -88 92 ffff98f1 1
0 0 1 88 103 ffff7951 1
0 0 1 -59 51 ffff9cb9 1
0 0 1 -77 74 ffff90f8 1
0 0 1 -78 0 ffff7ab6 1
0 0 1 84 0 ffff7ab6 1
0 0 1 -30 -47 ffff7ab6 1
0 0 1 89 -9 ffff8038 1
0 0 1 -53 12 ffff7d17 1
0 0 1 -106 -76 ffff7a9b 1
0 0 1 -65 65 ffff9a13 1
0 0 1 -15 60 ffff8992 1
0 0 1 -80 108 ffff860e 1
0 0 1 -11 15 ffff644e 1
0 0 1 -16 92 ffff63a9 1
0 0 1 -34 51 ffff5de9 1
0 0 1 0 46 ffff5723 1
0 0 1 -1 -109 ffff5723 1
0 0 1 0 47 ffff5790 1
0 0 1 -43 -49 ffff5790 1
0 0 1 -46 117 ffff5fcb 1
0 0 1 0 44 ffff4ac5 1
0 0 1 0 92 ffff4ac5 1
0 0 1 -10 -62 ffff4ac5 1
0 0 1 0 -44 ffff4d31 1
0 0 1 20 -71 ffff4d31 1
0 0 1 -81 4 ffff47a5 1
0 0 1 -35 -86 ffff4661 1
0 0 1 0 -115 ffff5223 1
0 0 1 64 27 ffff5223 1
0 0 1 109 26 ffff58e3 1
0 0 1 89 0 ffff63f5 1
0 0 1 -28 2 ffff63f5 1
0 0 1 -52 14 ffff63bd 1
0 0 1 -27 -125 ffff60e5 1
0 0 1 12 27 ffff6e14 1
0 0 1 -93 119 ffff6f58 1
0 0 1 -86 76 ffff441d 1
0 0 1 54 0 ffff2a95 1
0 0 1 19 -14 ffff2a95 1
0 0 1 122 -39 ffff298b 1
0 0 1 -86 75 ffff16f5 1
0 0 1 -28 17 fffefdc3 1
0 0 1 0 -23 fffefbe7 1
0 0 1 98 -113 fffefbe7 1
0 0 1 4 65 fffed0a5 1
0 0 1 -121 -123 fffed1a9 1
0 0 1 0 -68 ffff0bcc 1
0 0 1 110 67 ffff0bcc 1
0 0 1 -39 0 ffff2896 1
0 0 1 0 30 ffff2896 1
0 0 1 -28 79 ffff2896 1
0 0 1 -43 37 ffff1ff2 1
0 0 1 -37 54 ffff19bb 1
0 0 1 75 -26 ffff11ed 1
0 0 1 -22 -102 ffff0a4f 1
0 0 1 0 15 ffff1313 1
0 0 1 0 82 ffff1313 1
0 0 1 94 -11 ffff1313 1
0 0 1 -18 0 ffff0f09 1
0 0 1 116 110 ffff0f09 1
0 0 1 -32 0 ffff40e1 1
0 0 1 -107 107 ffff40e1 1
0 0 1 -118 0 ffff1428 1
0 0 1 6 -37 ffff1428 1
0 0 1 0 -59 ffff134a 1
0 0 1 98 38 ffff134a 1
0 0 1 -5 -21 ffff21d6 1
0 0 1 22 -9 ffff223f 1
0 0 1 -30 -127 ffff2179 1
0 0 1 126 110 ffff305b 1
0 0 1 1 4 ffff667f 1
0 0 1 1 126 ffff6683 1
0 0 1 -36 102 ffff6701 1
0 0 1 58 0 ffff58a9 1
0 0 1 -57 30 ffff58a9 1
0 0 1 -86 -69 ffff51fb 1
0 0 1 37 -32 ffff6929 1
0 0 1 24 85 ffff6489 1
0 0 1 -71 71 ffff6c81 1
0 0 1 0 -114 ffff58d0 1
0 0 1 110 -112 ffff58d0 1
0 0 1 96 0 ffff28b0 1
0 0 1 -96 114 ffff28b0 1
0 0 1 14 -30 fffefdf0 1
0 0 1 0 -10 fffefc4c 1
0 0 1 -8 -59 fffefc4c 1
0 0 1 7 -49 fffefe24 1
0 0 1 107 85 fffefccd 1
0 0 1 -116 41 ffff2054 1
0 0 1 84 72 ffff0dc0 1
0 0 1 89 -60 ffff2560 1
0 0 1 72 -31 ffff1084 1
0 0 1 40 0 ffff07cc 1
0 0 1 0 -24 ffff07cc 1
0 0 1 45 -121 ffff07cc 1
0 0 1 -52 -105 fffef287 1
0 0 1 -20 10 ffff07db 1
0 0 1 -98 116 ffff0713 1
0 0 1 -20 -4 fffedaab 1
0 0 1 65 77 fffedafb 1
0 0 1 0 -25 fffeee88 1
0 0 1 87 -3 fffeee88 1
0 0 1 -109 60 fffeed83 1
0 0 1 -45 106 fffed3f7 1
0 0 1 123 85 fffec155 1
0 0 1 -60 -33 fffeea2c 1
0 0 1 79 -83 fffef1e8 1
0 0 1 87 -89 fffed84b 1
0 0 1 0 -8 fffeba0c 1
0 0 1 14 -8 fffeba0c 1
0 0 1 0 -116 fffeb99c 1
0 0 1 106 -76 fffeb99c 1
0 0 1 113 27 fffe9a24 1
0 0 1 -29 70 fffea60f 1
0 0 1 -107 112 fffe9e21 1
0 0 1 49 -106 fffe6f51 1
0 0 1 77 -125 fffe5b07 1
0 0 1 11 9 fffe356e 1
0 0 1 35 -120 fffe35d1 1
0 0 1 0 -69 fffe2569 1
0 0 1 -19 125 fffe2569 1
0 0 1 -67 -90 fffe1c22 1
0 0 1 0 16 fffe33b0 1
0 0 1 86 -119 fffe33b0 1
0 0 1 -47 -7 fffe0bb6 1
0 0 1 0 27 fffe0cff 1
0 0 1 -121 0 fffe0cff 1
0 0 1 -41 12 fffe0cff 1
0 0 1 32 -91 fffe0b13 1
0 0 1 -124 -120 fffdffb3 1
0 0 1 14 110 fffe39d3 1
0 0 1 -43 -49 fffe3fd7 1
0 0 1 -80 -61 fffe4812 1
0 0 1 -100 0 fffe5b22 1
0 0 1 18 50 fffe5b22 1
0 0 1 48 57 fffe5ea6 1
0 0 1 0 41 fffe6956 1
0 0 1 -123 -121 fffe6956 1
0 0 1 30 92 fffea379 1
0 0 1 90 43 fffeae41 1
0 0 1 -94 -104 fffebd5f 1
0 0 1 2 -29 fffee38f 1
0 0 1 -103 -19 fffee355 1
0 0 1 87 -105 fffeeafa 1
0 0 1 4 -75 fffec74b 1
0 0 1 -78 -17 fffec61f 1
0 0 1 -101 -50 fffecb4d 1
0 0 1 110 -17 fffedf07 1
0 0 1 -100 -78 fffed7b9 1
0 0 1 10 0 fffef631 1
0 0 1 118 5 fffef631 1
0 0 1 -69 12 fffef87f 1
0 0 1 6 58 fffef543 1
0 0 1 14 -97 fffef69f 1
0 0 1 6 -79 fffef151 1
0 0 1 80 65 fffeef77 1
0 0 1 71 72 ffff03c7 1
0 0 1 34 18 ffff17bf 1
0 0 1 -119 103 ffff1a23 1
0 0 1 0 -45 fffeea42 1
0 0 1 111 0 fffeea42 1
0 0 1 0 10 fffeea42 1
0 0 1 -8 96 fffeea42 1
0 0 1 -77 -35 fffee742 1
0 0 1 -82 91 fffef1c9 1
0 0 1 -117 45 fffed4a3 1
0 0 1 93 10 fffec012 1
0 0 1 89 -114 fffec3b4 1
0 0 1 36 69 fffe9c12 1
0 0 1 -15 90 fffea5c6 1
0 0 1 0 -51 fffea080 1
0 0 1 79 -4 fffea080 1
0 0 1 0 29 fffe9f44 1
0 0 1 29 66 fffe9f44 1
0 0 1 120 113 fffea6be 1
0 0 1 53 0 fffedbb6 1
0 0 1 -69 -55 fffedbb6 1
0 0 1 0 -79 fffeea89 1
0 0 1 32 21 fffeea89 1
0 0 1 -78 -29 fffeed29 1
0 0 1 0 85 fffef5ff 1
0 0 1 -51 -78 fffef5ff 1
0 0 1 90 86 ffff0589 1
0 0 1 71 97 ffff23c5 1
0 0 1 0 111 ffff3eac 1
0 0 1 -7 43 ffff3eac 1
0 0 1 -9 -94 ffff3d7f 1
0 0 1 -66 -29 ffff40cd 1
0 0 1 0 -120 ffff4847 1
0 0 1 -52 -49 ffff4847 1
0 0 1 22 0 ffff523b 1
0 0 1 -5 0 ffff523b 1
0 0 1 33 95 ffff523b 1
0 0 1 0 -68 ffff5e7a 1
0 0 1 3 -46 ffff5e7a 1
0 0 1 -55 107 ffff5df0 1
0 0 1 57 -68 ffff46f3 1
0 0 1 -34 94 ffff37cf 1
0 0 1 38 -8 ffff2b53 1
0 0 1 -58 97 ffff2a23 1
0 0 1 0 71 ffff1429 1
0 0 1 -113 38 ffff1429 1
0 0 1 55 0 ffff0363 1
0 0 1 0 -113 ffff0363 1
0 0 1 61 -85 ffff0363 1
0 0 1 0 100 fffeef22 1
0 0 1 0 -41 fffeef22 1
0 0 1 -51 -35 fffeef22 1
0 0 1 -83 0 fffef61b 1
0 0 1 25 0 fffef61b 1
0 0 1 -37 0 fffef61b 1
0 0 1 -67 15 fffef61b 1
0 0 1 -94 -115 fffef22e 1
0 0 1 -38 75 ffff1c68 1
0 0 1 95 0 ffff1146 1
0 0 1 56 0 ffff1146 1
0 0 1 -58 100 ffff1146 1
0 0 1 -32 -41 fffefa9e 1
0 0 1 17 115 fffeffbe 1
0 0 1 -55 108 ffff0761 1
0 0 1 0 -113 fffef02d 1
0 0 1 -76 115 fffef02d 1
0 0 1 69 -114 fffece09 1
0 0 1 100 0 fffeaf4f 1
0 0 1 -119 6 fffeaf4f 1
0 0 1 -17 87 fffeac85 1
0 0 1 -112 93 fffea6be 1
0 0 1 54 -71 fffe7e0e 1
0 0 1 -28 12 fffe6f14 1
0 0 1 93 -2 fffe6dc4 1
0 0 1 21 -101 fffe6d0a 1
0 0 1 94 43 fffe64c1 1
0 0 1 -72 117 fffe748b 1
0 0 1 -28 6 fffe53a3 1
0 0 1 41 99 fffe52fb 1
0 0 1 120 -13 fffe62d6 1
0 0 1 -31 -20 fffe5cbe 1
0 0 1 0 -52 fffe5f2a 1
0 0 1 -41 123 fffe5f2a 1
0 0 1 15 39 fffe4b77 1
0 0 1 22 115 fffe4dc0 1
0 0 1 -102 126 fffe57a2 1
0 0 1 95 0 fffe256e 1
0 0 1 50 -80 fffe256e 1
0 0 1 -128 109 fffe15ce 1
0 0 1 -69 0 fffddf4e 1
0 0 1 -82 -5 fffddf4e 1
0 0 1 -14 50 fffde0e8 1
0 0 1 120 24 fffdde2c 1
0 0 1 0 -101 fffde96c 1
0 0 1 41 -98 fffde96c 1
0 0 1 0 104 fffdd9ba 1
0 0 1 0 -73 fffdd9ba 1
0 0 1 -42 -77 fffdd9ba 1
0 0 1 -93 30 fffde65c 1
0 0 1 0 95 fffddb76 1
0 0 1 0 -66 fffddb76 1
0 0 1 -73 0 fffddb76 1
0 0 1 -122 87 fffddb76 1
0 0 1 37 82 fffdb200 1
0 0 1 109 -117 fffdbdda 1
0 0 1 0 70 fffd8c09 1
0 0 1 76 -56 fffd8c09 1
0 0 1 0 -29 fffd7b69 1
0 0 1 17 102 fffd7b69 1
0 0 1 -117 36 fffd822f 1
0 0 1 -35 0 fffd71bb 1
0 0 1 74 -85 fffd71bb 1
0 0 1 0 -14 fffd5929 1
0 0 1 101 0 fffd5929 1
0 0 1 54 -122 fffd5929 1
0 0 1 -117 0 fffd3f6d 1
0 0 1 70 116 fffd3f6d 1
0 0 1 113 15 fffd5f25 1
0 0 1 -59 -41 fffd65c4 1
0 0 1 123 55 fffd6f37 1
0 0 1 -45 -75 fffd89a4 1
0 0 1 118 -127 fffd96d3 1
0 0 1 39 -123 fffd5c49 1
0 0 1 -6 0 fffd498c 1
0 0 1 51 -89 fffd498c 1
0 0 1 108 25 fffd37d1 1
0 0 1 -111 0 fffd425d 1
0 0 1 0 -21 fffd425d 1
0 0 1 -40 -39 fffd425d 1
0 0 1 -47 -81 fffd4875 1
0 0 1 0 -41 fffd5754 1
0 0 1 -123 12 fffd5754 1
0 0 1 -108 99 fffd5190 1
0 0 1 0 -57 fffd27cc 1
0 0 1 -45 -125 fffd27cc 1
0 0 1 36 0 fffd3dc5 1
0 0 1 -12 -37 fffd3dc5 1
0 0 1 -60 -94 fffd3f81 1
0 0 1 25 93 fffd5589 1
0 0 1 79 0 fffd5e9e 1
0 0 1 -94 81 fffd5e9e 1
0 0 1 -85 0 fffd40e0 1
0 0 1 68 0 fffd40e0 1
0 0 1 -107 14 fffd40e0 1
0 0 1 43 -100 fffd3b06 1
0 0 1 36 -41 fffd2a3a 1
0 0 1 -21 -40 fffd2476 1
0 0 1 -2 13 fffd27be 1
0 0 1 0 -75 fffd27a4 1
0 0 1 -33 59 fffd27a4 1
0 0 1 22 120 fffd2009 1
0 0 1 12 0 fffd2a59 1
0 0 1 126 40 fffd2a59 1
0 0 1 0 30 fffd3e09 1
0 0 1 100 -103 fffd3e09 1
0 0 1 -51 69 fffd15cd 1
0 0 1 32 -55 fffd080e 1
0 0 1 120 84 fffd012e 1
0 0 1 17 0 fffd288e 1
0 0 1 -21 -124 fffd288e 1
0 0 1 -22 -10 fffd32ba 1
0 0 1 108 -5 fffd3396 1
0 0 1 4 -85 fffd317a 1
0 0 1 -122 29 fffd3026 1
0 0 1 16 -81 fffd2254 1
0 0 1 -63 35 fffd1d44 1
0 0 1 -102 -105 fffd14a7 1
0 0 1 115 65 fffd3e7d 1
0 0 1 -103 27 fffd5bb0 1
0 0 1 -88 -123 fffd50d3 1
0 0 1 -33 0 fffd7b1b 1
0 0 1 0 -35 fffd7b1b 1
0 0 1 -59 -95 fffd7b1b 1
0 0 1 0 42 fffd9100 1
0 0 1 56 115 fffd9100 1
0 0 1 71 0 fffdaa28 1
0 0 1 91 -4 fffdaa28 1
0 0 1 2 18 fffda8bc 1
0 0 1 -56 -61 fffda8e0 1
0 0 1 26 -107 fffdb638 1
0 0 1 57 4 fffdab5a 1
0 0 1 0 21 fffdac3e 1
0 0 1 12 -99 fffdac3e 1
0 0 1 102 95 fffda79a 1
0 0 1 0 -114 fffdcd74 1
0 0 1 0 8 fffdcd74 1
0 0 1 59 89 fffdcd74 1
0 0 1 -126 44 fffde1f7 1
0 0 1 100 11 fffdcc4f 1
0 0 1 -112 -123 fffdd09b 1
0 0 1 119 0 fffe066b 1
0 0 1 110 11 fffe066b 1
0 0 1 6 -77 fffe0b25 1
0 0 1 120 -83 fffe0957 1
0 0 1 0 26 fffde26f 1
0 0 1 0 -28 fffde26f 1
0 0 1 -94 13 fffde26f 1
0 0 1 48 43 fffddda9 1
0 0 1 -21 -83 fffde5b9 1
0 0 1 -72 -111 fffdec88 1
0 0 1 122 97 fffe0bc0 1
0 0 1 0 100 fffe39fa 1
0 0 1 0 -108 fffe39fa 1
0 0 1 -88 108 fffe39fa 1
0 0 1 -78 23 fffe14da 1
0 0 1 8 -45 fffe0dd8 1
0 0 1 0 -12 fffe0c70 1
0 0 1 -35 0 fffe0c70 1
0 0 1 75 57 fffe0c70 1
0 0 1 127 0 fffe1d23 1
0 0 1 62 0 fffe1d23 1
0 0 1 0 -13 fffe1d23 1
0 0 1 -59 120 fffe1d23 1
0 0 1 0 -118 fffe017b 1
0 0 1 -35 -111 fffe017b 1
0 0 1 -15 -113 fffe10a8 1
0 0 1 93 -23 fffe1747 1
0 0 1 -88 -83 fffe0eec 1
0 0 1 -22 -82 fffe2b74 1
0 0 1 0 105 fffe3280 1
0 0 1 25 -12 fffe3280 1
0 0 1 0 -64 fffe3154 1
0 0 1 8 -96 fffe3154 1
0 0 1 -3 64 fffe2e54 1
0 0 1 96 -39 fffe2d94 1
0 0 1 26 -53 fffe1ef4 1
0 0 1 -18 34 fffe1992 1
0 0 1 -23 -9 fffe172e 1
0 0 1 110 -47 fffe17fd 1
0 0 1 0 -80 fffe03cb 1
0 0 1 33 44 fffe03cb 1
0 0 1 -109 -110 fffe0977 1
0 0 1 -31 20 fffe384d 1
0 0 1 0 22 fffe35e1 1
0 0 1 -63 66 fffe35e1 1
0 0 1 67 48 fffe25a3 1
0 0 1 -24 68 fffe3233 1
0 0 1 0 100 fffe2bd3 1
0 0 1 0 77 fffe2bd3 1
0 0 1 0 33 fffe2bd3 1
0 0 1 0 80 fffe2bd3 1
0 0 1 0 -22 fffe2bd3 1
0 0 1 -60 0 fffe2bd3 1
0 0 1 -98 -109 fffe2bd3 1
0 0 1 108 24 fffe558d 1
0 0 1 116 104 fffe5fad 1
0 0 1 33 19 fffe8ecd 1
0 0 1 113 -7 fffe9140 1
0 0 1 -126 0 fffe8e29 1
0 0 1 -95 -71 fffe8e29 1
0 0 1 -40 -13 fffea882 1
0 0 1 -81 69 fffeaa8a 1
0 0 1 0 127 fffe94b5 1
0 0 1 -62 -113 fffe94b5 1
0 0 1 31 59 fffeb013 1
0 0 1 0 -4 fffeb738 1
0 0 1 102 96 fffeb738 1
0 0 1 -19 0 fffedd78 1
0 0 1 0 29 fffedd78 1
0 0 1 0 -4 fffedd78 1
0 0 1 0 54 fffedd78 1
0 0 1 0 51 fffedd78 1
0 0 1 -37 68 fffedd78 1
0 0 1 -72 74 fffed3a4 1
0 0 1 14 -19 fffebed4 1
0 0 1 -45 -7 fffebdca 1
0 0 1 120 45 fffebf05 1
0 0 1 58 -1 fffed41d 1
0 0 1 95 0 fffed3e3 1
0 0 1 -63 42 fffed3e3 1
0 0 1 7 44 fffec98d 1
0 0 1 103 55 fffecac1 1
0 0 1 -70 2 fffee0e2 1
0 0 1 -19 0 fffee056 1
0 0 1 0 -77 fffee056 1
0 0 1 -108 -128 fffee056 1
0 0 1 -51 60 ffff1656 1
0 0 1 0 27 ffff0a62 1
0 0 1 0 -24 ffff0a62 1
0 0 1 -96 17 ffff0a62 1
0 0 1 -89 33 ffff0402 1
0 0 1 0 -48 fffef889 1
0 0 1 -42 95 fffef889 1
0 0 1 -19 0 fffee8f3 1
0 0 1 -97 -67 fffee8f3 1
0 0 1 -77 -39 ffff0256 1
0 0 1 11 0 ffff0e11 1
0 0 1 101 0 ffff0e11 1
0 0 1 30 20 ffff0e11 1
0 0 1 -98 106 ffff1069 1
0 0 1 -109 -5 fffee7d5 1
0 0 1 0 71 fffee9f6 1
0 0 1 83 0 fffee9f6 1
0 0 1 -94 -122 fffee9f6 1
0 0 1 -117 0 ffff16c2 1
0 0 1 0 -74 ffff16c2 1
0 0 1 -18 73 ffff16c2 1
0 0 1 -109 -69 ffff11a0 1
0 0 1 -59 15 ffff2f01 1
0 0 1 0 61 ffff2b8c 1
0 0 1 -93 22 ffff2b8c 1
0 0 1 -127 6 ffff238e 1
0 0 1 91 83 ffff2094 1
0 0 1 -103 0 ffff3e15 1
0 0 1 -70 -94 ffff3e15 1
0 0 1 69 54 ffff57c9 1
0 0 1 96 -25 ffff6657 1
0 0 1 23 -88 ffff5cf7 1
0 0 1 0 -13 ffff550f 1
0 0 1 -121 -19 ffff550f 1
0 0 1 -62 0 ffff5e0a 1
0 0 1 102 -119 ffff5e0a 1
0 0 1 108 34 ffff2ea0 1
0 0 1 -77 -79 ffff3cf8 1
0 0 1 -49 -7 ffff54bb 1
0 0 1 -51 94 ffff5612 1
0 0 1 0 -65 ffff4358 1
0 0 1 -85 -87 ffff4358 1
0 0 1 -91 -11 ffff603b 1
0 0 1 -71 121 ffff6424 1
0 0 1 -39 93 ffff4295 1
0 0 1 -58 -59 ffff346a 1
0 0 1 -84 -110 ffff41c8 1
0 0 1 -123 0 ffff65e0 1
0 0 1 -75 -123 ffff65e0 1
0 0 1 97 -39 ffff89e9 1
0 0 1 63 9 ffff7b22 1
0 0 1 0 -77 ffff7d59 1
0 0 1 40 -110 ffff7d59 1
0 0 1 61 -73 ffff6c29 1
0 0 1 127 0 ffff5ac4 1
0 0 1 13 83 ffff5ac4 1
0 0 1 -29 -84 ffff5efb 1
0 0 1 -77 114 ffff687f 1
0 0 1 -64 94 ffff4635 1
0 0 1 107 -77 ffff2eb5 1
0 0 1 -58 -95 ffff0e86 1
0 0 1 123 0 ffff240c 1
0 0 1 -72 120 ffff240c 1
0 0 1 -2 -30 ffff024c 1
0 0 1 124 123 ffff0288 1
0 0 1 88 11 ffff3e1c 1
0 0 1 -51 -14 ffff41e4 1
0 0 1 68 19 ffff44ae 1
0 0 1 -101 0 ffff49ba 1
0 0 1 -1 118 ffff49ba 1
0 0 1 120 -31 ffff4944 1
0 0 1 99 -8 ffff3abc 1
0 0 1 0 -44 ffff37a4 1
0 0 1 89 0 ffff37a4 1
0 0 1 -28 0 ffff37a4 1
0 0 1 46 102 ffff37a4 1
0 0 1 96 38 ffff49f8 1
0 0 1 -30 -68 ffff5838 1
0 0 1 0 -99 ffff6030 1
0 0 1 30 -96 ffff6030 1
0 0 1 0 114 ffff54f0 1
0 0 1 97 61 ffff54f0 1
0 0 1 -17 13 ffff6c0d 1
0 0 1 0 30 ffff6b30 1
0 0 1 13 114 ffff6b30 1
0 0 1 -109 -83 ffff70fa 1
0 0 1 81 -41 ffff9451 1
0 0 1 24 -59 ffff8758 1
0 0 1 85 57 ffff81d0 1
0 0 1 -57 17 ffff94bd 1
0 0 1 98 -54 ffff90f4 1
0 0 1 -30 -126 ffff7c48 1
0 0 1 0 18 ffff8b0c 1
0 0 1 124 -35 ffff8b0c 1
0 0 1 -112 57 ffff7a18 1
0 0 1 -55 28 ffff6128 1
0 0 1 -24 -88 ffff5b24 1
0 0 1 -62 -126 ffff6364 1
0 0 1 -109 116 ffff81e8 1
0 0 1 25 -58 ffff5084 1
0 0 1 -54 34 ffff4ada 1
0 0 1 -3 -63 ffff43ae 1
0 0 1 -17 0 ffff446b 1
0 0 1 -19 -1 ffff446b 1
0 0 1 -103 108 ffff447e 1
0 0 1 25 67 ffff190a 1
0 0 1 -30 -11 ffff1f95 1
0 0 1 124 -81 ffff20df 1
0 0 1 68 0 fffef9a3 1
0 0 1 90 -123 fffef9a3 1
0 0 1 -75 106 fffece65 1
0 0 1 -83 -15 fffeaf57 1
0 0 1 38 -71 fffeb434 1
0 0 1 104 0 fffea9aa 1
0 0 1 -68 0 fffea9aa 1
0 0 1 -18 0 fffea9aa 1
0 0 1 0 101 fffea9aa 1
0 0 1 82 -29 fffea9aa 1
0 0 1 21 59 fffea060 1
0 0 1 -14 24 fffea537 1
0 0 1 0 112 fffea3e7 1
0 0 1 -125 73 fffea3e7 1
0 0 1 -97 -37 fffe8042 1
0 0 1 3 -90 fffe8e47 1
0 0 1 126 24 fffe8d39 1
0 0 1 27 0 fffe9909 1
0 0 1 95 8 fffe9909 1
0 0 1 70 -103 fffe9c01 1
0 0 1 -74 118 fffe7fd7 1
0 0 1 -99 -98 fffe5dbb 1
0 0 1 70 0 fffe83a1 1
0 0 1 -73 -39 fffe83a1 1
0 0 1 105 58 fffe8ec0 1
0 0 1 0 15 fffea68a 1
0 0 1 -37 40 fffea68a 1
0 0 1 120 -17 fffea0c2 1
0 0 1 111 -92 fffe98ca 1
0 0 1 7 98 fffe70e6 1
0 0 1 -78 95 fffe7394 1
0 0 1 -90 -115 fffe56a2 1
0 0 1 97 -47 fffe7f10 1
0 0 1 -98 0 fffe6d41 1
0 0 1 28 104 fffe6d41 1
0 0 1 0 97 fffe78a1 1
0 0 1 94 -13 fffe78a1 1
0 0 1 -60 27 fffe73db 1
0 0 1 12 0 fffe6d87 1
0 0 1 -48 2 fffe6d87 1
0 0 1 -96 97 fffe6d27 1
0 0 1 -128 -105 fffe48c7 1
0 0 1 -104 26 fffe7d47 1
0 0 1 -79 0 fffe72b7 1
0 0 1 123 93 fffe72b7 1
0 0 1 -25 -101 fffe9f66 1
0 0 1 -66 35 fffea943 1
0 0 1 59 87 fffea03d 1
0 0 1 -62 78 fffeb44a 1
0 0 1 33 0 fffea166 1
0 0 1 -76 102 fffea166 1
0 0 1 103 -62 fffe831e 1
0 0 1 67 0 fffe6a2c 1
0 0 1 -58 0 fffe6a2c 1
0 0 1 -119 -16 fffe6a2c 1
0 0 1 -3 -59 fffe719c 1
0 0 1 -35 -79 fffe724d 1
0 0 1 0 8 fffe7d1a 1
0 0 1 75 -31 fffe7d1a 1
0 0 1 -62 34 fffe7405 1
0 0 1 55 60 fffe6bc9 1
0 0 1 60 0 fffe78ad 1
0 0 1 107 127 fffe78ad 1
0 0 1 -2 28 fffeadc2 1
0 0 1 -120 0 fffead8a 1
0 0 1 0 34 fffead8a 1
0 0 1 -116 -128 fffead8a 1
0 0 1 107 -124 fffee78a 1
0 0 1 -47 -102 fffeb3b6 1
0 0 1 125 -54 fffec670 1
0 0 1 24 1 fffeac12 1
0 0 1 24 68 fffeac2a 1
0 0 1 -51 124 fffeb28a 1
0 0 1 0 39 fffe99d6 1
0 0 1 -50 37 fffe99d6 1
0 0 1 -34 0 fffe929c 1
0 0 1 79 114 fffe929c 1
0 0 1 25 0 fffeb5ca 1
0 0 1 -1 -103 fffeb5ca 1
0 0 1 -22 -37 fffeb631 1
0 0 1 -8 83 fffeb95f 1
0 0 1 103 62 fffeb6c7 1
0 0 1 -6 115 fffecfb9 1
0 0 1 75 63 fffecd07 1
0 0 1 -76 -76 fffedf7c 1
0 0 1 -72 -34 fffef60c 1
0 0 1 117 106 fffeff9c 1
0 0 1 0 99 ffff300e 1
0 0 1 99 -45 ffff300e 1
0 0 1 1 -36 ffff1ea7 1
0 0 1 38 28 ffff1e83 1
0 0 1 15 77 ffff22ab 1
0 0 1 121 0 ffff272e 1
0 0 1 75 -30 ffff272e 1
0 0 1 126 95 ffff1e64 1
0 0 1 -82 49 ffff4d26 1
0 0 1 -57 -65 ffff3d74 1
0 0 1 54 77 ffff4bed 1
0 0 1 107 69 ffff5c2b 1
0 0 1 0 58 ffff7902 1
0 0 1 -49 28 ffff7902 1
0 0 1 0 -94 ffff73a6 1
0 0 1 -109 0 ffff73a6 1
0 0 1 72 6 ffff73a6 1
0 0 1 -4 0 ffff7556 1
0 0 1 -23 -14 ffff7556 1
0 0 1 0 82 ffff7698 1
0 0 1 -23 -67 ffff7698 1
0 0 1 0 -111 ffff7c9d 1
0 0 1 119 -119 ffff7c9d 1
0 0 1 -64 -98 ffff454c 1
0 0 1 -73 17 ffff5dcc 1
0 0 1 -71 81 ffff58f3 1
0 0 1 127 -96 ffff427c 1
0 0 1 0 11 ffff12dc 1
0 0 1 0 31 ffff12dc 1
0 0 1 -98 25 ffff12dc 1
0 0 1 -43 29 ffff094a 1
0 0 1 -109 -30 ffff046b 1
0 0 1 78 0 ffff1131 1
0 0 1 90 8 ffff1131 1
0 0 1 -4 40 ffff1401 1
0 0 1 110 64 ffff1361 1
0 0 1 -28 -114 ffff2ee1 1
0 0 1 0 14 ffff3b59 1
0 0 1 -65 71 ffff3b59 1
0 0 1 26 0 ffff2952 1
0 0 1 -93 113 ffff2952 1
0 0 1 -112 -21 ffff0045 1
0 0 1 -62 0 ffff0975 1
0 0 1 0 81 ffff0975 1
0 0 1 -81 0 ffff0975 1
0 0 1 0 -17 ffff0975 1
0 0 1 -20 63 ffff0975 1
0 0 1 0 21 ffff0489 1
0 0 1 0 -68 ffff0489 1
0 0 1 25 46 ffff0489 1
0 0 1 98 0 ffff0907 1
0 0 1 -126 24 ffff0907 1
0 0 1 19 -13 fffefd37 1
0 0 1 65 18 fffefc40 1
0 0 1 -119 -31 ffff00d2 1
0 0 1 77 35 ffff0f3b 1
0 0 1 14 10 ffff19c2 1
0 0 1 114 9 ffff1a4e 1
0 0 1 117 53 ffff1e50 1
0 0 1 -15 0 ffff3689 1
0 0 1 117 -39 ffff3689 1
0 0 1 49 38 ffff24b6 1
0 0 1 93 0 ffff2bfc 1
0 0 1 -115 -20 ffff2bfc 1
0 0 1 86 -43 ffff34f8 1
0 0 1 80 0 ffff2686 1
0 0 1 -7 -19 ffff2686 1
0 0 1 7 -60 ffff270b 1
0 0 1 0 37 ffff2567 1
0 0 1 -18 57 ffff2567 1
0 0 1 17 -51 ffff2165 1
0 0 1 0 85 ffff1e02 1
0 0 1 119 40 ffff1e02 1
0 0 1 0 17 ffff309a 1
0 0 1 -88 92 ffff309a 1
0 0 1 -69 -115 ffff10fa 1
0 0 1 109 0 ffff2ff9 1
0 0 1 30 0 ffff2ff9 1
0 0 1 -49 14 ffff2ff9 1
0 0 1 0 70 ffff2d4b 1
0 0 1 13 88 ffff2d4b 1
0 0 1 -26 69 ffff31c3 1
0 0 1 65 0 ffff2ac1 1
0 0 1 70 0 ffff2ac1 1
0 0 1 -100 122 ffff2ac1 1
0 0 1 56 -67 fffefb19 1
0 0 1 -24 96 fffeec71 1
0 0 1 42 0 fffee371 1
0 0 1 -84 -40 fffee371 1
0 0 1 0 71 fffef091 1
0 0 1 -102 57 fffef091 1
0 0 1 0 -55 fffed9db 1
0 0 1 49 -27 fffed9db 1
0 0 1 -51 -76 fffed4b0 1
0 0 1 0 -63 fffee3d4 1
0 0 1 0 61 fffee3d4 1
0 0 1 64 -106 fffee3d4 1
0 0 1 11 92 fffec954 1
0 0 1 68 -79 fffecd48 1
0 0 1 123 125 fffeb84c 1
0 0 1 0 -24 fffef45b 1
0 0 1 -8 31 fffef45b 1
0 0 1 0 -117 fffef363 1
0 0 1 -43 -94 fffef363 1
0 0 1 -44 -17 ffff032d 1
0 0 1 -114 -61 ffff0619 1
0 0 1 -55 -119 ffff2143 1
0 0 1 -124 0 ffff3ad4 1
0 0 1 46 78 ffff3ad4 1
0 0 1 -103 -61 ffff48d8 1
0 0 1 0 -26 ffff6163 1
0 0 1 -22 -118 ffff6163 1
0 0 1 -61 -34 ffff6b87 1
0 0 1 123 -9 ffff73a1 1
0 0 1 -26 -93 ffff6f4e 1
0 0 1 36 0 ffff78c0 1
0 0 1 0 -21 ffff78c0 1
0 0 1 23 -100 ffff78c0 1
0 0 1 94 89 ffff6fc4 1
0 0 1 101 23 ffff9072 1
0 0 1 -49 0 ffff9985 1
0 0 1 -90 0 ffff9985 1
0 0 1 -40 -42 ffff9985 1
0 0 1 -2 76 ffffa015 1
0 0 1 0 58 ffff9f7d 1
0 0 1 -14 123 ffff9f7d 1
0 0 1 -54 -42 ffff98c3 1
0 0 1 -46 -36 ffffa19f 1
0 0 1 -55 0 ffffa817 1
0 0 1 -112 94 ffffa817 1
0 0 1 -49 -88 ffff7ef7 1
0 0 1 79 0 ffff8fcf 1
0 0 1 39 -39 ffff8fcf 1
0 0 1 0 113 ffff89de 1
0 0 1 -61 47 ffff89de 1
0 0 1 -90 -121 ffff7eab 1
0 0 1 0 85 ffffa935 1
0 0 1 -40 -83 ffffa935 1
0 0 1 100 -96 ffffb62d 1
0 0 1 52 -99 ffff90ad 1
0 0 1 58 80 ffff7c91 1
0 0 1 -115 -116 ffff8eb1 1
0 0 1 -71 -83 ffffc2cd 1
0 0 1 108 -52 ffffd9d2 1
0 0 1 42 24 ffffc3e2 1
0 0 1 74 -105 ffffc7d2 1
0 0 1 101 -111 ffffa978 1
0 0 1 43 15 ffff7dad 1
0 0 1 124 -68 ffff8032 1
0 0 1 69 -66 ffff5f42 1
0 0 1 69 50 ffff4d78 1
0 0 1 125 18 ffff5af2 1
0 0 1 0 -67 ffff63bc 1
0 0 1 -102 2 ffff63bc 1
0 0 1 0 82 ffff62f0 1
0 0 1 0 -17 ffff62f0 1
0 0 1 -106 -1 ffff62f0 1
0 0 1 -34 -72 ffff635a 1
0 0 1 21 -101 ffff6cea 1
0 0 1 62 -103 ffff64a1 1
0 0 1 113 34 ffff4baf 1
0 0 1 -28 -73 ffff5ab1 1
0 0 1 22 0 ffff62ad 1
0 0 1 14 34 ffff62ad 1
0 0 1 -120 31 ffff6489 1
0 0 1 0 12 ffff5601 1
0 0 1 -119 0 ffff5601 1
0 0 1 15 0 ffff5601 1
0 0 1 -21 0 ffff5601 1
0 0 1 40 0 ffff5601 1
0 0 1 -1 -125 ffff5601 1
0 0 1 -29 22 ffff567e 1
0 0 1 -125 -47 ffff5400 1
0 0 1 -96 -20 ffff6af3 1
0 0 1 90 0 ffff7273 1
0 0 1 -96 0 ffff7273 1
0 0 1 -20 12 ffff7273 1
0 0 1 -32 104 ffff7183 1
0 0 1 0 -100 ffff6483 1
0 0 1 68 47 ffff6483 1
0 0 1 -122 -94 ffff70ff 1
0 0 1 38 -31 ffff9dcb 1
0 0 1 0 102 ffff9931 1
0 0 1 -24 -48 ffff9931 1
0 0 1 77 114 ffff9db1 1
0 0 1 0 -69 ffffbffb 1
0 0 1 46 -27 ffffbffb 1
0 0 1 36 0 ffffbb21 1
0 0 1 -26 0 ffffbb21 1
0 0 1 -80 17 ffffbb21 1
0 0 1 66 37 ffffb5d1 1
0 0 1 62 -38 ffffbf5b 1
0 0 1 -25 0 ffffb627 1
0 0 1 -85 54 ffffb627 1
0 0 1 0 -69 ffffa439 1
0 0 1 44 0 ffffa439 1
0 0 1 119 -79 ffffa439 1
0 0 1 73 -1 ffff7f80 1
0 0 1 0 -99 ffff7f37 1
0 0 1 -78 127 ffff7f37 1
0 0 1 0 -127 ffff5885 1
0 0 1 13 -103 ffff5885 1
0 0 1 -42 0 ffff534a 1
0 0 1 81 0 ffff534a 1
0 0 1 12 -124 ffff534a 1
0 0 1 -81 -36 ffff4d7a 1
0 0 1 18 123 ffff58de 1
0 0 1 -72 49 ffff6184 1
0 0 1 75 -62 ffff53bc 1
0 0 1 14 101 ffff4192 1
0 0 1 -18 24 ffff4718 1
0 0 1 -25 0 ffff4568 1
0 0 1 115 -35 ffff4568 1
0 0 1 126 -77 ffff35af 1
0 0 1 -47 35 ffff0fc9 1
0 0 1 96 0 ffff095c 1
0 0 1 -79 -109 ffff095c 1
0 0 1 5 -55 ffff2aff 1
0 0 1 0 -113 ffff29ec 1
0 0 1 28 0 ffff29ec 1
0 0 1 116 54 ffff29ec 1
0 0 1 68 -30 ffff4264 1
0 0 1 0 77 ffff3a6c 1
0 0 1 0 -95 ffff3a6c 1
0 0 1 -4 -67 ffff3a6c 1
0 0 1 0 117 ffff3b78 1
0 0 1 -111 56 ffff3b78 1
0 0 1 84 67 ffff2330 1
0 0 1 -25 0 ffff392c 1
0 0 1 54 -89 ffff392c 1
0 0 1 0 -81 ffff2666 1
0 0 1 -123 -119 ffff2666 1
0 0 1 -36 0 ffff5f93 1
0 0 1 72 90 ffff5f93 1
0 0 1 122 0 ffff78e3 1
0 0 1 69 16 ffff78e3 1
0 0 1 -41 -97 ffff7d33 1
0 0 1 41 -29 ffff8cbc 1
0 0 1 2 38 ffff8817 1
0 0 1 55 -110 ffff8863 1
0 0 1 20 -75 ffff70c1 1
0 0 1 0 -65 ffff6ae5 1
0 0 1 -17 81 ffff6ae5 1
0 0 1 -76 -88 ffff6584 1
0 0 1 -113 -38 ffff7fa4 1
0 0 1 -123 0 ffff906a 1
0 0 1 0 90 ffff906a 1
0 0 1 9 45 ffff906a 1
0 0 1 -8 -46 ffff91ff 1
0 0 1 53 -124 ffff936f 1
0 0 1 -91 -9 ffff79c3 1
0 0 1 -86 -105 ffff7cf6 1
0 0 1 -108 19 ffffa03c 1
0 0 1 -126 -14 ffff9838 1
0 0 1 107 40 ffff9f1c 1
0 0 1 42 -3 ffffafd4 1
0 0 1 0 -35 ffffaf56 1
0 0 1 -120 0 ffffaf56 1
0 0 1 -12 80 ffffaf56 1
0 0 1 33 51 ffffab96 1
0 0 1 -85 -3 ffffb229 1
0 0 1 121 5 ffffb328 1
0 0 1 -117 -11 ffffb585 1
0 0 1 -45 -25 ffffba8c 1
0 0 1 0 -116 ffffbef1 1
0 0 1 13 116 ffffbef1 1
0 0 1 126 -73 ffffc4d5 1
0 0 1 3 116 ffffa0e7 1
0 0 1 54 -101 ffffa243 1
0 0 1 120 -8 ffff8cf5 1
0 0 1 -33 -44 ffff8935 1
0 0 1 -11 -34 ffff8ee1 1
0 0 1 0 50 ffff9057 1
0 0 1 -61 75 ffff9057 1
0 0 1 -50 0 ffff7e78 1
0 0 1 -78 0 ffff7e78 1
0 0 1 110 -31 ffff7e78 1
0 0 1 110 0 ffff7126 1
0 0 1 14 67 ffff7126 1
0 0 1 0 34 ffff74d0 1
0 0 1 -16 -115 ffff74d0 1
0 0 1 110 0 ffff7c00 1
0 0 1 -9 63 ffff7c00 1
0 0 1 76 -91 ffff79c9 1
0 0 1 0 74 ffff5ec5 1
0 0 1 -12 18 ffff5ec5 1
0 0 1 127 29 ffff5ded 1
0 0 1 94 43 ffff6c50 1
0 0 1 42 -74 ffff7c1a 1
0 0 1 -84 52 ffff6ff6 1
0 0 1 0 56 ffff5ee6 1
0 0 1 -127 3 ffff5ee6 1
0 0 1 75 0 ffff5d69 1
0 0 1 56 50 ffff5d69 1
0 0 1 101 -21 ffff6859 1
0 0 1 0 -15 ffff6010 1
0 0 1 0 24 ffff6010 1
0 0 1 -45 -84 ffff6010 1
0 0 1 43 51 ffff6ed4 1
0 0 1 0 107 ffff7765 1
0 0 1 0 42 ffff7765 1
0 0 1 60 -22 ffff7765 1
0 0 1 0 47 ffff723d 1
0 0 1 74 49 ffff723d 1
0 0 1 0 96 ffff8067 1
0 0 1 106 7 ffff8067 1
0 0 1 25 0 ffff834d 1
0 0 1 16 -14 ffff834d 1
0 0 1 0 -66 ffff826d 1
0 0 1 -57 -3 ffff826d 1
0 0 1 106 27 ffff8318 1
0 0 1 -23 -10 ffff8e46 1
0 0 1 93 118 ffff8f2c 1
0 0 1 -125 120 ffffba0a 1
0 0 1 118 3 ffff7f72 1
0 0 1 102 -114 ffff80d4 1
0 0 1 97 -125 ffff5368 1
0 0 1 -99 67 ffff240b 1
0 0 1 43 121 ffff0a22 1
0 0 1 -38 0 ffff1e75 1
0 0 1 0 94 ffff1e75 1
0 0 1 43 122 ffff1e75 1
0 0 1 91 -104 ffff32f3 1
0 0 1 84 111 ffff0dfb 1
0 0 1 45 75 ffff3267 1
0 0 1 115 0 ffff3f96 1
0 0 1 39 -69 ffff3f96 1
0 0 1 29 -79 ffff3513 1
0 0 1 -15 -110 ffff2c20 1
0 0 1 84 7 ffff3292 1
0 0 1 -57 79 ffff34de 1
0 0 1 79 53 ffff2347 1
0 0 1 -98 0 ffff33a2 1
0 0 1 14 103 ffff33a2 1
0 0 1 -111 -14 ffff3944 1
0 0 1 -99 6 ffff3f56 1
0 0 1 118 0 ffff3d04 1
0 0 1 76 -77 ffff3d04 1
0 0 1 57 53 ffff2628 1
0 0 1 58 39 ffff31f5 1
0 0 1 66 0 ffff3acb 1
0 0 1 -68 62 ffff3acb 1
0 0 1 73 43 ffff2a53 1
0 0 1 -15 -108 ffff3696 1
0 0 1 -17 -16 ffff3cea 1
0 0 1 102 -83 ffff3dfa 1
0 0 1 -35 0 ffff1ce8 1
0 0 1 0 29 ffff1ce8 1
0 0 1 54 -127 ffff1ce8 1
0 0 1 6 47 ffff021e 1
0 0 1 -69 -42 ffff0338 1
0 0 1 -120 110 ffff0e8a 1
0 0 1 85 93 fffedafa 1
0 0 1 112 -105 fffef9db 1
0 0 1 -39 92 fffecbeb 1
0 0 1 113 -33 fffebde7 1
0 0 1 -7 0 fffeaf56 1
0 0 1 75 0 fffeaf56 1
0 0 1 -117 64 fffeaf56 1
0 0 1 75 -128 fffe9216 1
0 0 1 -126 -80 fffe6c96 1
0 0 1 36 -31 fffe93f6 1
0 0 1 -45 -38 fffe8f9a 1
0 0 1 0 -127 fffe9648 1
0 0 1 90 -81 fffe9648 1
0 0 1 79 0 fffe79ce 1
0 0 1 89 -83 fffe79ce 1
0 0 1 0 -112 fffe5cf3 1
0 0 1 0 -9 fffe5cf3 1
0 0 1 70 -70 fffe5cf3 1
0 0 1 0 118 fffe49cf 1
0 0 1 99 -40 fffe49cf 1
0 0 1 -88 92 fffe3a57 1
0 0 1 88 103 fffe1ab7 1
0 0 1 -59 51 fffe3e1f 1
0 0 1 -77 74 fffe325e 1
0 0 1 -78 0 fffe1c1c 1
0 0 1 84 0 fffe1c1c 1
0 0 1 -30 -47 fffe1c1c 1
0 0 1 89 -9 fffe219e 1
0 0 1 -53 12 fffe1e7d 1
0 0 1 -106 -76 fffe1c01 1
0 0 1 -65 65 fffe3b79 1
0 0 1 -15 60 fffe2af8 1
0 0 1 -80 108 fffe2774 1
0 0 1 -11 15 fffe05b4 1
0 0 1 -16 92 fffe050f 1
0 0 1 -34 51 fffdff4f 1
0 0 1 0 46 fffdf889 1
0 0 1 -1 -109 fffdf889 1
0 0 1 0 47 fffdf8f6 1
0 0 1 -43 -49 fffdf8f6 1
0 0 1 -46 117 fffe0131 1
0 0 1 0 44 fffdec2b 1
0 0 1 0 92 fffdec2b 1
0 0 1 -10 -62 fffdec2b 1
0 0 1 0 -44 fffdee97 1
0 0 1 20 -71 fffdee97 1
0 0 1 -81 4 fffde90b 1
0 0 1 -35 -86 fffde7c7 1
0 0 1 0 -115 fffdf389 1
0 0 1 64 27 fffdf389 1
0 0 1 109 26 fffdfa49 1
0 0 1 89 0 fffe055b 1
0 0 1 -28 2 fffe055b 1
0 0 1 -52 14 fffe0523 1
0 0 1 -27 -125 fffe024b 1
0 0 1 12 27 fffe0f7a 1
0 0 1 -93 119 fffe10be 1
0 0 1 -86 76 fffde583 1
0 0 1 54 0 fffdcbfb 1
0 0 1 19 -14 fffdcbfb 1
0 0 1 122 -39 fffdcaf1 1
0 0 1 -86 75 fffdb85b 1
0 0 1 -28 17 fffd9f29 1
0 0 1 0 -23 fffd9d4d 1
0 0 1 98 -113 fffd9d4d 1
0 0 1 4 65 fffd720b 1
0 0 1 -121 -123 fffd730f 1
0 0 1 0 -68 fffdad32 1
0 0 1 110 67 fffdad32 1
0 0 1 -39 0 fffdc9fc 1
0 0 1 0 30 fffdc9fc 1
0 0 1 -28 79 fffdc9fc 1
0 0 1 -43 37 fffdc158 1
0 0 1 -37 54 fffdbb21 1
0 0 1 75 -26 fffdb353 1
0 0 1 -22 -102 fffdabb5 1
0 0 1 0 15 fffdb479 1
0 0 1 0 82 fffdb479 1
0 0 1 94 -11 fffdb479 1
0 0 1 -18 0 fffdb06f 1
0 0 1 116 110 fffdb06f 1
0 0 1 -32 0 fffde247 1
0 0 1 -107 107 fffde247 1
0 0 1 -118 0 fffdb58e 1
0 0 1 6 -37 fffdb58e 1
0 0 1 0 -59 fffdb4b0 1
0 0 1 98 38 fffdb4b0 1
0 0 1 -5 -21 fffdc33c 1
0 0 1 22 -9 fffdc3a5 1
0 0 1 -30 -127 fffdc2df 1
0 0 1 126 110 fffdd1c1 1
0 0 1 1 4 fffe07e5 1
0 0 1 1 126 fffe07e9 1
0 0 1 -36 102 fffe0867 1
0 0 1 58 0 fffdfa0f 1
0 0 1 -57 30 fffdfa0f 1
0 0 1 -86 -69 fffdf361 1
0 0 1 37 -32 fffe0a8f 1
0 0 1 24 85 fffe05ef 1
0 0 1 -71 71 fffe0de7 1
0 0 1 0 -114 fffdfa36 1
0 0 1 110 -112 fffdfa36 1
0 0 1 96 0 fffdca16 1
0 0 1 -96 114 fffdca16 1
0 0 1 14 -30 fffd9f56 1
0 0 1 0 -10 fffd9db2 1
0 0 1 -8 -59 fffd9db2 1
0 0 1 7 -49 fffd9f8a 1
0 0 1 107 85 fffd9e33 1
0 0 1 -116 41 fffdc1ba 1
0 0 1 84 72 fffdaf26 1
0 0 1 89 -60 fffdc6c6 1
0 0 1 72 -31 fffdb1ea 1
0 0 1 40 0 fffda932 1
0 0 1 0 -24 fffda932 1
0 0 1 45 -121 fffda932 1
0 0 1 -52 -105 fffd93ed 1
0 0 1 -20 10 fffda941 1
0 0 1 -98 116 fffda879 1
0 0 1 -20 -4 fffd7c11 1
0 0 1 65 77 fffd7c61 1
0 0 1 0 -25 fffd8fee 1
0 0 1 87 -3 fffd8fee 1
0 0 1 -109 60 fffd8ee9 1
0 0 1 -45 106 fffd755d 1
0 0 1 123 85 fffd62bb 1
0 0 1 -60 -33 fffd8b92 1
0 0 1 79 -83 fffd934e 1
0 0 1 87 -89 fffd79b1 1
0 0 1 0 -8 fffd5b72 1
0 0 1 14 -8 fffd5b72 1
0 0 1 0 -116 fffd5b02 1
0 0 1 106 -76 fffd5b02 1
0 0 1 113 27 fffd3b8a 1
0 0 1 -29 70 fffd4775 1
0 0 1 -107 112 fffd3f87 1
0 0 1 49 -106 fffd10b7 1
0 0 1 77 -125 fffcfc6d 1
0 0 1 11 9 fffcd6d4 1
0 0 1 35 -120 fffcd737 1
0 0 1 0 -69 fffcc6cf 1
0 0 1 -19 125 fffcc6cf 1
0 0 1 -67 -90 fffcbd88 1
0 0 1 0 16 fffcd516 1
0 0 1 86 -119 fffcd516 1
0 0 1 -47 -7 fffcad1c 1
0 0 1 0 27 fffcae65 1
0 0 1 -121 0 fffcae65 1
0 0 1 -41 12 fffcae65 1
0 0 1 32 -91 fffcac79 1
0 0 1 -124 -120 fffca119 1
0 0 1 14 110 fffcdb39 1
0 0 1 -43 -49 fffce13d 1
0 0 1 -80 -61 fffce978 1
0 0 1 -100 0 fffcfc88 1
0 0 1 18 50 fffcfc88 1
0 0 1 48 57 fffd000c 1
0 0 1 0 41 fffd0abc 1
0 0 1 -123 -121 fffd0abc 1
0 0 1 30 92 fffd44df 1
0 0 1 90 43 fffd4fa7 1
0 0 1 -94 -104 fffd5ec5 1
0 0 1 2 -29 fffd84f5 1
0 0 1 -103 -19 fffd84bb 1
0 0 1 87 -105 fffd8c60 1
0 0 1 4 -75 fffd68b1 1
0 0 1 -78 -17 fffd6785 1
0 0 1 -101 -50 fffd6cb3 1
0 0 1 110 -17 fffd806d 1
0 0 1 -100 -78 fffd791f 1
0 0 1 10 0 fffd9797 1
0 0 1 118 5 fffd9797 1
0 0 1 -69 12 fffd99e5 1
0 0 1 6 58 fffd96a9 1
0 0 1 14 -97 fffd9805 1
0 0 1 6 -79 fffd92b7 1
0 0 1 80 65 fffd90dd 1
0 0 1 71 72 fffda52d 1
0 0 1 34 18 fffdb925 1
0 0 1 -119 103 fffdbb89 1
0 0 1 0 -45 fffd8ba8 1
0 0 1 111 0 fffd8ba8 1
0 0 1 0 10 fffd8ba8 1
0 0 1 -8 96 fffd8ba8 1
0 0 1 -77 -35 fffd88a8 1
0 0 1 -82 91 fffd932f 1
0 0 1 -117 45 fffd7609 1
0 0 1 93 10 fffd6178 1
0 0 1 89 -114 fffd651a 1
0 0 1 36 69 fffd3d78 1
0 0 1 -15 90 fffd472c 1
0 0 1 0 -51 fffd41e6 1
0 0 1 79 -4 fffd41e6 1
0 0 1 0 29 fffd40aa 1
0 0 1 29 66 fffd40aa 1
0 0 1 120 113 fffd4824 1
0 0 1 53 0 fffd7d1c 1
0 0 1 -69 -55 fffd7d1c 1
0 0 1 0 -79 fffd8bef 1
0 0 1 32 21 fffd8bef 1
0 0 1 -78 -29 fffd8e8f 1
0 0 1 0 85 fffd9765 1
0 0 1 -51 -78 fffd9765 1
0 0 1 90 86 fffda6ef 1
0 0 1 71 97 fffdc52b 1
0 0 1 0 111 fffde012 1
0 0 1 -7 43 fffde012 1
0 0 1 -9 -94 fffddee5 1
0 0 1 -66 -29 fffde233 1
0 0 1 0 -120 fffde9ad 1
0 0 1 -52 -49 fffde9ad 1
0 0 1 22 0 fffdf3a1 1
0 0 1 -5 0 fffdf3a1 1
0 0 1 33 95 fffdf3a1 1
0 0 1 0 -68 fffdffe0 1
0 0 1 3 -46 fffdffe0 1
0 0 1 -55 107 fffdff56 1
0 0 1 57 -68 fffde859 1
0 0 1 -34 94 fffdd935 1
0 0 1 38 -8 fffdccb9 1
0 0 1 -58 97 fffdcb89 1
0 0 1 0 71 fffdb58f 1
0 0 1 -113 38 fffdb58f 1
0 0 1 55 0 fffda4c9 1
0 0 1 0 -113 fffda4c9 1
0 0 1 61 -85 fffda4c9 1
0 0 1 0 100 fffd9088 1
0 0 1 0 -41 fffd9088 1
0 0 1 -51 -35 fffd9088 1
0 0 1 -83 0 fffd9781 1
0 0 1 25 0 fffd9781 1
0 0 1 -37 0 fffd9781 1
0 0 1 -67 15 fffd9781 1
0 0 1 -94 -115 fffd9394 1
0 0 1 -38 75 fffdbdce 1
0 0 1 95 0 fffdb2ac 1
0 0 1 56 0 fffdb2ac 1
0 0 1 -58 100 fffdb2ac 1
0 0 1 -32 -41 fffd9c04 1
0 0 1 17 115 fffda124 1
0 0 1 -55 108 fffda8c7 1
0 0 1 0 -113 fffd9193 1
0 0 1 -76 115 fffd9193 1
0 0 1 69 -114 fffd6f6f 1
0 0 1 100 0 fffd50b5 1
0 0 1 -119 6 fffd50b5 1
0 0 1 -17 87 fffd4deb 1
0 0 1 -112 93 fffd4824 1
0 0 1 54 -71 fffd1f74 1
0 0 1 -28 12 fffd107a 1
0 0 1 93 -2 fffd0f2a 1
0 0 1 21 -101 fffd0e70 1
0 0 1 94 43 fffd0627 1
0 0 1 -72 117 fffd15f1 1
0 0 1 -28 6 fffcf509 1
0 0 1 41 99 fffcf461 1
0 0 1 120 -13 fffd043c 1
0 0 1 -31 -20 fffcfe24 1
0 0 1 0 -52 fffd0090 1
0 0 1 -41 123 fffd0090 1
0 0 1 15 39 fffcecdd 1
0 0 1 22 115 fffcef26 1
0 0 1 -102 126 fffcf908 1
0 0 1 95 0 fffcc6d4 1
0 0 1 50 -80 fffcc6d4 1
0 0 1 -128 109 fffcb734 1
0 0 1 -69 0 fffc80b4 1
0 0 1 -82 -5 fffc80b4 1
0 0 1 -14 50 fffc824e 1
0 0 1 120 24 fffc7f92 1
0 0 1 0 -101 fffc8ad2 1
0 0 1 41 -98 fffc8ad2 1
0 0 1 0 104 fffc7b20 1
0 0 1 0 -73 fffc7b20 1
0 0 1 -42 -77 fffc7b20 1
0 0 1 -93 30 fffc87c2 1
0 0 1 0 95 fffc7cdc 1
0 0 1 0 -66 fffc7cdc 1
0 0 1 -73 0 fffc7cdc 1
0 0 1 -122 87 fffc7cdc 1
0 0 1 37 82 fffc5366 1
0 0 1 109 -117 fffc5f40 1
0 0 1 0 70 fffc2d6f 1
0 0 1 76 -56 fffc2d6f 1
0 0 1 0 -29 fffc1ccf 1
0 0 1 17 102 fffc1ccf 1
0 0 1 -117 36 fffc2395 1
0 0 1 -35 0 fffc1321 1
0 0 1 74 -85 fffc1321 1
0 0 1 0 -14 fffbfa8f 1
0 0 1 101 0 fffbfa8f 1
0 0 1 54 -122 fffbfa8f 1
0 0 1 -117 0 fffbe0d3 1
0 0 1 70 116 fffbe0d3 1
0 0 1 113 15 fffc008b 1
0 0 1 -59 -41 fffc072a 1
0 0 1 123 55 fffc109d 1
0 0 1 -45 -75 fffc2b0a 1
0 0 1 118 -127 fffc3839 1
0 0 1 39 -123 fffbfdaf 1
0 0 1 -6 0 fffbeaf2 1
0 0 1 51 -89 fffbeaf2 1
0 0 1 108 25 fffbd937 1
0 0 1 -111 0 fffbe3c3 1
0 0 1 0 -21 fffbe3c3 1
0 0 1 -40 -39 fffbe3c3 1
0 0 1 -47 -81 fffbe9db 1
0 0 1 0 -41 fffbf8ba 1
0 0 1 -123 12 fffbf8ba 1
0 0 1 -108 99 fffbf2f6 1
0 0 1 0 -57 fffbc932 1
0 0 1 -45 -125 fffbc932 1
0 0 1 36 0 fffbdf2b 1
0 0 1 -12 -37 fffbdf2b 1
0 0 1 -60 -94 fffbe0e7 1
0 0 1 25 93 fffbf6ef 1
0 0 1 79 0 fffc0004 1
0 0 1 -94 81 fffc0004 1
0 0 1 -85 0 fffbe246 1
0 0 1 68 0 fffbe246 1
0 0 1 -107 14 fffbe246 1
0 0 1 43 -100 fffbdc6c 1
0 0 1 36 -41 fffbcba0 1
0 0 1 -21 -40 fffbc5dc 1
0 0 1 -2 13 fffbc924 1
0 0 1 0 -75 fffbc90a 1
0 0 1 -33 59 fffbc90a 1
0 0 1 22 120 fffbc16f 1
0 0 1 12 0 fffbcbbf 1
0 0 1 126 40 fffbcbbf 1
0 0 1 0 30 fffbdf6f 1
0 0 1 100 -103 fffbdf6f 1
0 0 1 -51 69 fffbb733 1
0 0 1 32 -55 fffba974 1
0 0 1 120 84 fffba294 1
0 0 1 17 0 fffbc9f4 1
0 0 1 -21 -124 fffbc9f4 1
0 0 1 -22 -10 fffbd420 1
0 0 1 108 -5 fffbd4fc 1
0 0 1 4 -85 fffbd2e0 1
0 0 1 -122 29 fffbd18c 1
0 0 1 16 -81 fffbc3ba 1
0 0 1 -63 35 fffbbeaa 1
0 0 1 -102 -105 fffbb60d 1
0 0 1 115 65 fffbdfe3 1
0 0 1 -103 27 fffbfd16 1
0 0 1 -88 -123 fffbf239 1
0 0 1 -33 0 fffc1c81 1
0 0 1 0 -35 fffc1c81 1
0 0 1 -59 -95 fffc1c81 1
0 0 1 0 42 fffc3266 1
0 0 1 56 115 fffc3266 1
0 0 1 71 0 fffc4b8e 1
0 0 1 91 -4 fffc4b8e 1
0 0 1 2 18 fffc4a22 1
0 0 1 -56 -61 fffc4a46 1
0 0 1 26 -107 fffc579e 1
0 0 1 57 4 fffc4cc0 1
0 0 1 0 21 fffc4da4 1
0 0 1 12 -99 fffc4da4 1
0 0 1 102 95 fffc4900 1
0 0 1 0 -114 fffc6eda 1
0 0 1 0 8 fffc6eda 1
0 0 1 59 89 fffc6eda 1
0 0 1 -126 44 fffc835d 1
0 0 1 100 11 fffc6db5 1
0 0 1 -112 -123 fffc7201 1
0 0 1 119 0 fffca7d1 1
0 0 1 110 11 fffca7d1 1
0 0 1 6 -77 fffcac8b 1
0 0 1 120 -83 fffcaabd 1
0 0 1 0 26 fffc83d5 1
0 0 1 0 -28 fffc83d5 1
0 0 1 -94 13 fffc83d5 1
0 0 1 48 43 fffc7f0f 1
0 0 1 -21 -83 fffc871f 1
0 0 1 -72 -111 fffc8dee 1
0 0 1 122 97 fffcad26 1
0 0 1 0 100 fffcdb60 1
0 0 1 0 -108 fffcdb60 1
0 0 1 -88 108 fffcdb60 1
0 0 1 -78 23 fffcb640 1
0 0 1 8 -45 fffcaf3e 1
0 0 1 0 -12 fffcadd6 1
0 0 1 -35 0 fffcadd6 1
0 0 1 75 57 fffcadd6 1
0 0 1 127 0 fffcbe89 1
0 0 1 62 0 fffcbe89 1
0 0 1 0 -13 fffcbe89 1
0 0 1 -59 120 fffcbe89 1
0 0 1 0 -118 fffca2e1 1
0 0 1 -35 -111 fffca2e1 1
0 0 1 -15 -113 fffcb20e 1
0 0 1 93 -23 fffcb8ad 1
0 0 1 -88 -83 fffcb052 1
0 0 1 -22 -82 fffcccda 1
0 0 1 0 105 fffcd3e6 1
0 0 1 25 -12 fffcd3e6 1
0 0 1 0 -64 fffcd2ba 1
0 0 1 8 -96 fffcd2ba 1
0 0 1 -3 64 fffccfba 1
0 0 1 96 -39 fffccefa 1
0 0 1 26 -53 fffcc05a 1
0 0 1 -18 34 fffcbaf8 1
0 0 1 -23 -9 fffcb894 1
0 0 1 110 -47 fffcb963 1
0 0 1 0 -80 fffca531 1
0 0 1 33 44 fffca531 1
0 0 1 -109 -110 fffcaadd 1
0 0 1 -31 20 fffcd9b3 1
0 0 1 0 22 fffcd747 1
0 0 1 -63 66 fffcd747 1
0 0 1 67 48 fffcc709 1
0 0 1 -24 68 fffcd399 1
0 0 1 0 100 fffccd39 1
0 0 1 0 77 fffccd39 1
0 0 1 0 33 fffccd39 1
0 0 1 0 80 fffccd39 1
0 0 1 0 -22 fffccd39 1
0 0 1 -60 0 fffccd39 1
0 0 1 -98 -109 fffccd39 1
0 0 1 108 24 fffcf6f3 1
0 0 1 116 104 fffd0113 1
0 0 1 33 19 fffd3033 1
0 0 1 113 -7 fffd32a6 1
0 0 1 -126 0 fffd2f8f 1
0 0 1 -95 -71 fffd2f8f 1
0 0 1 -40 -13 fffd49e8 1
0 0 1 -81 69 fffd4bf0 1
0 0 1 0 127 fffd361b 1
0 0 1 -62 -113 fffd361b 1
0 0 1 31 59 fffd5179 1
0 0 1 0 -4 fffd589e 1
0 0 1 102 96 fffd589e 1
0 0 1 -19 0 fffd7ede 1
0 0 1 0 29 fffd7ede 1
0 0 1 0 -4 fffd7ede 1
0 0 1 0 54 fffd7ede 1
0 0 1 0 51 fffd7ede 1
0 0 1 -37 68 fffd7ede 1
0 0 1 -72 74 fffd750a 1
0 0 1 14 -19 fffd603a 1
0 0 1 -45 -7 fffd5f30 1
0 0 1 120 45 fffd606b 1
0 0 1 58 -1 fffd7583 1
0 0 1 95 0 fffd7549 1
0 0 1 -63 42 fffd7549 1
0 0 1 7 44 fffd6af3 1
0 0 1 103 55 fffd6c27 1
0 0 1 -70 2 fffd8248 1
0 0 1 -19 0 fffd81bc 1
0 0 1 0 -77 fffd81bc 1
0 0 1 -108 -128 fffd81bc 1
0 0 1 -51 60 fffdb7bc 1
0 0 1 0 27 fffdabc8 1
0 0 1 0 -24 fffdabc8 1
0 0 1 -96 17 fffdabc8 1
0 0 1 -89 33 fffda568 1
0 0 1 0 -48 fffd99ef 1
0 0 1 -42 95 fffd99ef 1
0 0 1 -19 0 fffd8a59 1
0 0 1 -97 -67 fffd8a59 1
0 0 1 -77 -39 fffda3bc 1
0 0 1 11 0 fffdaf77 1
0 0 1 101 0 fffdaf77 1
0 0 1 30 20 fffdaf77 1
0 0 1 -98 106 fffdb1cf 1
0 0 1 -109 -5 fffd893b 1
0 0 1 0 71 fffd8b5c 1
0 0 1 83 0 fffd8b5c 1
0 0 1 -94 -122 fffd8b5c 1
0 0 1 -117 0 fffdb828 1
0 0 1 0 -74 fffdb828 1
0 0 1 -18 73 fffdb828 1
0 0 1 -109 -69 fffdb306 1
0 0 1 -59 15 fffdd067 1
0 0 1 0 61 fffdccf2 1
0 0 1 -93 22 fffdccf2 1
0 0 1 -127 6 fffdc4f4 1
0 0 1 91 83 fffdc1fa 1
0 0 1 -103 0 fffddf7b 1
0 0 1 -70 -94 fffddf7b 1
0 0 1 69 54 fffdf92f 1
0 0 1 96 -25 fffe07bd 1
0 0 1 23 -88 fffdfe5d 1
0 0 1 0 -13 fffdf675 1
0 0 1 -121 -19 fffdf675 1
0 0 1 -62 0 fffdff70 1
0 0 1 102 -119 fffdff70 1
0 0 1 108 34 fffdd006 1
0 0 1 -77 -79 fffdde5e 1
0 0 1 -49 -7 fffdf621 1
0 0 1 -51 94 fffdf778 1
0 0 1 0 -65 fffde4be 1
0 0 1 -85 -87 fffde4be 1
0 0 1 -91 -11 fffe01a1 1
0 0 1 -71 121 fffe058a 1
0 0 1 -39 93 fffde3fb 1
0 0 1 -58 -59 fffdd5d0 1
0 0 1 -84 -110 fffde32e 1
0 0 1 -123 0 fffe0746 1
0 0 1 -75 -123 fffe0746 1
0 0 1 97 -39 fffe2b4f 1
0 0 1 63 9 fffe1c88 1
0 0 1 0 -77 fffe1ebf 1
0 0 1 40 -110 fffe1ebf 1
0 0 1 61 -73 fffe0d8f 1
0 0 1 127 0 fffdfc2a 1
0 0 1 13 83 fffdfc2a 1
0 0 1 -29 -84 fffe0061 1
0 0 1 -77 114 fffe09e5 1
0 0 1 -64 94 fffde79b 1
0 0 1 107 -77 fffdd01b 1
0 0 1 -58 -95 fffdafec 1
0 0 1 123 0 fffdc572 1
0 0 1 -72 120 fffdc572 1
0 0 1 -2 -30 fffda3b2 1
0 0 1 124 123 fffda3ee 1
0 0 1 88 11 fffddf82 1
0 0 1 -51 -14 fffde34a 1
0 0 1 68 19 fffde614 1
0 0 1 -101 0 fffdeb20 1
0 0 1 -1 118 fffdeb20 1
0 0 1 120 -31 fffdeaaa 1
0 0 1 99 -8 fffddc22 1
0 0 1 0 -44 fffdd90a 1
0 0 1 89 0 fffdd90a 1
0 0 1 -28 0 fffdd90a 1
0 0 1 46 102 fffdd90a 1
0 0 1 96 38 fffdeb5e 1
0 0 1 -30 -68 fffdf99e 1
0 0 1 0 -99 fffe0196 1
0 0 1 30 -96 fffe0196 1
0 0 1 0 114 fffdf656 1
0 0 1 97 61 fffdf656 1
0 0 1 -17 13 fffe0d73 1
0 0 1 0 30 fffe0c96 1
0 0 1 13 114 fffe0c96 1
0 0 1 -109 -83 fffe1260 1
0 0 1 81 -41 fffe35b7 1
0 0 1 24 -59 fffe28be 1
0 0 1 85 57 fffe2336 1
0 0 1 -57 17 fffe3623 1
0 0 1 98 -54 fffe325a 1
0 0 1 -30 -126 fffe1dae 1
0 0 1 0 18 fffe2c72 1
0 0 1 124 -35 fffe2c72 1
0 0 1 -112 57 fffe1b7e 1
0 0 1 -55 28 fffe028e 1
0 0 1 -24 -88 fffdfc8a 1
0 0 1 -62 -126 fffe04ca 1
0 0 1 -109 116 fffe234e 1
0 0 1 25 -58 fffdf1ea 1
0 0 1 -54 34 fffdec40 1
0 0 1 -3 -63 fffde514 1
0 0 1 -17 0 fffde5d1 1
0 0 1 -19 -1 fffde5d1 1
0 0 1 -103 108 fffde5e4 1
0 0 1 25 67 fffdba70 1
0 0 1 -30 -11 fffdc0fb 1
0 0 1 124 -81 fffdc245 1
0 0 1 68 0 fffd9b09 1
0 0 1 90 -123 fffd9b09 1
0 0 1 -75 106 fffd6fcb 1
0 0 1 -83 -15 fffd50bd 1
0 0 1 38 -71 fffd559a 1
0 0 1 104 0 fffd4b10 1
0 0 1 -68 0 fffd4b10 1
0 0 1 -18 0 fffd4b10 1
0 0 1 0 101 fffd4b10 1
0 0 1 82 -29 fffd4b10 1
0 0 1 21 59 fffd41c6 1
0 0 1 -14 24 fffd469d 1
0 0 1 0 112 fffd454d 1
0 0 1 -125 73 fffd454d 1
0 0 1 -97 -37 fffd21a8 1
0 0 1 3 -90 fffd2fad 1
0 0 1 126 24 fffd2e9f 1
0 0 1 27 0 fffd3a6f 1
0 0 1 95 8 fffd3a6f 1
0 0 1 70 -103 fffd3d67 1
0 0 1 -74 118 fffd213d 1
0 0 1 -99 -98 fffcff21 1
0 0 1 70 0 fffd2507 1
0 0 1 -73 -39 fffd2507 1
0 0 1 105 58 fffd3026 1
0 0 1 0 15 fffd47f0 1
0 0 1 -37 40 fffd47f0 1
0 0 1 120 -17 fffd4228 1
0 0 1 111 -92 fffd3a30 1
0 0 1 7 98 fffd124c 1
0 0 1 -78 95 fffd14fa 1
0 0 1 -90 -115 fffcf808 1
0 0 1 97 -47 fffd2076 1
0 0 1 -98 0 fffd0ea7 1
0 0 1 28 104 fffd0ea7 1
0 0 1 0 97 fffd1a07 1
0 0 1 94 -13 fffd1a07 1
0 0 1 -60 27 fffd1541 1
0 0 1 12 0 fffd0eed 1
0 0 1 -48 2 fffd0eed 1
0 0 1 -96 97 fffd0e8d 1
0 0 1 -128 -105 fffcea2d 1
0 0 1 -104 26 fffd1ead 1
0 0 1 -79 0 fffd141d 1
0 0 1 123 93 fffd141d 1
0 0 1 -25 -101 fffd40cc 1
0 0 1 -66 35 fffd4aa9 1
0 0 1 59 87 fffd41a3 1
0 0 1 -62 78 fffd55b0 1
0 0 1 33 0 fffd42cc 1
0 0 0 37 -83 fffd42cc 1
0 0 0 -49 72 fffd42cc 0
