1 0 0 0 0 00000000 0
1 0 0 0 0 00000000 0
1 0 0 0 0 00000000 0
0 0 1 -58 77 00000000 0
0 0 1 47 0 ffffee8e 1
0 0 1 0 46 ffffee8e 1
0 0 1 -71 0 ffffee8e 1
0 0 1 56 0 ffffee8e 1
0 0 1 21 -102 ffffee8e 1
0 0 1 -47 -69 ffffe630 1
0 0 1 28 -91 fffff2db 1
0 0 1 -46 -111 ffffe8e7 1
0 0 1 -110 -91 fffffcd9 1
0 0 1 62 103 000023f3 1
0 0 1 -72 107 00003ce5 1
0 0 1 75 66 00001ecd 1
0 0 1 8 18 00003223 1
0 0 1 -6 -66 000032b3 1
0 0 1 -83 44 0000343f 1
0 0 1 89 -98 000025fb 1
0 0 1 -100 -48 000003e9 1
0 0 1 36 27 000016a9 1
0 0 1 81 83 00001a75 1
0 0 1 -106 -15 000034b8 1
0 0 1 -26 84 00003aee 1
0 0 1 72 -55 00003266 1
0 0 1 37 30 000022ee 1
0 0 1 -83 -125 00002744 1
0 0 1 -27 0 00004fcb 1
0 0 1 -5 -104 00004fcb 1
0 0 1 78 96 000051d3 1
0 0 1 -114 -108 00006f13 1
0 0 1 30 -87 00009f2b 1
0 0 1 -36 -61 000094f9 1
0 0 1 109 89 00009d8d 1
0 0 1 72 -52 0000c372 1
0 0 1 -29 0 0000b4d2 1
0 0 1 94 -16 0000b4d2 1
0 0 1 83 -35 0000aef2 1
0 0 1 71 32 0000a399 1
0 0 1 -20 122 0000ac79 1
0 0 1 0 57 0000a2f1 1
0 0 1 -43 111 0000a2f1 1
0 0 1 -128 -84 0000904c 1
0 0 1 0 121 0000ba4c 1
0 0 1 0 30 0000ba4c 1
0 0 1 -56 104 0000ba4c 1
0 0 1 -40 -59 0000a38c 1
0 0 1 0 4 0000acc4 1
0 0 1 97 -34 0000acc4 1
0 0 1 0 16 00009fe2 1
0 0 1 -127 -67 00009fe2 1
0 0 1 5 4 0000c11f 1
0 0 1 -62 109 0000c133 1
0 0 1 -47 -5 0000a6cd 1
0 0 1 124 -69 0000a7b8 1
0 0 1 -119 0 0000864c 1
0 0 1 0 84 0000864c 1
0 0 1 55 -101 0000864c 1
0 0 1 -71 -3 00007099 1
0 0 1 0 100 0000716e 1
0 0 1 -115 -93 0000716e 1
0 0 1 -119 13 00009b35 1
0 0 1 0 -34 0000952a 1
0 0 1 6 0 0000952a 1
0 0 1 -22 28 0000952a 1
0 0 1 -111 -113 000092c2 1
0 0 1 21 97 0000c3c1 1
0 0 1 7 124 0000cbb6 1
0 0 1 30 -1 0000cf1a 1
0 0 1 -12 -59 0000cefc 1
0 0 1 -10 -73 0000d1c0 1
0 0 1 34 -4 0000d49a 1
0 0 1 -39 -13 0000d412 1
0 0 1 7 57 0000d60d 1
0 0 1 -4 64 0000d79c 1
0 0 1 -109 77 0000d69c 1
0 0 1 10 3 0000b5d3 1
0 0 1 -71 0 0000b5f1 1
0 0 1 -86 5 0000b5f1 1
0 0 1 -82 29 0000b443 1
0 0 1 -16 -59 0000aaf9 1
0 0 1 -77 52 0000aea9 1
0 0 1 -7 -98 00009f05 1
0 0 1 70 -113 0000a1b3 1
0 0 1 -2 -16 000082cd 1
0 0 1 -21 68 000082ed 1
0 0 1 103 113 00007d59 1
0 0 1 100 -58 0000aad0 1
0 0 1 -83 0 00009428 1
0 0 1 17 60 00009428 1
0 0 1 -2 -9 00009824 1
0 0 1 -106 -8 00009836 1
0 0 1 12 -76 00009b86 1
0 0 1 -83 38 000097f6 1
0 0 1 0 1 00008ba4 1
0 0 1 -127 117 00008ba4 1
0 0 1 18 -42 00005199 1
0 0 1 -50 10 00004ea5 1
0 0 1 83 42 00004cb1 1
0 0 1 95 -99 00005a4f 1
0 0 1 0 -115 00003592 1
0 0 1 127 13 00003592 1
0 0 1 -15 -20 00003c05 1
0 0 1 36 -115 00003d31 1
0 0 1 21 89 00002d05 1
0 0 1 56 -64 00003452 1
0 0 1 0 56 00002652 1
0 0 1 0 34 00002652 1
0 0 1 -55 -4 00002652 1
0 0 1 0 -112 0000272e 1
0 0 1 50 30 0000272e 1
0 0 1 39 -114 00002d0a 1
0 0 1 -126 0 00001bac 1
0 0 1 -22 0 00001bac 1
0 0 1 -113 125 00001bac 1
0 0 1 0 69 ffffe47f 1
0 0 1 -40 0 ffffe47f 1
0 0 1 6 0 ffffe47f 1
0 0 1 3 53 ffffe47f 1
0 0 1 67 96 ffffe51e 1
0 0 1 -93 67 fffffe3e 1
0 0 1 69 0 ffffe5e7 1
0 0 1 54 108 ffffe5e7 1
0 0 1 -81 -93 fffffcaf 1
0 0 1 111 33 00001a1c 1
0 0 1 20 0 0000286b 1
0 0 1 93 -104 0000286b 1
0 0 1 -9 80 000002a3 1
0 0 1 31 -96 ffffffd3 1
0 0 1 98 0 fffff433 1
0 0 1 -98 46 fffff433 1
0 0 1 -124 97 ffffe297 1
0 0 1 -16 0 ffffb39b 1
0 0 1 -112 13 ffffb39b 1
0 0 1 -30 -117 ffffadeb 1
0 0 1 115 -76 ffffbba1 1
0 0 1 -104 -52 ffff997d 1
0 0 1 -84 106 ffffae9d 1
0 0 1 -113 -85 ffff8bd5 1
0 0 1 0 75 ffffb15a 1
0 0 1 50 0 ffffb15a 1
0 0 1 0 -80 ffffb15a 1
0 0 1 0 27 ffffb15a 1
0 0 1 -50 1 ffffb15a 1
0 0 1 0 -26 ffffb128 1
0 0 1 119 0 ffffb128 1
0 0 1 0 11 ffffb128 1
0 0 1 0 -42 ffffb128 1
0 0 1 -78 14 ffffb128 1
0 0 1 -107 -112 fffface4 1
0 0 1 -81 0 ffffdbb4 1
0 0 1 49 8 ffffdbb4 1
0 0 1 -50 0 ffffdd3c 1
0 0 1 26 0 ffffdd3c 1
0 0 1 36 22 ffffdd3c 1
0 0 1 -46 0 ffffe054 1
0 0 1 109 104 ffffe054 1
0 0 1 1 0 00000c9c 1
0 0 1 36 75 00000c9c 1
0 0 1 -71 -39 00001728 1
0 0 1 -67 0 000021f9 1
0 0 1 -91 0 000021f9 1
0 0 1 0 116 000021f9 1
0 0 1 -93 121 000021f9 1
0 0 1 -122 -58 fffff604 1
0 0 1 51 0 000011a8 1
0 0 1 121 82 000011a8 1
0 0 1 119 -94 0000386a 1
0 0 1 0 -22 00000cb8 1
0 0 1 45 42 00000cb8 1
0 0 1 0 76 0000141a 1
0 0 1 -65 -2 0000141a 1
0 0 1 -99 -66 0000149c 1
0 0 1 -112 79 00002e22 1
0 0 1 0 -108 00000b92 1
0 0 1 1 27 00000b92 1
0 0 1 0 -82 00000bad 1
0 0 1 121 -16 00000bad 1
0 0 1 12 -21 0000041d 1
0 0 1 -4 45 00000321 1
0 0 1 0 37 0000026d 1
0 0 1 -55 0 0000026d 1
0 0 1 -63 -67 0000026d 1
0 0 1 -5 -107 000012ea 1
0 0 1 -109 15 00001501 1
0 0 1 -20 -109 00000e9e 1
0 0 1 0 -106 00001722 1
0 0 1 -14 -43 00001722 1
0 0 1 0 118 0000197c 1
0 0 1 -98 -39 0000197c 1
0 0 1 9 72 0000286a 1
0 0 1 -127 0 00002af2 1
0 0 1 -8 0 00002af2 1
0 0 1 0 -41 00002af2 1
0 0 1 -97 49 00002af2 1
0 0 1 65 33 00001861 1
0 0 1 -76 -43 000020c2 1
0 0 1 37 76 00002d86 1
0 0 1 -91 85 00003882 1
0 0 1 91 115 00001a4b 1
0 0 1 70 -94 0000432c 1
0 0 1 13 13 00002978 1
0 0 1 81 0 00002a21 1
0 0 1 -70 48 00002a21 1
0 0 1 67 -89 00001d01 1
0 0 1 0 116 000005b6 1
0 0 1 93 -107 000005b6 1
0 0 1 -51 0 ffffded7 1
0 0 1 -14 63 ffffded7 1
0 0 1 73 -10 ffffdb65 1
0 0 1 89 83 ffffd88b 1
0 0 1 -99 -55 fffff566 1
0 0 1 97 -16 00000aab 1
0 0 1 70 -15 0000049b 1
0 0 1 -102 -24 00000081 1
0 0 1 -72 4 00000a11 1
0 0 1 -111 87 000008f1 1
0 0 1 36 93 ffffe338 1
0 0 1 54 0 fffff04c 1
0 0 1 111 59 fffff04c 1
0 0 1 -125 35 000009e1 1
0 0 1 -70 0 fffff8ca 1
0 0 1 0 -9 fffff8ca 1
0 0 1 -76 116 fffff8ca 1
0 0 1 1 0 ffffd65a 1
0 0 1 0 87 ffffd65a 1
0 0 1 -120 -18 ffffd65a 1
0 0 1 -75 -112 ffffdeca 1
0 0 1 -36 0 ffffff9a 1
0 0 1 -22 62 ffffff9a 1
0 0 1 0 23 fffffa46 1
0 0 1 0 -104 fffffa46 1
0 0 1 7 0 fffffa46 1
0 0 1 -51 31 fffffa46 1
0 0 1 0 -82 fffff419 1
0 0 1 0 84 fffff419 1
0 0 1 -84 -14 fffff419 1
0 0 1 -14 29 fffff8b1 1
0 0 1 0 84 fffff71b 1
0 0 1 83 100 fffff71b 1
0 0 1 75 82 00001787 1
0 0 1 -121 0 00002f8d 1
0 0 1 0 -9 00002f8d 1
0 0 1 -24 -90 00002f8d 1
0 0 1 64 -25 000037fd 1
0 0 1 0 13 000031bd 1
0 0 1 -36 69 000031bd 1
0 0 1 -33 62 00002809 1
0 0 1 81 -24 0000200b 1
0 0 1 -58 120 00001873 1
0 0 1 25 119 fffffd43 1
0 0 1 -82 -101 000008e2 1
0 0 1 122 -52 0000293c 1
0 0 1 -28 -53 00001074 1
0 0 1 124 -105 00001640 1
0 0 1 0 -61 ffffe364 1
0 0 1 120 0 ffffe364 1
0 0 1 -76 -12 ffffe364 1
0 0 1 47 97 ffffe6f4 1
0 0 1 -109 122 fffff8c3 1
0 0 1 102 5 ffffc4d1 1
0 0 1 0 -34 ffffc6cf 1
0 0 1 -119 51 ffffc6cf 1
0 0 1 68 -97 ffffaf1a 1
0 0 1 5 113 ffff9556 1
0 0 1 12 0 ffff978b 1
0 0 1 88 10 ffff978b 1
0 0 1 88 119 ffff9afb 1
0 0 1 90 -119 ffffc3e3 1
0 0 1 0 -39 ffff9a0d 1
0 0 1 -81 -89 ffff9a0d 1
0 0 1 70 -94 ffffb636 1
0 0 1 56 -41 ffff9c82 1
0 0 1 103 0 ffff938a 1
0 0 1 -12 44 ffff938a 1
0 0 1 32 67 ffff917a 1
0 0 1 34 21 ffff99da 1
0 0 1 -12 -63 ffff9ca4 1
0 0 1 77 55 ffff9f98 1
0 0 1 49 59 ffffb023 1
0 0 1 52 -35 ffffbb6e 1
0 0 1 0 -32 ffffb452 1
0 0 1 0 65 ffffb452 1
0 0 1 75 -88 ffffb452 1
0 0 1 0 -31 ffff9a8a 1
0 0 1 -14 -100 ffff9a8a 1
0 0 1 92 -92 ffffa002 1
0 0 1 45 0 ffff7ef2 1
0 0 1 64 68 ffff7ef2 1
0 0 1 40 0 ffff8ff2 1
0 0 1 -84 59 ffff8ff2 1
0 0 1 44 -21 ffff7c96 1
0 0 1 0 118 ffff78fa 1
0 0 1 0 -57 ffff78fa 1
0 0 1 -89 -20 ffff78fa 1
0 0 1 91 51 ffff7fee 1
0 0 1 -79 -14 ffff920f 1
0 0 1 120 -111 ffff9661 1
0 0 1 -21 42 ffff6259 1
0 0 1 0 -57 ffff5ee7 1
0 0 1 -101 -43 ffff5ee7 1
0 0 1 -127 96 ffff6fde 1
0 0 1 31 109 ffff403e 1
0 0 1 0 34 ffff4d71 1
0 0 1 -23 -90 ffff4d71 1
0 0 1 -93 -119 ffff5587 1
0 0 1 -12 33 ffff80c2 1
0 0 1 102 91 ffff7f36 1
0 0 1 102 0 ffffa378 1
0 0 1 -96 -102 ffffa378 1
0 0 1 -56 119 ffffc9b8 1
0 0 1 -95 -79 ffffafb0 1
0 0 1 0 -117 ffffcd01 1
0 0 1 -25 -29 ffffcd01 1
0 0 1 -41 62 ffffcfd6 1
0 0 1 8 -117 ffffc5e8 1
0 0 1 -93 -108 ffffc240 1
0 0 1 118 0 ffffe97c 1
0 0 1 -1 0 ffffe97c 1
0 0 1 -28 86 ffffe97c 1
0 0 1 -64 -21 ffffe014 1
0 0 1 -86 0 ffffe554 1
0 0 1 53 0 ffffe554 1
0 0 1 -64 0 ffffe554 1
0 0 1 0 18 ffffe554 1
0 0 1 0 -126 ffffe554 1
0 0 1 76 91 ffffe554 1
0 0 1 -7 123 00000058 1
0 0 1 -30 -35 fffffcfb 1
0 0 1 25 48 00000115 1
0 0 1 -29 -103 000005c5 1
0 0 1 -13 -125 00001170 1
0 0 1 124 -24 000017c9 1
0 0 1 -119 0 00000c29 1
0 0 1 0 -37 00000c29 1
0 0 1 -90 -25 00000c29 1
0 0 1 0 86 000014f3 1
0 0 1 73 -85 000014f3 1
0 0 1 -69 -21 fffffcb6 1
0 0 1 -11 -41 0000025f 1
0 0 1 -85 -99 00000422 1
0 0 1 89 0 00002501 1
0 0 1 83 32 00002501 1
0 0 1 28 0 00002f61 1
0 0 1 -94 0 00002f61 1
0 0 1 -101 80 00002f61 1
0 0 1 0 4 00000fd1 1
0 0 1 75 0 00000fd1 1
0 0 1 -71 124 00000fd1 1
0 0 1 66 0 ffffed6d 1
0 0 1 -48 -43 ffffed6d 1
0 0 1 -110 -14 fffff57d 1
0 0 1 -80 64 fffffb81 1
0 0 1 94 0 ffffe781 1
0 0 1 -68 -49 ffffe781 1
0 0 1 -34 121 fffff485 1
0 0 1 8 -17 ffffe473 1
0 0 1 -106 123 ffffe3eb 1
0 0 1 0 -23 ffffb0fd 1
0 0 1 -31 -90 ffffb0fd 1
0 0 1 -59 -90 ffffbbe3 1
0 0 1 0 40 ffffd0a1 1
0 0 1 -6 0 ffffd0a1 1
0 0 1 5 -62 ffffd0a1 1
0 0 1 0 -2 ffffcf6b 1
0 0 1 66 -18 ffffcf6b 1
0 0 1 -83 -10 ffffcac7 1
0 0 1 60 0 ffffce05 1
0 0 1 -94 19 ffffce05 1
0 0 1 -88 8 ffffc70b 1
0 0 1 3 65 ffffc44b 1
0 0 1 0 39 ffffc50e 1
0 0 1 -119 -123 ffffc50e 1
0 0 1 -27 92 fffffe3b 1
0 0 1 -122 -14 fffff487 1
0 0 1 -84 -111 fffffb33 1
0 0 1 -29 102 00001f9f 1
0 0 1 100 120 00001411 1
0 0 1 -22 0 000042f1 1
0 0 1 57 -55 000042f1 1
0 0 1 105 -88 000036b2 1
0 0 1 -80 -15 0000129a 1
0 0 1 -98 -47 0000174a 1
0 0 1 122 0 00002948 1
0 0 1 51 0 00002948 1
0 0 1 -102 -125 00002948 1
0 0 1 0 36 00005b16 1
0 0 1 51 115 00005b16 1
0 0 1 -72 -114 000071ff 1
0 0 1 25 0 0000920f 1
0 0 1 0 76 0000920f 1
0 0 1 -91 0 0000920f 1
0 0 1 -49 7 0000920f 1
0 0 1 -49 95 000090b8 1
0 0 1 -82 0 00007e89 1
0 0 1 34 81 00007e89 1
0 0 1 41 0 0000894b 1
0 0 1 -11 12 0000894b 1
0 0 1 -77 46 000088c7 1
0 0 1 46 123 00007af1 1
0 0 1 109 -37 0000910b 1
0 0 1 54 30 0000814a 1
0 0 1 35 -113 0000879e 1
0 0 1 52 -88 0000782b 1
0 0 1 127 0 0000664b 1
0 0 1 41 -5 0000664b 1
0 0 1 -38 0 0000657e 1
0 0 1 91 55 0000657e 1
0 0 1 -35 114 0000790b 1
0 0 1 10 -27 00006975 1
0 0 1 47 3 00006867 1
0 0 1 -65 -124 000068f4 1
0 0 1 63 -72 00008870 1
0 0 1 -120 8 000076b8 1
0 0 1 93 43 000072f8 1
0 0 1 110 -13 00008297 1
0 0 1 -120 0 00007d01 1
0 0 1 -40 46 00007d01 1
0 0 1 19 0 000075d1 1
0 0 1 -38 0 000075d1 1
0 0 1 3 65 000075d1 1
0 0 1 78 -66 00007694 1
0 0 1 -97 0 00006278 1
0 0 1 -71 0 00006278 1
0 0 1 -14 122 00006278 1
0 0 1 79 25 00005bcc 1
0 0 1 -108 48 00006383 1
0 0 1 0 -31 00004f43 1
0 0 1 -89 -64 00004f43 1
0 0 1 -96 16 00006583 1
0 0 1 -37 -73 00005f83 1
0 0 1 -2 0 00006a10 1
0 0 1 -122 66 00006a10 1
0 0 1 -112 -70 00004a9c 1
0 0 1 -45 8 0000693c 1
0 0 1 -71 -17 000067d4 1
0 0 1 -95 0 00006c8b 1
0 0 1 -79 99 00006c8b 1
0 0 1 67 -103 00004dfe 1
0 0 1 0 56 00003309 1
0 0 1 0 9 00003309 1
0 0 1 33 56 00003309 1
0 0 1 56 2 00003a41 1
0 0 1 86 86 00003ab1 1
0 0 1 115 47 00005795 1
0 0 1 14 123 00006cb2 1
0 0 1 44 24 0000736c 1
0 0 1 -32 3 0000778c 1
0 0 1 13 -12 0000772c 1
0 0 1 -28 11 00007690 1
0 0 1 58 76 0000755c 1
0 0 1 44 48 00008694 1
0 0 1 54 -93 00008ed4 1
0 0 1 52 107 00007b36 1
0 0 1 0 -110 000090f2 1
0 0 1 -3 125 000090f2 1
0 0 1 60 -117 00008f7b 1
0 0 1 -124 -116 0000740f 1
0 0 1 -100 113 0000ac3f 1
0 0 1 0 -113 0000801b 1
0 0 1 0 10 0000801b 1
0 0 1 78 -110 0000801b 1
0 0 1 85 -56 00005e97 1
0 0 1 61 -22 00004bff 1
0 0 1 -25 -20 000046c1 1
0 0 1 0 123 000048b5 1
0 0 1 -86 68 000048b5 1
0 0 1 -115 -60 000031dd 1
0 0 1 -21 0 00004cd1 1
0 0 1 -47 97 00004cd1 1
0 0 1 -84 -95 00003b02 1
0 0 1 -57 -93 00005a2e 1
0 0 1 0 -125 00006ee3 1
0 0 1 66 88 00006ee3 1
0 0 1 79 17 00008593 1
0 0 1 92 86 00008ad2 1
0 0 1 99 -49 0000a9ba 1
0 0 1 74 49 000096c7 1
0 0 1 96 -67 0000a4f1 1
0 0 1 -79 105 00008bd1 1
0 0 1 112 57 00006b6a 1
0 0 1 -35 9 0000845a 1
0 0 1 -80 41 0000831f 1
0 0 1 118 -55 0000764f 1
0 0 1 -105 127 00005cf5 1
0 0 1 -67 52 000028de 1
0 0 1 -9 -116 00001b42 1
0 0 1 12 -117 00001f56 1
0 0 1 7 50 000019da 1
0 0 1 80 -11 00001b38 1
0 0 1 76 108 000017c8 1
0 0 1 62 20 000037d8 1
0 0 1 -127 0 00003cb0 1
0 0 1 -73 -84 00003cb0 1
0 0 1 -110 108 000054a4 1
0 0 1 -73 -91 0000263c 1
0 0 1 29 -20 0000402f 1
0 0 1 65 51 00003deb 1
0 0 1 0 -57 00004ade 1
0 0 1 -4 109 00004ade 1
0 0 1 52 -113 0000492a 1
0 0 1 48 126 00003236 1
0 0 1 9 0 000049d6 1
0 0 1 14 54 000049d6 1
0 0 1 0 -61 00004cca 1
0 0 1 -16 43 00004cca 1
0 0 1 78 -43 00004a1a 1
0 0 1 -24 0 00003d00 1
0 0 1 0 1 00003d00 1
0 0 1 -72 0 00003d00 1
0 0 1 43 44 00003d00 1
0 0 1 -51 -105 00004464 1
0 0 1 18 -32 0000594f 1
0 0 1 3 -54 0000570f 1
0 0 1 83 24 0000566d 1
0 0 1 -65 -34 00005e35 1
0 0 1 0 -24 000066d7 1
0 0 1 -25 49 000066d7 1
0 0 1 42 0 0000620e 1
0 0 1 -38 -58 0000620e 1
0 0 1 -16 -38 00006aaa 1
0 0 1 57 -127 00006d0a 1
0 0 1 36 -69 000050c3 1
0 0 1 -25 -120 0000470f 1
0 0 1 106 118 000052c7 1
0 0 1 36 16 000083a3 1
0 0 1 99 -5 000085e3 1
0 0 1 0 110 000083f4 1
0 0 1 19 0 000083f4 1
0 0 1 80 -36 000083f4 1
0 0 1 -2 -64 000078b4 1
0 0 1 0 100 00007934 1
0 0 1 15 93 00007934 1
0 0 1 -22 44 00007ea7 1
0 0 1 -117 99 00007adf 1
0 0 1 -65 14 00004da0 1
0 0 1 73 43 00004a12 1
0 0 1 -97 -104 00005655 1
0 0 1 -113 -127 00007dbd 1
0 0 1 -77 104 0000b5cc 1
0 0 1 -91 0 00009684 1
0 0 1 0 87 00009684 1
0 0 1 98 -70 00009684 1
0 0 1 -31 -96 00007bb8 1
0 0 1 53 85 00008758 1
0 0 1 107 14 000098f1 1
0 0 1 10 0 00009ecb 1
0 0 1 123 -126 00009ecb 1
0 0 1 0 126 00006241 1
0 0 1 6 59 00006241 1
0 0 1 73 94 000063a3 1
0 0 1 -63 24 00007e71 1
0 0 1 42 -4 00007889 1
0 0 1 8 112 000077e1 1
0 0 1 0 -44 00007b61 1
0 0 1 25 -27 00007b61 1
0 0 1 56 -41 000078be 1
0 0 1 4 42 00006fc6 1
0 0 1 15 -47 0000706e 1
0 0 1 123 0 00006dad 1
0 0 1 -96 39 00006dad 1
0 0 1 -90 0 00005f0d 1
0 0 1 0 56 00005f0d 1
0 0 1 125 -83 00005f0d 1
0 0 1 0 74 00003686 1
0 0 1 86 22 00003686 1
0 0 1 -100 46 00003dea 1
0 0 1 0 30 00002bf2 1
0 0 1 -108 0 00002bf2 1
0 0 1 101 12 00002bf2 1
0 0 1 0 93 000030ae 1
0 0 1 21 127 000030ae 1
0 0 1 73 101 00003b19 1
0 0 1 -71 36 000057e6 1
0 0 1 -67 -8 00004dea 1
0 0 1 -74 -44 00005002 1
0 0 1 0 -16 00005cba 1
0 0 1 -20 0 00005cba 1
0 0 1 -83 -76 00005cba 1
0 0 1 -88 46 0000755e 1
0 0 1 -35 0 0000658e 1
0 0 1 49 -39 0000658e 1
0 0 1 8 0 00005e17 1
0 0 1 -101 0 00005e17 1
0 0 1 106 0 00005e17 1
0 0 1 -94 19 00005e17 1
0 0 1 -74 0 0000571d 1
0 0 1 36 -39 0000571d 1
0 0 1 40 15 000051a1 1
0 0 1 64 -63 000053f9 1
0 0 1 3 104 00004439 1
0 0 1 13 126 00004571 1
0 0 1 -87 93 00004bd7 1
0 0 1 74 -27 00002c3c 1
0 0 1 -38 -45 0000246e 1
0 0 1 43 92 00002b1c 1
0 0 1 38 -126 00003a90 1
0 0 1 0 -122 000027dc 1
0 0 1 -111 103 000027dc 1
0 0 1 65 -103 fffffb33 1
0 0 1 -20 5 ffffe10c 1
0 0 1 -107 6 ffffe0a8 1
0 0 1 -45 15 ffffde26 1
0 0 1 -78 87 ffffdb83 1
0 0 1 -5 0 ffffc101 1
0 0 1 63 74 ffffc101 1
0 0 1 18 -91 ffffd337 1
0 0 1 -50 0 ffffccd1 1
0 0 1 -10 -128 ffffccd1 1
0 0 1 -5 75 ffffd1d1 1
0 0 1 -68 -5 ffffd05a 1
0 0 1 61 111 ffffd1ae 1
0 0 1 -54 -100 ffffec21 1
0 0 1 54 12 00000139 1
0 0 1 60 -72 000003c1 1
0 0 1 -64 42 fffff2e1 1
0 0 1 92 23 ffffe861 1
0 0 1 0 -63 fffff0a5 1
0 0 1 106 92 fffff0a5 1
0 0 1 -78 0 000016bd 1
0 0 1 0 50 000016bd 1
0 0 1 0 32 000016bd 1
0 0 1 -93 48 000016bd 1
0 0 1 29 27 0000054d 1
0 0 1 -25 63 0000085c 1
0 0 1 -56 -33 00000235 1
0 0 1 -38 -6 0000096d 1
0 0 1 35 -88 00000a51 1
0 0 1 0 66 fffffe49 1
0 0 1 94 66 fffffe49 1
0 0 1 0 96 00001685 1
0 0 1 -23 -6 00001685 1
0 0 1 -118 -81 0000170f 1
0 0 1 53 29 00003c65 1
0 0 1 -45 -105 00004266 1
0 0 1 -72 4 000054db 1
0 0 1 -119 -98 000053bb 1
0 0 1 -31 -70 00008149 1
0 0 1 121 -50 000089c3 1
0 0 1 74 102 00007221 1
0 0 1 -120 20 00008f9d 1
0 0 1 24 -56 0000863d 1
0 0 1 32 77 000080fd 1
0 0 1 -32 -101 00008a9d 1
0 0 1 -68 -46 0000973d 1
0 0 1 -69 -128 0000a375 1
0 0 1 42 0 0000c5f5 1
0 0 1 -111 0 0000c5f5 1
0 0 1 106 -104 0000c5f5 1
0 0 1 -42 0 00009ae5 1
0 0 1 -12 107 00009ae5 1
0 0 1 -115 0 000095e1 1
0 0 1 97 92 000095e1 1
0 0 1 -2 -111 0000b8bd 1
0 0 1 30 -34 0000b99b 1
0 0 1 -100 0 0000b59f 1
0 0 1 0 19 0000b59f 1
0 0 1 -52 -71 0000b59f 1
0 0 1 72 0 0000c40b 1
0 0 1 122 121 0000c40b 1
0 0 1 0 5 0000fdb5 1
0 0 1 0 111 0000fdb5 1
0 0 1 95 37 0000fdb5 1
0 0 1 48 8 00010b70 1
0 0 1 69 0 00010cf0 1
0 0 1 -5 91 00010cf0 1
0 0 1 0 -22 00010b29 1
0 0 1 -60 -70 00010b29 1
0 0 1 -45 -67 00011b91 1
0 0 1 0 -20 00012758 1
0 0 1 -40 33 00012758 1
0 0 1 0 -104 00012230 1
0 0 1 -82 33 00012230 1
0 0 1 65 -94 0001179e 1
0 0 1 0 -96 0000ffc0 1
0 0 1 -126 60 0000ffc0 1
0 0 1 127 0 0000e238 1
0 0 1 -35 101 0000e238 1
0 0 1 116 16 0000d469 1
0 0 1 -125 -38 0000dba9 1
0 0 1 -65 -55 0000ee37 1
0 0 1 -3 -44 0000fc2e 1
0 0 1 51 31 0000fcb2 1
0 0 1 87 111 000102df 1
0 0 1 95 -82 00012898 1
0 0 1 -47 114 00010a2a 1
0 0 1 0 91 0000f53c 1
0 0 1 -113 109 0000f53c 1
0 0 1 -10 -114 0000c51f 1
0 0 1 -51 -84 0000c993 1
0 0 1 54 -97 0000da4f 1
0 0 1 -23 -72 0000c5d9 1
0 0 1 0 77 0000cc51 1
0 0 1 104 33 0000cc51 1
0 0 1 77 103 0000d9b9 1
0 0 1 -63 -43 0000f8b4 1
0 0 1 36 124 00010349 1
0 0 1 -71 19 000114b9 1
0 0 1 73 -69 00010f74 1
0 0 1 -100 71 0000fbc7 1
0 0 1 -121 57 0000e00b 1
0 0 1 8 -25 0000c51a 1
0 0 1 82 56 0000c452 1
0 0 1 51 -120 0000d642 1
0 0 1 -117 78 0000be5a 1
0 0 1 109 -73 00009ab4 1
0 0 1 0 -99 00007b9f 1
0 0 1 -82 0 00007b9f 1
0 0 1 -57 112 00007b9f 1
0 0 1 34 -90 000062af 1
0 0 1 -92 -36 000056bb 1
0 0 1 -90 -69 000063ab 1
0 0 1 57 0 00007bed 1
0 0 1 -26 -107 00007bed 1
0 0 1 0 36 000086cb 1
0 0 1 -83 109 000086cb 1
0 0 1 0 90 00006374 1
0 0 1 -115 0 00006374 1
0 0 1 0 54 00006374 1
0 0 1 -78 117 00006374 1
0 0 1 -74 -14 00003fce 1
0 0 1 0 92 000043da 1
0 0 1 0 -18 000043da 1
0 0 1 -7 -113 000043da 1
0 0 1 82 -70 000046f1 1
0 0 1 -86 21 00003085 1
0 0 1 0 -47 00002977 1
0 0 1 0 29 00002977 1
0 0 1 -110 0 00002977 1
0 0 1 -102 -14 00002977 1
0 0 1 -38 -114 00002f0b 1
0 0 1 75 -59 00003ff7 1
0 0 1 5 0 00002eae 1
0 0 1 41 91 00002eae 1
0 0 1 29 0 00003d41 1
0 0 1 0 116 00003d41 1
0 0 1 0 -93 00003d41 1
0 0 1 122 11 00003d41 1
0 0 1 -9 0 0000427f 1
0 0 1 0 -68 0000427f 1
0 0 1 -36 102 0000427f 1
0 0 1 -113 -122 00003427 1
0 0 1 0 34 00006a01 1
0 0 1 -79 -87 00006a01 1
0 0 1 -82 112 000084da 1
0 0 1 43 -98 000060fa 1
0 0 1 0 -34 00005084 1
0 0 1 116 -43 00005084 1
0 0 1 77 -2 00003d08 1
0 0 1 -21 -78 00003c6e 1
0 0 1 -10 83 000042d4 1
0 0 1 9 -104 00003f96 1
0 0 1 92 -24 00003bee 1
0 0 1 2 -30 0000334e 1
0 0 1 -20 -100 00003312 1
0 0 1 -79 -31 00003ae2 1
0 0 1 127 57 00004473 1
0 0 1 -27 73 000060ba 1
0 0 1 35 -43 00005907 1
0 0 1 -15 93 00005326 1
0 0 1 0 99 00004db3 1
0 0 1 64 -91 00004db3 1
0 0 1 -42 -67 000036f3 1
0 0 1 -106 65 000041f1 1
0 0 1 43 -58 00002707 1
0 0 1 -28 23 00001d49 1
0 0 1 70 -61 00001ac5 1
0 0 1 43 76 00000a17 1
0 0 1 -86 58 000016db 1
0 0 1 0 110 0000035f 1
0 0 1 113 99 0000035f 1
0 0 1 114 10 00002f12 1
0 0 1 -128 -48 00003386 1
0 0 1 0 113 00004b86 1
0 0 1 -18 -6 00004b86 1
0 0 1 0 76 00004bf2 1
0 0 1 0 -33 00004bf2 1
0 0 1 90 15 00004bf2 1
0 0 1 0 -109 00005138 1
0 0 1 87 82 00005138 1
0 0 1 66 0 00006d16 1
0 0 1 121 -117 00006d16 1
0 0 1 0 79 000035c9 1
0 0 1 97 -15 000035c9 1
0 0 1 0 -110 0000301a 1
0 0 1 122 124 0000301a 1
0 0 1 48 125 00006b32 1
0 0 1 0 -81 000082a2 1
0 0 1 43 0 000082a2 1
0 0 1 0 66 000082a2 1
0 0 1 0 -29 000082a2 1
0 0 1 -79 -93 000082a2 1
0 0 1 7 -82 00009f55 1
0 0 1 105 -80 00009d17 1
0 0 1 0 112 00007c47 1
0 0 1 83 59 00007c47 1
0 0 1 -125 -23 00008f68 1
0 0 1 105 -96 00009aa3 1
0 0 1 30 77 00007343 1
0 0 1 0 -35 00007c49 1
0 0 1 -119 50 00007c49 1
0 0 1 103 47 0000650b 1
0 0 1 97 23 000077f4 1
0 0 1 -124 29 000080ab 1
0 0 1 0 32 0000729f 1
0 0 1 -102 29 0000729f 1
0 0 1 1 25 00006711 1
0 0 1 11 -113 0000672a 1
0 0 1 -52 108 0000624f 1
0 0 1 -50 -90 00004c5f 1
0 0 1 -100 95 00005df3 1
0 0 1 80 -11 000038d7 1
0 0 1 -41 -76 00003567 1
0 0 1 -44 72 00004193 1
0 0 1 -60 -46 00003533 1
0 0 1 0 56 00003ffb 1
0 0 1 50 -115 00003ffb 1
0 0 1 -55 0 00002985 1
0 0 1 -13 -33 00002985 1
0 0 1 -5 -1 00002b32 1
0 0 1 0 -90 00002b37 1
0 0 1 0 122 00002b37 1
0 0 1 60 94 00002b37 1
0 0 1 -101 55 0000413f 1
0 0 1 -1 -108 00002b8c 1
0 0 1 0 -53 00002bf8 1
0 0 1 -31 81 00002bf8 1
0 0 1 -29 0 00002229 1
0 0 1 0 -64 00002229 1
0 0 1 95 -60 00002229 1
0 0 1 7 17 00000be5 1
0 0 1 45 -63 00000c5c 1
0 0 1 -5 118 00000149 1
0 0 1 0 -61 fffffefb 1
0 0 1 -66 -116 fffffefb 1
0 0 1 67 0 00001ce3 1
0 0 1 -77 76 00001ce3 1
0 0 1 -77 -74 00000607 1
0 0 1 -35 -79 00001c49 1
0 0 1 -51 0 00002716 1
0 0 1 -51 -74 00002716 1
0 0 1 97 108 000035d4 1
0 0 1 53 0 00005ec0 1
0 0 1 -83 73 00005ec0 1
0 0 1 -107 -97 00004715 1
0 0 1 58 115 00006fa0 1
0 0 1 -8 70 000089ae 1
0 0 1 0 -50 0000877e 1
0 0 1 36 98 0000877e 1
0 0 1 -96 20 00009546 1
0 0 1 -124 115 00008dc6 1
0 0 1 -39 120 00005612 1
0 0 1 115 62 000043ca 1
0 0 1 37 -59 00005fa4 1
0 0 1 -36 109 0000571d 1
0 0 1 -112 68 000047c9 1
0 0 1 11 121 00002a09 1
0 0 1 0 49 00002f3c 1
0 0 1 0 52 00002f3c 1
0 0 1 0 21 00002f3c 1
0 0 1 63 55 00002f3c 1
0 0 1 -80 84 00003cc5 1
0 0 1 0 26 00002285 1
0 0 1 -106 115 00002285 1
0 0 1 0 3 fffff2e7 1
0 0 1 39 -88 fffff2e7 1
0 0 1 -116 0 ffffe57f 1
0 0 1 -55 -94 ffffe57f 1
0 0 1 72 23 fffff9b1 1
0 0 1 -88 0 00000029 1
0 0 1 3 5 00000029 1
0 0 1 64 -76 00000038 1
0 0 1 0 -106 ffffed38 1
0 0 1 78 73 ffffed38 1
0 0 1 63 57 00000376 1
0 0 1 85 -31 0000117d 1
0 0 1 -7 0 00000732 1
0 0 1 -18 -9 00000732 1
0 0 1 0 -124 000007d4 1
0 0 1 99 125 000007d4 1
0 0 1 88 -114 0000382b 1
0 0 1 125 0 000010fb 1
0 0 1 117 0 000010fb 1
0 0 1 125 -46 000010fb 1
0 0 1 0 10 fffffa85 1
0 0 1 0 -55 fffffa85 1
0 0 1 0 73 fffffa85 1
0 0 1 125 -67 fffffa85 1
0 0 1 39 -11 ffffd9ce 1
0 0 1 -61 -120 ffffd821 1
0 0 1 65 36 fffff4b9 1
0 0 1 33 78 fffffddd 1
0 0 1 47 0 000007eb 1
0 0 1 85 -66 000007eb 1
0 0 1 0 10 fffff201 1
0 0 1 123 0 fffff201 1
0 0 1 -74 27 fffff201 1
0 0 1 -64 123 ffffea33 1
0 0 1 -35 0 ffffcb73 1
0 0 1 110 21 ffffcb73 1
0 0 1 127 0 ffffd479 1
0 0 1 -55 -60 ffffd479 1
0 0 1 -82 -108 ffffe15d 1
0 0 1 -79 -57 000003f5 1
0 0 1 123 -114 0000158c 1
0 0 1 56 -127 ffffdec6 1
0 0 1 -124 91 ffffc2fe 1
0 0 1 33 13 ffff96ea 1
0 0 1 -23 34 ffff9897 1
0 0 1 126 -118 ffff9589 1
0 0 1 99 5 ffff5b75 1
0 0 1 29 -45 ffff5d64 1
0 0 1 119 125 ffff584b 1
0 0 1 -42 -32 ffff9266 1
0 0 1 77 0 ffff97a6 1
0 0 1 15 -100 ffff97a6 1
0 0 1 0 42 ffff91ca 1
0 0 1 72 96 ffff91ca 1
0 0 1 -78 -46 ffffacca 1
0 0 1 12 72 ffffbace 1
0 0 1 16 29 ffffbe2e 1
0 0 1 0 24 ffffbffe 1
0 0 1 -48 0 ffffbffe 1
0 0 1 -124 0 ffffbffe 1
0 0 1 84 -29 ffffbffe 1
0 0 1 0 108 ffffb67a 1
0 0 1 54 112 ffffb67a 1
0 0 1 -102 107 ffffce1a 1
0 0 1 -126 48 ffffa378 1
0 0 1 73 -78 ffff8bd8 1
0 0 1 -3 0 ffff759a 1
0 0 1 -56 -43 ffff759a 1
0 0 1 0 -90 ffff7f02 1
0 0 1 83 0 ffff7f02 1
0 0 1 -8 0 ffff7f02 1
0 0 1 -40 9 ffff7f02 1
0 0 1 63 59 ffff7d9a 1
0 0 1 91 0 ffff8c1f 1
0 0 1 -8 42 ffff8c1f 1
0 0 1 -3 0 ffff8acf 1
0 0 1 4 37 ffff8acf 1
0 0 1 0 -85 ffff8b63 1
0 0 1 -28 -2 ffff8b63 1
0 0 1 -110 -63 ffff8b9b 1
0 0 1 35 -115 ffffa6ad 1
0 0 1 -58 -25 ffff96f4 1
0 0 1 -35 -40 ffff9c9e 1
0 0 1 -31 0 ffffa216 1
0 0 1 64 -103 ffffa216 1
0 0 1 -14 -6 ffff8856 1
0 0 1 7 29 ffff88aa 1
0 0 1 -17 75 ffff8975 1
0 0 1 0 -13 ffff847a 1
0 0 1 81 -40 ffff847a 1
0 0 1 54 31 ffff77d2 1
0 0 1 -61 107 ffff7e5c 1
0 0 1 61 -101 ffff64dd 1
0 0 1 52 105 ffff4ccc 1
0 0 1 -89 -123 ffff6220 1
0 0 1 13 64 ffff8ce3 1
0 0 1 -75 -96 ffff9023 1
0 0 1 27 0 ffffac43 1
0 0 1 -123 -33 ffffac43 1
0 0 1 -51 61 ffffbc1e 1
0 0 1 -13 -76 ffffaff7 1
0 0 1 -77 0 ffffb3d3 1
0 0 1 75 -87 ffffb3d3 1
0 0 1 67 -27 ffff9a56 1
0 0 1 99 46 ffff9345 1
0 0 1 0 52 ffffa50f 1
0 0 1 0 -64 ffffa50f 1
0 0 1 -40 76 ffffa50f 1
0 0 1 -112 -66 ffff992f 1
0 0 1 0 -96 ffffb60f 1
0 0 1 20 28 ffffb60f 1
0 0 1 95 123 ffffb83f 1
0 0 1 -89 125 ffffe5e4 1
0 0 1 0 44 ffffba6f 1
0 0 1 -53 0 ffffba6f 1
0 0 1 -45 0 ffffba6f 1
0 0 1 0 55 ffffba6f 1
0 0 1 -25 118 ffffba6f 1
0 0 1 -64 -68 ffffaee9 1
0 0 1 55 -111 ffffbfe9 1
0 0 1 -1 89 ffffa810 1
0 0 1 66 25 ffffa7b7 1
0 0 1 96 127 ffffae29 1
0 0 1 0 -43 ffffddc9 1
0 0 1 -108 68 ffffddc9 1
0 0 1 98 -17 ffffc119 1
0 0 1 -4 0 ffffba97 1
0 0 1 -45 -46 ffffba97 1
0 0 1 17 82 ffffc2ad 1
0 0 1 65 -118 ffffc81f 1
0 0 1 107 -34 ffffaa29 1
0 0 1 0 28 ffff9bf3 1
0 0 1 -44 0 ffff9bf3 1
0 0 1 -116 -35 ffff9bf3 1
0 0 1 -66 -77 ffffabcf 1
0 0 1 0 49 ffffbfa9 1
0 0 1 -114 5 ffffbfa9 1
0 0 1 0 -44 ffffbd6f 1
0 0 0 37 -83 ffffbd6f 1
0 0 0 -49 72 ffffbd6f 0
