1 0 0 0 0 00000000 0
1 0 0 0 0 00000000 0
1 0 0 0 0 00000000 0
0 0 1 72 23 00000000 0
0 0 1 90 -119 00000678 1
0 0 1 -82 29 ffffdca2 1
0 0 1 0 -20 ffffd358 1
0 0 1 -45 8 ffffd358 1
0 0 1 31 109 ffffd1f0 1
0 0 1 -4 0 ffffdf23 1
0 0 1 1 27 ffffdf23 1
0 0 1 -63 24 ffffdf3e 1
0 0 1 0 1 ffffd956 1
0 0 1 -32 3 ffffd956 1
0 0 1 -124 -116 ffffd8f6 1
0 0 1 81 83 00001126 1
0 0 1 0 -33 00002b69 1
0 0 1 -45 -105 00002b69 1
0 0 1 -73 -91 00003dde 1
0 0 1 0 -90 000057d1 1
0 0 1 -2 -111 000057d1 1
0 0 1 97 23 000058af 1
0 0 1 -116 0 00006166 1
0 0 1 60 -72 00006166 1
0 0 1 52 105 00005086 1
0 0 1 54 12 000065da 1
0 0 1 66 0 00006862 1
0 0 1 96 127 00006862 1
0 0 1 64 -91 00009802 1
0 0 1 98 0 00008142 1
0 0 1 -11 -41 00008142 1
0 0 1 7 17 00008305 1
0 0 1 0 -26 0000837c 1
0 0 1 107 -34 0000837c 1
0 0 1 -100 -48 00007546 1
0 0 1 105 -80 00008806 1
0 0 1 -31 0 00006736 1
0 0 1 82 56 00006736 1
0 0 1 106 -104 00007926 1
0 0 1 -124 0 00004e16 1
0 0 1 -8 70 00004e16 1
0 0 1 31 -96 00004be6 1
0 0 1 0 11 00004046 1
0 0 1 -52 108 00004046 1
0 0 1 86 86 00002a56 1
0 0 1 -31 81 0000473a 1
0 0 1 0 -41 00003d6b 1
0 0 1 109 -73 00003d6b 1
0 0 1 -120 8 00001e56 1
0 0 1 0 111 00001a96 1
0 0 1 -56 -43 00001a96 1
0 0 1 -98 -47 000023fe 1
0 0 1 0 44 000035fc 1
0 0 1 -55 -4 000035fc 1
0 0 1 -38 -6 000036d8 1
0 0 1 44 48 000037bc 1
0 0 1 0 9 00003ffc 1
0 0 1 -18 -6 00003ffc 1
0 0 1 -119 -123 00004068 1
0 0 1 -24 0 00007995 1
0 0 1 36 75 00007995 1
0 0 1 -35 -40 00008421 1
0 0 1 117 0 00008999 1
0 0 1 -71 19 00008999 1
0 0 1 3 104 00008454 1
0 0 1 -38 -58 0000858c 1
0 0 1 0 -50 00008e28 1
0 0 1 65 -118 00008e28 1
0 0 1 121 -117 00007032 1
0 0 1 -71 0 000038e5 1
0 0 1 125 -46 000038e5 1
0 0 1 -36 -61 0000226f 1
0 0 1 -29 0 00002b03 1
0 0 1 35 -88 00002b03 1
0 0 1 36 93 00001efb 1
0 0 1 103 47 00002c0f 1
0 0 1 67 0 00003ef8 1
0 0 1 80 -11 00003ef8 1
0 0 1 -96 16 00003b88 1
0 0 1 -86 0 00003588 1
0 0 1 -118 -81 00003588 1
0 0 1 -76 -43 00005ade 1
0 0 1 0 86 000067a2 1
0 0 1 -74 -44 000067a2 1
0 0 1 30 -1 0000745a 1
0 0 1 -7 -113 0000743c 1
0 0 1 0 32 00007753 1
0 0 1 -41 62 00007753 1
0 0 1 -55 -60 00006d65 1
0 0 1 -72 0 00007a49 1
0 0 1 68 -97 00007a49 1
0 0 1 -122 -58 00006085 1
0 0 1 0 40 00007c29 1
0 0 1 94 66 00007c29 1
0 0 1 99 125 00009465 1
0 0 1 93 43 0000c4bc 1
0 0 1 50 0 0000d45b 1
0 0 1 21 89 0000d45b 1
0 0 1 94 -16 0000dba8 1
0 0 1 0 -13 0000d5c8 1
0 0 1 120 -111 0000d5c8 1
0 0 1 70 -15 0000a1c0 1
0 0 1 0 3 00009da6 1
0 0 1 75 82 00009da6 1
0 0 1 114 10 0000b5ac 1
0 0 1 62 20 0000ba20 1
0 0 1 127 0 0000bef8 1
0 0 1 -44 72 0000bef8 1
0 0 1 50 -115 0000b298 1
0 0 1 0 99 00009c22 1
0 0 1 18 -32 00009c22 1
0 0 1 -124 97 000099e2 1
0 0 1 -20 0 00006ae6 1
0 0 1 73 -69 00006ae6 1
0 0 1 36 -115 00005739 1
0 0 1 -51 61 0000470d 1
0 0 1 0 -22 00003ae6 1
0 0 1 51 -120 00003ae6 1
0 0 1 127 57 000022fe 1
0 0 1 120 0 00003f45 1
0 0 1 67 -89 00003f45 1
0 0 1 93 -104 000027fa 1
0 0 1 40 0 00000232 1
0 0 1 85 -56 00000232 1
0 0 1 67 -27 ffffef9a 1
0 0 1 -80 64 ffffe889 1
0 0 1 0 13 ffffd489 1
0 0 1 -8 42 ffffd489 1
0 0 1 -29 -103 ffffd339 1
0 0 1 0 -115 ffffdee4 1
0 0 1 -105 127 ffffdee4 1
0 0 1 7 50 ffffaacd 1
0 0 1 0 -113 ffffac2b 1
0 0 1 99 5 ffffac2b 1
0 0 1 -106 115 ffffae1a 1
0 0 1 -25 49 ffff7e7c 1
0 0 1 0 -99 ffff79b3 1
0 0 1 7 57 ffff79b3 1
0 0 1 -57 112 ffff7b42 1
0 0 1 0 73 ffff6252 1
0 0 1 24 -56 ffff6252 1
0 0 1 77 55 ffff5d12 1
0 0 1 -115 0 ffff6d9d 1
0 0 1 -31 -90 ffff6d9d 1
0 0 1 -39 120 ffff7883 1
0 0 1 1 25 ffff663b 1
0 0 1 77 0 ffff6654 1
0 0 1 -122 66 ffff6654 1
0 0 1 -46 -111 ffff46e0 1
0 0 1 20 0 ffff5ad2 1
0 0 1 127 13 ffff5ad2 1
0 0 1 -13 -76 ffff6145 1
0 0 1 -45 0 ffff6521 1
0 0 1 104 33 ffff6521 1
0 0 1 12 72 ffff7289 1
0 0 1 -84 106 ffff75e9 1
0 0 1 123 0 ffff5321 1
0 0 1 73 43 ffff5321 1
0 0 1 -93 -119 ffff5f64 1
0 0 1 47 0 ffff8a9f 1
0 0 1 -73 -84 ffff8a9f 1
0 0 1 124 -69 ffffa293 1
0 0 1 -35 0 ffff8127 1
0 0 1 -2 -9 ffff8127 1
0 0 1 -109 15 ffff8139 1
0 0 1 -71 36 ffff7ad6 1
0 0 1 0 93 ffff70da 1
0 0 1 -38 -45 ffff70da 1
0 0 1 36 -69 ffff7788 1
0 0 1 122 0 ffff6dd4 1
0 0 1 -32 -101 ffff6dd4 1
0 0 1 15 -47 ffff7a74 1
0 0 1 51 0 ffff77b3 1
0 0 1 -66 -116 ffff77b3 1
0 0 1 -68 -49 ffff959b 1
0 0 1 -57 -93 ffffa29f 1
0 0 1 -9 0 ffffb754 1
0 0 1 65 -103 ffffb754 1
0 0 1 8 112 ffff9d2d 1
0 0 1 -82 0 ffffa0ad 1
0 0 1 121 -50 ffffa0ad 1
0 0 1 -91 85 ffff890b 1
0 0 1 123 0 ffff6ad4 1
0 0 1 111 59 ffff6ad4 1
0 0 1 63 74 ffff8469 1
0 0 1 -86 58 ffff969f 1
0 0 1 0 -43 ffff8323 1
0 0 1 47 3 ffff8323 1
0 0 1 66 -18 ffff83b0 1
0 0 1 -127 0 ffff7f0c 1
0 0 1 124 -105 ffff7f0c 1
0 0 1 -80 84 ffff4c30 1
0 0 1 0 34 ffff31f0 1
0 0 1 -58 120 ffff31f0 1
0 0 1 -100 95 ffff16c0 1
0 0 1 -41 -76 fffef1a4 1
0 0 1 -100 0 fffefdd0 1
0 0 1 -89 -20 fffefdd0 1
0 0 1 -83 -10 ffff04c4 1
0 0 1 -78 0 ffff0802 1
0 0 1 -51 -105 ffff0802 1
0 0 1 29 -20 ffff1ced 1
0 0 1 -38 0 ffff1aa9 1
0 0 1 -79 105 ffff1aa9 1
0 0 1 -51 -74 fffefa42 1
0 0 1 -97 -104 ffff0900 1
0 0 1 -2 0 ffff3068 1
0 0 1 116 16 ffff3068 1
0 0 1 3 65 ffff37a8 1
0 0 1 0 -124 ffff386b 1
0 0 1 -23 -72 ffff386b 1
0 0 1 -94 19 ffff3ee3 1
0 0 1 0 -9 ffff37e9 1
0 0 1 -36 102 ffff37e9 1
0 0 1 -119 50 ffff2991 1
0 0 1 -81 -93 ffff1253 1
0 0 1 0 91 ffff2fc0 1
0 0 1 13 -12 ffff2fc0 1
0 0 1 7 29 ffff2f24 1
0 0 1 -53 0 ffff2fef 1
0 0 1 54 30 ffff2fef 1
0 0 1 -12 33 ffff3643 1
0 0 1 0 87 ffff34b7 1
0 0 1 53 29 ffff34b7 1
0 0 1 70 -61 ffff3ab8 1
0 0 1 -4 109 ffff2a0a 1
0 0 1 -110 0 ffff2856 1
0 0 1 -111 103 ffff2856 1
0 0 1 52 -88 fffefbad 1
0 0 1 0 49 fffee9cd 1
0 0 1 -40 76 fffee9cd 1
0 0 1 60 -117 fffedded 1
0 0 1 0 4 fffec281 1
0 0 1 -20 -100 fffec281 1
0 0 1 -14 -100 fffeca51 1
0 0 1 -92 -36 fffecfc9 1
0 0 1 -22 0 fffedcb9 1
0 0 1 -33 62 fffedcb9 1
0 0 1 25 48 fffed4bb 1
0 0 1 5 0 fffed96b 1
0 0 1 -14 122 fffed96b 1
0 0 1 -24 -90 fffed2bf 1
0 0 1 0 54 fffedb2f 1
0 0 1 36 22 fffedb2f 1
0 0 1 -106 123 fffede47 1
0 0 1 -87 93 fffeab59 1
0 0 1 -71 0 fffe8bbe 1
0 0 1 65 36 fffe8bbe 1
0 0 1 -113 -127 fffe94e2 1
0 0 1 0 29 fffeccf1 1
0 0 1 64 -25 fffeccf1 1
0 0 1 91 55 fffec6b1 1
0 0 1 127 0 fffeda3e 1
0 0 1 -13 -125 fffeda3e 1
0 0 1 -77 46 fffee097 1
0 0 1 84 -29 fffed2c1 1
0 0 1 0 126 fffec93d 1
0 0 1 123 -126 fffec93d 1
0 0 1 -102 -14 fffe8cb3 1
0 0 1 0 -81 fffe9247 1
0 0 1 109 -37 fffe9247 1
0 0 1 -6 -66 fffe8286 1
0 0 1 0 -80 fffe8412 1
0 0 1 122 124 fffe8412 1
0 0 1 49 -39 fffebf2a 1
0 0 1 -22 28 fffeb7b3 1
0 0 1 0 -109 fffeb54b 1
0 0 1 25 119 fffeb54b 1
0 0 1 -42 -32 fffec0ea 1
0 0 1 -108 0 fffec62a 1
0 0 1 -20 5 fffec62a 1
0 0 1 -26 -107 fffec5c6 1
0 0 1 0 4 fffed0a4 1
0 0 1 36 124 fffed0a4 1
0 0 1 -75 -112 fffee214 1
0 0 1 -50 10 ffff02e4 1
0 0 1 0 116 ffff00f0 1
0 0 1 70 -94 ffff00f0 1
0 0 1 83 100 fffee73c 1
0 0 1 0 77 ffff07a8 1
0 0 1 -83 44 ffff07a8 1
0 0 1 83 32 fffef964 1
0 0 1 -36 0 ffff03c4 1
0 0 1 -76 116 ffff03c4 1
0 0 1 -78 117 fffee154 1
0 0 1 38 -126 fffebdae 1
0 0 1 -51 0 fffeaafa 1
0 0 1 6 59 fffeaafa 1
0 0 1 79 17 fffeac5c 1
0 0 1 0 18 fffeb19b 1
0 0 1 -89 -123 fffeb19b 1
0 0 1 78 -43 fffedc5e 1
0 0 1 -5 0 fffecf44 1
0 0 1 42 -4 fffecf44 1
0 0 1 -56 104 fffece9c 1
0 0 1 -45 15 fffeb7dc 1
0 0 1 12 0 fffeb539 1
0 0 1 115 -76 fffeb539 1
0 0 1 65 51 fffe9315 1
0 0 1 0 66 fffea008 1
0 0 1 -26 84 fffea008 1
0 0 1 -2 -64 fffe9780 1
0 0 1 -6 0 fffe9800 1
0 0 1 -93 48 fffe9800 1
0 0 1 -62 109 fffe8690 1
0 0 1 -12 107 fffe6c2a 1
0 0 1 0 23 fffe6726 1
0 0 1 112 57 fffe6726 1
0 0 1 78 73 fffe8016 1
0 0 1 25 0 fffe9654 1
0 0 1 43 92 fffe9654 1
0 0 1 21 -102 fffea5c8 1
0 0 1 69 0 fffe9d6a 1
0 0 1 36 -39 fffe9d6a 1
0 0 1 -58 77 fffe97ee 1
0 0 1 -113 -85 fffe867c 1
0 0 1 -90 0 fffeac01 1
0 0 1 -25 -20 fffeac01 1
0 0 1 -106 -15 fffeadf5 1
0 0 1 0 87 fffeb42b 1
0 0 1 92 23 fffeb42b 1
0 0 1 -4 64 fffebc6f 1
0 0 1 0 10 fffebb6f 1
0 0 1 -127 117 fffebb6f 1
0 0 1 -21 68 fffe8164 1
0 0 1 106 92 fffe7bd0 1
0 0 1 0 28 fffea1e8 1
0 0 1 37 30 fffea1e8 1
0 0 1 76 108 fffea63e 1
0 0 1 0 26 fffec64e 1
0 0 1 -38 -114 fffec64e 1
0 0 1 -78 87 fffed73a 1
0 0 1 -127 0 fffebcb8 1
0 0 1 116 -43 fffebcb8 1
0 0 1 -114 5 fffea93c 1
0 0 1 74 102 fffea702 1
0 0 1 0 -34 fffec47e 1
0 0 1 91 51 fffec47e 1
0 0 1 -65 -55 fffed69f 1
0 0 1 66 0 fffee496 1
0 0 1 -82 33 fffee496 1
0 0 1 20 28 fffeda04 1
0 0 1 26 0 fffedc34 1
0 0 1 -15 93 fffedc34 1
0 0 1 -18 -9 fffed6c1 1
0 0 1 3 53 fffed763 1
0 0 1 0 -110 fffed802 1
0 0 1 -7 -98 fffed802 1
0 0 1 -29 102 fffedab0 1
0 0 1 0 27 fffecf22 1
0 0 1 -67 52 fffecf22 1
0 0 1 -5 118 fffec186 1
0 0 1 0 113 fffebf38 1
0 0 1 85 -31 fffebf38 1
0 0 1 60 94 fffeb4ed 1
0 0 1 -61 -120 fffecaf5 1
0 0 1 7 0 fffee78d 1
0 0 1 -115 -60 fffee78d 1
0 0 1 56 -127 ffff0281 1
0 0 1 1 0 fffee6b9 1
0 0 1 -31 -70 fffee6b9 1
0 0 1 56 -41 fffeef33 1
0 0 1 -115 0 fffee63b 1
0 0 1 -70 48 fffee63b 1
0 0 1 72 -55 fffed91b 1
0 0 1 61 -101 fffec9a3 1
0 0 1 8 0 fffeb192 1
0 0 1 2 -30 fffeb192 1
0 0 1 -113 -122 fffeb156 1
0 0 1 -91 0 fffee730 1
0 0 1 121 82 fffee730 1
0 0 1 -1 89 ffff0df2 1
0 0 1 0 -106 ffff0d99 1
0 0 1 -21 42 ffff0d99 1
0 0 1 119 -94 ffff0a27 1
0 0 1 43 76 fffede75 1
0 0 1 27 0 fffeeb39 1
0 0 1 -36 69 fffeeb39 1
0 0 1 83 42 fffee185 1
0 0 1 -91 0 fffeef23 1
0 0 1 -93 67 fffeef23 1
0 0 1 113 99 fffed6cc 1
0 0 1 0 -106 ffff027f 1
0 0 1 35 -113 ffff027f 1
0 0 1 -110 108 fffef30c 1
0 0 1 107 14 fffec4a4 1
0 0 1 0 -93 fffeca7e 1
0 0 1 -40 9 fffeca7e 1
0 0 1 -83 73 fffec916 1
0 0 1 81 0 fffeb16b 1
0 0 1 43 -98 fffeb16b 1
0 0 1 95 -99 fffea0f5 1
0 0 1 28 0 fffe7c38 1
0 0 1 73 94 fffe7c38 1
0 0 1 -74 -14 fffe9706 1
0 0 1 -27 73 fffe9b12 1
0 0 1 53 0 fffe935f 1
0 0 1 65 -94 fffe935f 1
0 0 1 102 91 fffe7b81 1
0 0 1 0 16 fffe9fc3 1
0 0 1 -110 -63 fffe9fc3 1
0 0 1 -47 -69 fffebad5 1
0 0 1 127 0 fffec780 1
0 0 1 123 -114 fffec780 1
0 0 1 77 103 fffe90ba 1
0 0 1 63 -72 fffeafb5 1
0 0 1 102 0 fffe9dfd 1
0 0 1 98 -70 fffe9dfd 1
0 0 1 16 29 fffe8331 1
0 0 1 0 10 fffe8501 1
0 0 1 35 -43 fffe8501 1
0 0 1 91 115 fffe7f20 1
0 0 1 9 0 fffea801 1
0 0 1 -16 -38 fffea801 1
0 0 1 -71 -3 fffeaa61 1
0 0 1 61 111 fffeab36 1
0 0 1 0 52 fffec5a9 1
0 0 1 74 -27 fffec5a9 1
0 0 1 -55 -94 fffebddb 1
0 0 1 0 50 fffed20d 1
0 0 1 82 -70 fffed20d 1
0 0 1 78 -110 fffebba1 1
0 0 1 0 -57 fffe9a1d 1
0 0 1 122 -52 fffe9a1d 1
0 0 1 15 -100 fffe8155 1
0 0 1 -89 -64 fffe7b79 1
0 0 1 0 -126 fffe91b9 1
0 0 1 73 -85 fffe91b9 1
0 0 1 100 -58 fffe797c 1
0 0 1 0 118 fffe62d4 1
0 0 1 63 59 fffe62d4 1
0 0 1 -60 -70 fffe7159 1
0 0 1 -70 0 fffe81c1 1
0 0 1 92 -92 fffe81c1 1
0 0 1 -124 91 fffe60b1 1
0 0 1 -119 51 fffe349d 1
0 0 1 0 -24 fffe1ce8 1
0 0 1 13 126 fffe1ce8 1
0 0 1 97 -34 fffe234e 1
0 0 1 -64 0 fffe166c 1
0 0 1 -35 114 fffe166c 1
0 0 1 5 4 fffe06d6 1
0 0 1 -29 0 fffe06ea 1
0 0 1 -102 -24 fffe06ea 1
0 0 1 101 12 fffe107a 1
0 0 1 65 33 fffe1536 1
0 0 1 0 49 fffe1d97 1
0 0 1 18 -91 fffe1d97 1
0 0 1 -72 4 fffe1731 1
0 0 1 0 -34 fffe1611 1
0 0 1 61 -22 fffe1611 1
0 0 1 34 -4 fffe10d3 1
0 0 1 0 116 fffe104b 1
0 0 1 -102 107 fffe104b 1
0 0 1 -5 -107 fffde5a9 1
0 0 1 4 42 fffde7c0 1
0 0 1 19 0 fffde868 1
0 0 1 97 -16 fffde868 1
0 0 1 103 113 fffde258 1
0 0 1 0 75 fffe0fcf 1
0 0 1 -90 -25 fffe0fcf 1
0 0 1 122 121 fffe1899 1
0 0 1 -97 0 fffe5243 1
0 0 1 3 -54 fffe5243 1
0 0 1 14 54 fffe51a1 1
0 0 1 -100 71 fffe5495 1
0 0 1 0 74 fffe38d9 1
0 0 1 -123 -33 fffe38d9 1
0 0 1 -65 -34 fffe48b4 1
0 0 1 0 -2 fffe5156 1
0 0 1 45 -63 fffe5156 1
0 0 1 124 -24 fffe4643 1
0 0 1 -119 0 fffe3aa3 1
0 0 1 46 123 fffe3aa3 1
0 0 1 48 126 fffe50bd 1
0 0 1 -99 -55 fffe685d 1
0 0 1 0 100 fffe7da2 1
0 0 1 -82 112 fffe7da2 1
0 0 1 99 -49 fffe59c2 1
0 0 1 0 -82 fffe46cf 1
0 0 1 -5 91 fffe46cf 1
0 0 1 122 11 fffe4508 1
0 0 1 94 0 fffe4a46 1
0 0 1 -86 21 fffe4a46 1
0 0 1 76 91 fffe4338 1
0 0 1 13 64 fffe5e3c 1
0 0 1 53 0 fffe617c 1
0 0 1 -23 34 fffe617c 1
0 0 1 -63 -43 fffe5e6e 1
0 0 1 0 123 fffe6903 1
0 0 1 66 88 fffe6903 1
0 0 1 97 92 fffe7fb3 1
0 0 1 0 -34 fffea28f 1
0 0 1 -45 -46 fffea28f 1
0 0 1 34 21 fffeaaa5 1
0 0 1 105 -96 fffead6f 1
0 0 1 0 96 fffe860f 1
0 0 1 -16 43 fffe860f 1
0 0 1 7 -82 fffe835f 1
0 0 1 0 110 fffe8121 1
0 0 1 -40 46 fffe8121 1
0 0 1 -63 -67 fffe79f1 1
0 0 1 0 -42 fffe8a6e 1
0 0 1 -80 -15 fffe8a6e 1
0 0 1 75 66 fffe8f1e 1
0 0 1 75 -88 fffea274 1
0 0 1 91 0 fffe88ac 1
0 0 1 -126 60 fffe88ac 1
0 0 1 78 -66 fffe6b24 1
0 0 1 0 -53 fffe5708 1
0 0 1 39 -11 fffe5708 1
0 0 1 49 8 fffe555b 1
0 0 1 0 -23 fffe56e3 1
0 0 1 -30 -117 fffe56e3 1
0 0 1 92 -24 fffe6499 1
0 0 1 -83 109 fffe5bf9 1
0 0 1 0 76 fffe38a2 1
0 0 1 -5 -104 fffe38a2 1
0 0 1 81 -40 fffe3aaa 1
0 0 1 0 -31 fffe2e02 1
0 0 1 54 -97 fffe2e02 1
0 0 1 52 -113 fffe198c 1
0 0 1 0 90 fffe0298 1
0 0 1 -65 -2 fffe0298 1
0 0 1 125 -67 fffe031a 1
0 0 1 52 107 fffde263 1
0 0 1 1 0 fffdf81f 1
0 0 1 35 -115 fffdf81f 1
0 0 1 -110 -14 fffde866 1
0 0 1 19 0 fffdee6a 1
0 0 1 -64 123 fffdee6a 1
0 0 1 -40 -59 fffdcfaa 1
0 0 1 0 36 fffdd8e2 1
0 0 1 -98 46 fffdd8e2 1
0 0 1 95 -82 fffdc746 1
0 0 1 -106 65 fffda8d8 1
0 0 1 0 112 fffd8dee 1
0 0 1 96 -67 fffd8dee 1
0 0 1 106 118 fffd74ce 1
0 0 1 -120 0 fffda5aa 1
0 0 1 -108 48 fffda5aa 1
0 0 1 -28 23 fffd916a 1
0 0 1 0 -108 fffd8ee6 1
0 0 1 14 123 fffd8ee6 1
0 0 1 56 2 fffd95a0 1
0 0 1 44 -21 fffd9610 1
0 0 1 57 0 fffd9274 1
0 0 1 -25 -120 fffd9274 1
0 0 1 11 121 fffd9e2c 1
0 0 1 51 0 fffda35f 1
0 0 1 -107 -97 fffda35f 1
0 0 1 110 -13 fffdcbea 1
0 0 1 0 30 fffdc654 1
0 0 1 85 -66 fffdc654 1
0 0 1 52 -35 fffdb06a 1
0 0 1 -117 99 fffda94e 1
0 0 1 -94 0 fffd7c0f 1
0 0 1 -42 -67 fffd7c0f 1
0 0 1 -49 95 fffd870d 1
0 0 1 0 -90 fffd74de 1
0 0 1 -75 -96 fffd74de 1
0 0 1 88 -114 fffd90fe 1
0 0 1 0 -39 fffd69ce 1
0 0 1 57 -55 fffd69ce 1
0 0 1 17 82 fffd5d8f 1
0 0 1 -14 -43 fffd6301 1
0 0 1 -8 0 fffd655b 1
0 0 1 -1 -108 fffd655b 1
0 0 1 -96 -102 fffd65c7 1
0 0 1 0 79 fffd8c07 1
0 0 1 -43 111 fffd8c07 1
0 0 1 -108 68 fffd7962 1
0 0 1 -46 0 fffd5cb2 1
0 0 1 -67 -8 fffd5cb2 1
0 0 1 -79 -57 fffd5eca 1
0 0 1 -112 -66 fffd7061 1
0 0 1 0 24 fffd8d41 1
0 0 1 -12 -59 fffd8d41 1
0 0 1 -52 -71 fffd9005 1
0 0 1 -126 0 fffd9e71 1
0 0 1 -76 -12 fffd9e71 1
0 0 1 -80 41 fffda201 1
0 0 1 0 -35 fffd9531 1
0 0 1 -113 125 fffd9531 1
0 0 1 12 -117 fffd5e04 1
0 0 1 -126 48 fffd5888 1
0 0 1 47 0 fffd40e8 1
0 0 1 -125 -38 fffd40e8 1
0 0 1 115 47 fffd5376 1
0 0 1 -51 0 fffd6893 1
0 0 1 63 55 fffd6893 1
0 0 1 3 5 fffd761c 1
0 0 1 103 0 fffd762b 1
0 0 1 93 -107 fffd762b 1
0 0 1 -25 63 fffd4f4c 1
0 0 1 63 57 fffd4925 1
0 0 1 6 0 fffd572c 1
0 0 1 21 127 fffd572c 1
0 0 1 -127 -67 fffd6197 1
0 0 1 0 -61 fffd82d4 1
0 0 1 110 21 fffd82d4 1
0 0 1 10 3 fffd8bda 1
0 0 1 0 -85 fffd8bf8 1
0 0 1 64 -76 fffd8bf8 1
0 0 1 -17 75 fffd78f8 1
0 0 1 -71 -17 fffd73fd 1
0 0 1 -121 0 fffd78b4 1
0 0 1 29 27 fffd78b4 1
0 0 1 -47 -5 fffd7bc3 1
0 0 1 0 -61 fffd7cae 1
0 0 1 -50 1 fffd7cae 1
0 0 1 50 30 fffd7c7c 1
0 0 1 89 0 fffd8258 1
0 0 1 51 115 fffd8258 1
0 0 1 -56 -33 fffd9941 1
0 0 1 -56 119 fffda079 1
0 0 1 0 118 fffd8671 1
0 0 1 56 -64 fffd8671 1
0 0 1 -85 -99 fffd7871 1
0 0 1 0 -61 fffd9950 1
0 0 1 -51 -84 fffd9950 1
0 0 1 -128 -84 fffdaa0c 1
0 0 1 0 -117 fffdd40c 1
0 0 1 41 91 fffdd40c 1
0 0 1 21 97 fffde29f 1
0 0 1 -93 -108 fffdea94 1
0 0 1 -7 0 fffe11d0 1
0 0 1 97 -15 fffe11d0 1
0 0 1 89 83 fffe0c21 1
0 0 1 0 84 fffe28fc 1
0 0 1 48 8 fffe28fc 1
0 0 1 62 103 fffe2a7c 1
0 0 1 0 -37 fffe436e 1
0 0 1 33 78 fffe436e 1
0 0 1 37 76 fffe4d7c 1
0 0 1 -109 122 fffe5878 1
0 0 1 0 32 fffe2486 1
0 0 1 8 -25 fffe2486 1
0 0 1 115 62 fffe23be 1
0 0 1 -50 0 fffe3f98 1
0 0 1 -109 77 fffe3f98 1
0 0 1 -101 -43 fffe1ecf 1
0 0 1 -101 0 fffe2fc6 1
0 0 1 -116 -35 fffe2fc6 1
0 0 1 -13 -33 fffe3fa2 1
0 0 1 83 59 fffe414f 1
0 0 1 -42 0 fffe5470 1
0 0 1 -119 -98 fffe5470 1
0 0 1 -77 104 fffe81fe 1
0 0 1 0 92 fffe62b6 1
0 0 1 80 -36 fffe62b6 1
0 0 1 83 24 fffe5776 1
0 0 1 0 -104 fffe5f3e 1
0 0 1 -69 -128 fffe5f3e 1
0 0 1 -128 -48 fffe81be 1
0 0 1 -64 -21 fffe99be 1
0 0 1 0 42 fffe9efe 1
0 0 1 95 -60 fffe9efe 1
0 0 1 -7 123 fffe88ba 1
0 0 1 0 57 fffe855d 1
0 0 1 -10 83 fffe855d 1
0 0 1 -104 -52 fffe821f 1
0 0 1 -21 0 fffe973f 1
0 0 1 -58 -25 fffe973f 1
0 0 1 43 -58 fffe9ce9 1
0 0 1 -69 -21 fffe932b 1
0 0 1 45 0 fffe98d4 1
0 0 1 -34 121 fffe98d4 1
0 0 1 -79 99 fffe88c2 1
0 0 1 69 0 fffe6a35 1
0 0 1 75 -87 fffe6a35 1
0 0 1 -54 -100 fffe50b8 1
0 0 1 -3 0 fffe65d0 1
0 0 1 -110 -91 fffe65d0 1
0 0 1 32 77 fffe8cea 1
0 0 1 -78 14 fffe968a 1
0 0 1 -55 0 fffe9246 1
0 0 1 -74 27 fffe9246 1
0 0 1 55 -111 fffe8a78 1
0 0 1 -3 0 fffe729f 1
0 0 1 -40 33 fffe729f 1
0 0 1 86 22 fffe6d77 1
0 0 1 -74 0 fffe74db 1
0 0 1 33 13 fffe74db 1
0 0 1 77 -2 fffe7688 1
0 0 1 -23 -90 fffe75ee 1
0 0 1 -82 0 fffe7e04 1
0 0 1 -49 7 fffe7e04 1
0 0 1 36 27 fffe7cad 1
0 0 1 0 39 fffe8079 1
0 0 1 -88 8 fffe8079 1
0 0 1 40 15 fffe7db9 1
0 0 1 0 -82 fffe8011 1
0 0 1 -112 -70 fffe8011 1
0 0 1 -12 -63 fffe9eb1 1
0 0 1 -100 113 fffea1a5 1
0 0 1 -95 0 fffe7581 1
0 0 1 57 -127 fffe7581 1
0 0 1 -79 -31 fffe593a 1
0 0 1 -91 0 fffe62cb 1
0 0 1 -102 -125 fffe62cb 1
0 0 1 37 -59 fffe9499 1
0 0 1 10 0 fffe8c12 1
0 0 1 -115 -93 fffe8c12 1
0 0 1 -97 49 fffeb5d9 1
0 0 1 -28 11 fffea348 1
0 0 1 0 116 fffea214 1
0 0 1 70 -113 fffea214 1
0 0 1 87 82 fffe832e 1
0 0 1 0 -63 fffe9f0c 1
0 0 1 28 -91 fffe9f0c 1
0 0 1 81 -24 fffe9518 1
0 0 1 -22 0 fffe8d80 1
0 0 1 -98 -39 fffe8d80 1
0 0 1 -68 -46 fffe9c6e 1
0 0 1 58 76 fffea8a6 1
0 0 1 0 -125 fffeb9de 1
0 0 1 -14 29 fffeb9de 1
0 0 1 11 -113 fffeb848 1
0 0 1 0 56 fffeb36d 1
0 0 1 9 -104 fffeb36d 1
0 0 1 67 96 fffeafc5 1
0 0 1 -1 0 fffec8e5 1
0 0 1 34 81 fffec8e5 1
0 0 1 -45 -67 fffed3a7 1
0 0 1 -20 122 fffedf6e 1
0 0 1 0 69 fffed5e6 1
0 0 1 -106 -8 fffed5e6 1
0 0 1 -102 29 fffed936 1
0 0 1 0 -68 fffecda8 1
0 0 1 45 42 fffecda8 1
0 0 1 73 -10 fffed50a 1
0 0 1 0 -22 fffed230 1
0 0 1 -37 -73 fffed230 1
0 0 1 -120 -18 fffedcbd 1
0 0 1 -14 63 fffee52d 1
0 0 1 -88 0 fffee1bb 1
0 0 1 -107 -112 fffee1bb 1
0 0 1 89 -98 ffff108b 1
0 0 1 0 56 fffeee79 1
0 0 1 95 37 fffeee79 1
0 0 1 100 120 fffefc34 1
0 0 1 0 -64 ffff2b14 1
0 0 1 97 108 ffff2b14 1
0 0 1 -71 124 ffff5400 1
0 0 1 72 96 ffff319c 1
0 0 1 0 -18 ffff4c9c 1
0 0 1 -9 -116 ffff4c9c 1
0 0 1 -95 -79 ffff50b0 1
0 0 1 0 84 ffff6e01 1
0 0 1 73 101 ffff6e01 1
0 0 1 58 115 ffff8ace 1
0 0 1 42 0 ffffa4dc 1
0 0 1 121 -16 ffffa4dc 1
0 0 1 -64 -68 ffff9d4c 1
0 0 1 -77 52 ffffae4c 1
0 0 1 -44 0 ffff9ea8 1
0 0 1 32 67 ffff9ea8 1
0 0 1 13 13 ffffa708 1
0 0 1 0 -32 ffffa7b1 1
0 0 1 8 18 ffffa7b1 1
0 0 1 126 -118 ffffa841 1
0 0 1 0 76 ffff6e2d 1
0 0 1 111 33 ffff6e2d 1
0 0 1 -65 -124 ffff7c7c 1
0 0 1 -64 42 ffff9bf8 1
0 0 1 -111 0 ffff9178 1
0 0 1 98 -17 ffff9178 1
0 0 1 -39 -13 ffff8af6 1
0 0 1 -27 0 ffff8cf1 1
0 0 1 -90 -69 ffff8cf1 1
0 0 1 -30 -35 ffffa533 1
0 0 1 0 34 ffffa94d 1
0 0 1 102 5 ffffa94d 1
0 0 1 64 68 ffffab4b 1
0 0 1 -48 -43 ffffbc4b 1
0 0 1 0 34 ffffc45b 1
0 0 1 12 -76 ffffc45b 1
0 0 1 -60 -46 ffffc0cb 1
0 0 1 -16 0 ffffcb93 1
0 0 1 -35 101 ffffcb93 1
0 0 1 4 37 ffffbdc4 1
0 0 1 0 -31 ffffbe58 1
0 0 1 87 111 ffffbe58 1
0 0 1 -120 20 ffffe411 1
0 0 1 -25 118 ffffdab1 1
0 0 1 -67 0 ffffcf2b 1
0 0 1 70 -94 ffffcf2b 1
0 0 1 -72 107 ffffb577 1
0 0 1 0 10 ffff975f 1
0 0 1 3 65 ffff975f 1
0 0 1 -119 13 ffff9822 1
0 0 1 -35 0 ffff9217 1
0 0 1 -112 79 ffff9217 1
0 0 1 -65 14 ffff6f87 1
0 0 1 -35 9 ffff6bf9 1
0 0 1 60 0 ffff6abe 1
0 0 1 30 77 ffff6abe 1
0 0 1 -81 -89 ffff73c4 1
0 0 1 -83 0 ffff8fed 1
0 0 1 -82 -101 ffff8fed 1
0 0 1 48 125 ffffb047 1
0 0 1 56 0 ffffc7b7 1
0 0 1 80 -11 ffffc7b7 1
0 0 1 56 -41 ffffc447 1
0 0 1 -71 -39 ffffbb4f 1
0 0 1 0 -29 ffffc620 1
0 0 1 95 123 ffffc620 1
0 0 1 54 31 fffff3c5 1
0 0 1 0 5 fffffa4f 1
0 0 1 55 -101 fffffa4f 1
0 0 1 -25 -29 ffffe49c 1
0 0 1 0 -55 ffffe771 1
0 0 1 -47 97 ffffe771 1
0 0 1 -28 -2 ffffd5a2 1
0 0 1 47 97 ffffd5da 1
0 0 1 106 0 ffffe7a9 1
0 0 1 72 -52 ffffe7a9 1
0 0 1 -12 44 ffffd909 1
0 0 1 0 66 ffffd6f9 1
0 0 1 -96 39 ffffd6f9 1
0 0 1 -125 35 ffffc859 1
0 0 1 -55 0 ffffb742 1
0 0 1 66 25 ffffb742 1
0 0 1 39 -114 ffffbdb4 1
0 0 1 -28 -53 ffffac56 1
0 0 1 0 -64 ffffb222 1
0 0 1 -124 29 ffffb222 1
0 0 1 -31 -96 ffffa416 1
0 0 1 -81 0 ffffafb6 1
0 0 1 5 113 ffffafb6 1
0 0 1 -94 19 ffffb1eb 1
0 0 1 0 76 ffffaaf1 1
0 0 1 53 85 ffffaaf1 1
0 0 1 -35 -79 ffffbc8a 1
0 0 1 -88 46 ffffc757 1
0 0 1 0 -110 ffffb787 1
0 0 1 -114 -108 ffffb787 1
0 0 1 -2 -16 ffffe79f 1
0 0 1 -8 0 ffffe7bf 1
0 0 1 119 125 ffffe7bf 1
0 0 1 -79 -93 000021da 1
0 0 1 0 19 00003e8d 1
0 0 1 -113 109 00003e8d 1
0 0 1 -28 86 00000e70 1
0 0 1 -101 80 00000508 1
0 0 1 -38 0 ffffe578 1
0 0 1 -77 76 ffffe578 1
0 0 1 71 32 ffffce9c 1
0 0 1 0 -104 ffffd77c 1
0 0 1 39 -88 ffffd77c 1
0 0 1 -79 -14 ffffca14 1
0 0 1 0 55 ffffce66 1
0 0 1 -84 59 ffffce66 1
0 0 1 -82 -108 ffffbb0a 1
0 0 1 73 -78 ffffdda2 1
0 0 1 41 0 ffffc764 1
0 0 1 36 16 ffffc764 1
0 0 1 -84 -111 ffffc9a4 1
0 0 1 72 0 ffffee10 1
0 0 1 79 25 ffffee10 1
0 0 1 -22 44 fffff5c7 1
0 0 1 0 -44 fffff1ff 1
0 0 1 -3 125 fffff1ff 1
0 0 1 -5 75 fffff088 1
0 0 1 -68 -5 ffffef11 1
0 0 1 -71 0 fffff065 1
0 0 1 25 -27 fffff065 1
0 0 1 -10 -128 ffffedc2 1
0 0 1 0 -9 fffff2c2 1
0 0 1 41 -5 fffff2c2 1
0 0 1 10 -27 fffff1f5 1
0 0 1 0 46 fffff0e7 1
0 0 1 -125 -23 fffff0e7 1
0 0 1 -22 62 fffffc22 1
0 0 1 -79 -87 fffff6ce 1
0 0 1 0 -112 000011a7 1
0 0 1 -15 -20 000011a7 1
0 0 1 36 98 000012d3 1
0 0 1 29 0 0000209b 1
0 0 1 -121 57 0000209b 1
0 0 1 -93 121 000005aa 1
0 0 1 -40 0 ffffd9b5 1
0 0 1 -111 87 ffffd9b5 1
0 0 1 -107 6 ffffb3fc 1
0 0 1 -122 -14 ffffb17a 1
0 0 1 0 56 ffffb826 1
0 0 1 17 60 ffffb826 1
0 0 1 -4 45 ffffbc22 1
0 0 1 0 56 ffffbb6e 1
0 0 1 54 108 ffffbb6e 1
0 0 1 -77 -74 ffffd236 1
0 0 1 6 0 ffffe878 1
0 0 1 78 96 ffffe878 1
0 0 1 -14 -6 000005b8 1
0 0 1 99 46 0000060c 1
0 0 1 0 -44 000017d6 1
0 0 1 -23 -6 000017d6 1
0 0 1 -16 -59 00001860 1
0 0 1 42 0 00001c10 1
0 0 1 -117 78 00001c10 1
0 0 1 12 -21 fffff86a 1
0 0 1 119 0 fffff76e 1
0 0 1 30 -87 fffff76e 1
0 0 1 -36 109 ffffed3c 1
0 0 1 -96 20 ffffdde8 1
0 0 1 0 121 ffffd668 1
0 0 1 -10 -73 ffffd668 1
0 0 1 -83 38 ffffd942 1
0 0 1 0 -57 ffffccf0 1
0 0 1 -83 -125 ffffccf0 1
0 0 1 8 -17 fffff577 1
0 0 1 0 -122 fffff4ef 1
0 0 1 9 72 fffff4ef 1
0 0 1 99 -5 fffff777 1
0 0 1 -47 114 fffff588 1
0 0 1 -119 0 ffffe09a 1
0 0 1 -61 107 ffffe09a 1
0 0 1 5 -62 ffffc71b 1
0 0 1 54 0 ffffc5e5 1
0 0 1 54 112 ffffc5e5 1
0 0 1 -9 80 ffffdd85 1
0 0 1 -48 0 ffffdab5 1
0 0 1 -84 -14 ffffdab5 1
0 0 1 -99 -66 ffffdf4d 1
0 0 1 -3 -44 fffff8d3 1
0 0 1 0 -96 fffff957 1
0 0 1 -21 -78 fffff957 1
0 0 1 34 -90 ffffffbd 1
0 0 1 0 -96 fffff3c9 1
0 0 1 75 -59 fffff3c9 1
0 0 1 49 59 ffffe280 1
0 0 1 125 0 ffffedcb 1
0 0 1 -11 12 ffffedcb 1
0 0 1 74 49 ffffed47 1
0 0 1 29 -45 fffffb71 1
0 0 1 -77 0 fffff658 1
0 0 1 -72 -114 fffff658 1
0 0 1 18 -42 00001668 1
0 0 1 0 21 00001374 1
0 0 1 -84 -95 00001374 1
0 0 1 -112 13 000032a0 1
0 0 1 0 -57 00002cf0 1
0 0 1 -59 -90 00002cf0 1
0 0 1 92 86 000041ae 1
0 0 1 -27 92 00006096 1
0 0 1 0 52 000056e2 1
0 0 1 -101 55 000056e2 1
0 0 1 -112 68 0000412f 1
0 0 1 43 0 0000236f 1
0 0 1 109 89 0000236f 1
0 0 1 -50 -90 00004954 1
0 0 1 0 -16 00005ae8 1
0 0 1 105 -88 00005ae8 1
0 0 1 -86 68 000036d0 1
0 0 1 88 10 00001ff8 1
0 0 1 0 1 00002368 1
0 0 1 -111 -113 00002368 1
0 0 1 54 -93 00005467 1
0 0 1 75 0 000040c9 1
0 0 1 -100 46 000040c9 1
0 0 1 30 -34 00002ed1 1
0 0 1 0 110 00002ad5 1
0 0 1 7 124 00002ad5 1
0 0 1 83 -35 00002e39 1
0 0 1 -20 -109 000022e0 1
0 0 1 0 108 00002b64 1
0 0 1 -72 4 00002b64 1
0 0 1 -89 125 00002a44 1
0 0 1 118 0 fffffecf 1
0 0 1 67 -103 fffffecf 1
0 0 1 33 56 ffffe3da 1
0 0 1 0 -47 ffffeb12 1
0 0 1 -10 -114 ffffeb12 1
0 0 1 44 24 ffffef86 1
0 0 1 -66 -77 fffff3a6 1
0 0 1 0 100 00000780 1
0 0 1 64 -63 00000780 1
0 0 1 64 -103 fffff7c0 1
0 0 1 0 122 ffffde00 1
0 0 1 118 -55 ffffde00 1
0 0 1 43 44 ffffc4a6 1
0 0 1 0 37 ffffcc0a 1
0 0 1 125 -83 ffffcc0a 1
0 0 1 109 104 ffffa383 1
0 0 1 -127 96 ffffcfcb 1
0 0 1 0 65 ffffa02b 1
0 0 1 8 -117 ffffa02b 1
0 0 1 15 93 ffff9c83 1
0 0 1 0 36 ffffa1f6 1
0 0 1 -83 -76 ffffa1f6 1
0 0 1 51 31 ffffba9a 1
0 0 1 0 30 ffffc0c7 1
0 0 1 -5 -1 ffffc0c7 1
0 0 1 -86 5 ffffc0cc 1
0 0 1 88 119 ffffbf1e 1
0 0 1 83 0 ffffe806 1
0 0 1 -124 115 ffffe806 1
0 0 1 90 15 ffffb052 1
0 0 1 -50 0 ffffb598 1
0 0 1 -51 31 ffffb598 1
0 0 1 -78 -46 ffffaf6b 1
0 0 1 0 84 ffffbd6f 1
0 0 0 37 -83 ffffbd6f 1
0 0 0 -49 72 ffffbd6f 0
