1 0 0 0 0 00000000 0
1 0 0 0 0 00000000 0
1 0 0 0 0 00000000 0
0 0 1 -58 77 00000000 0
0 0 1 47 0 ffffee8e 1
0 0 1 0 46 ffffee8e 1
0 0 1 -71 0 ffffee8e 1
0 0 1 56 0 ffffee8e 1
0 0 1 21 -102 ffffee8e 1
0 0 1 -47 -69 ffffe630 1
0 0 1 28 -91 fffff2db 1
0 0 1 -46 -111 ffffe8e7 1
0 0 1 -110 -91 fffffcd9 1
0 0 1 62 103 000023f3 1
0 0 1 -72 107 00003ce5 1
0 0 1 75 66 00001ecd 1
0 0 1 8 18 00003223 1
0 0 1 -6 -66 000032b3 1
0 0 1 -83 44 0000343f 1
0 0 1 89 -98 000025fb 1
0 0 1 -100 -48 000003e9 1
0 0 1 36 27 000016a9 1
0 0 1 81 83 00001a75 1
0 0 1 -106 -15 000034b8 1
0 0 1 -26 84 00003aee 1
0 0 1 72 -55 00003266 1
0 0 1 37 30 000022ee 1
0 0 1 -83 -125 00002744 1
0 0 1 -27 0 00004fcb 1
0 0 1 -5 -104 00004fcb 1
0 0 1 78 96 000051d3 1
0 0 1 -114 -108 00006f13 1
0 0 1 30 -87 00009f2b 1
0 0 1 -36 -61 000094f9 1
0 0 1 109 89 00009d8d 1
0 0 1 72 -52 0000c372 1
0 0 1 -29 0 0000b4d2 1
0 0 1 94 -16 0000b4d2 1
0 0 1 83 -35 0000aef2 1
0 0 1 71 32 0000a399 1
0 0 1 -20 122 0000ac79 1
0 0 1 0 57 0000a2f1 1
0 0 1 -43 111 0000a2f1 1
0 0 1 -128 -84 0000904c 1
0 0 1 0 121 0000ba4c 1
0 0 1 0 30 0000ba4c 1
0 0 1 -56 104 0000ba4c 1
0 0 1 -40 -59 0000a38c 1
0 0 1 0 4 0000acc4 1
0 0 1 97 -34 0000acc4 1
0 0 1 0 16 00009fe2 1
0 0 1 -127 -67 00009fe2 1
0 0 1 5 4 0000c11f 1
0 0 1 -62 109 0000c133 1
0 0 1 -47 -5 0000a6cd 1
0 0 1 124 -69 0000a7b8 1
0 0 1 -119 0 0000864c 1
0 0 1 0 84 0000864c 1
0 0 1 55 -101 0000864c 1
0 0 1 -71 -3 00007099 1
0 0 1 0 100 0000716e 1
0 0 1 -115 -93 0000716e 1
0 0 1 -119 13 00009b35 1
0 0 1 0 -34 0000952a 1
0 0 1 6 0 0000952a 1
0 0 1 -22 28 0000952a 1
0 0 1 -111 -113 000092c2 1
0 0 1 21 97 0000c3c1 1
0 0 1 7 124 0000cbb6 1
0 0 1 30 -1 0000cf1a 1
0 0 1 -12 -59 0000cefc 1
0 0 1 -10 -73 0000d1c0 1
0 0 1 34 -4 0000d49a 1
0 0 1 -39 -13 0000d412 1
0 0 1 7 57 0000d60d 1
0 0 1 -4 64 0000d79c 1
0 0 1 -109 77 0000d69c 1
0 0 1 10 3 0000b5d3 1
0 0 1 -71 0 0000b5f1 1
0 0 1 -86 5 0000b5f1 1
0 0 1 -82 29 0000b443 1
0 0 1 -16 -59 0000aaf9 1
0 0 1 -77 52 0000aea9 1
0 0 1 -7 -98 00009f05 1
0 0 1 70 -113 0000a1b3 1
0 0 1 -2 -16 000082cd 1
0 0 1 -21 68 000082ed 1
0 0 1 103 113 00007d59 1
0 0 1 100 -58 0000aad0 1
0 0 1 -83 0 00009428 1
0 0 1 17 60 00009428 1
0 0 1 -2 -9 00009824 1
0 0 1 -106 -8 00009836 1
0 0 1 12 -76 00009b86 1
0 0 1 -83 38 000097f6 1
0 0 1 0 1 00008ba4 1
0 0 1 -127 117 00008ba4 1
0 0 1 18 -42 00005199 1
0 0 1 -50 10 00004ea5 1
0 0 1 83 42 00004cb1 1
0 0 1 95 -99 00005a4f 1
0 0 1 0 -115 00003592 1
0 0 1 127 13 00003592 1
0 0 1 -15 -20 00003c05 1
0 0 1 36 -115 00003d31 1
0 0 1 21 89 00002d05 1
0 0 1 56 -64 00003452 1
0 0 1 0 56 00002652 1
0 0 1 0 34 00002652 1
0 0 1 -55 -4 00002652 1
0 0 1 0 -112 0000272e 1
0 0 1 50 30 0000272e 1
0 0 1 39 -114 00002d0a 1
0 0 1 -126 0 00001bac 1
0 0 1 -22 0 00001bac 1
0 0 1 -113 125 00001bac 1
0 0 1 0 69 ffffe47f 1
0 0 1 -40 0 ffffe47f 1
0 0 1 6 0 ffffe47f 1
0 0 1 3 53 ffffe47f 1
0 0 1 67 96 ffffe51e 1
0 0 1 -93 67 fffffe3e 1
0 0 1 69 0 ffffe5e7 1
0 0 1 54 108 ffffe5e7 1
0 0 1 -81 -93 fffffcaf 1
0 0 1 111 33 00001a1c 1
0 0 1 20 0 0000286b 1
0 0 1 93 -104 0000286b 1
0 0 1 -9 80 000002a3 1
0 0 1 31 -96 ffffffd3 1
0 0 1 98 0 fffff433 1
0 0 1 -98 46 fffff433 1
0 0 1 -124 97 ffffe297 1
0 0 1 -16 0 ffffb39b 1
0 0 1 -112 13 ffffb39b 1
0 0 1 -30 -117 ffffadeb 1
0 0 1 115 -76 ffffbba1 1
0 0 1 -104 -52 ffff997d 1
0 0 1 -84 106 ffffae9d 1
0 0 1 -113 -85 ffff8bd5 1
0 0 1 0 75 ffffb15a 1
0 0 1 50 0 ffffb15a 1
0 0 1 0 -80 ffffb15a 1
0 0 1 0 27 ffffb15a 1
0 0 1 -50 1 ffffb15a 1
0 0 1 0 -26 ffffb128 1
0 0 1 119 0 ffffb128 1
0 0 1 0 11 ffffb128 1
0 0 1 0 -42 ffffb128 1
0 0 1 -78 14 ffffb128 1
0 0 1 -107 -112 fffface4 1
0 0 1 -81 0 ffffdbb4 1
0 0 1 49 8 ffffdbb4 1
0 0 1 -50 0 ffffdd3c 1
0 0 1 26 0 ffffdd3c 1
0 0 1 36 22 ffffdd3c 1
0 0 1 -46 0 ffffe054 1
0 0 1 109 104 ffffe054 1
0 0 1 1 0 00000c9c 1
0 0 1 36 75 00000c9c 1
0 0 1 -71 -39 00001728 1
0 0 1 -67 0 000021f9 1
0 0 1 -91 0 000021f9 1
0 0 1 0 116 000021f9 1
0 0 1 -93 121 000021f9 1
0 0 1 -122 -58 fffff604 1
0 0 1 51 0 000011a8 1
0 0 1 121 82 000011a8 1
0 0 1 119 -94 0000386a 1
0 0 1 0 -22 00000cb8 1
0 0 1 45 42 00000cb8 1
0 0 1 0 76 0000141a 1
0 0 1 -65 -2 0000141a 1
0 0 1 -99 -66 0000149c 1
0 0 1 -112 79 00002e22 1
0 0 1 0 -108 00000b92 1
0 0 1 1 27 00000b92 1
0 0 1 0 -82 00000bad 1
0 0 1 121 -16 00000bad 1
0 0 1 12 -21 0000041d 1
0 0 1 -4 45 00000321 1
0 0 1 0 37 0000026d 1
0 0 1 -55 0 0000026d 1
0 0 1 -63 -67 0000026d 1
0 0 1 -5 -107 000012ea 1
0 0 1 -109 15 00001501 1
0 0 1 -20 -109 00000e9e 1
0 0 1 0 -106 00001722 1
0 0 1 -14 -43 00001722 1
0 0 1 0 118 0000197c 1
0 0 1 -98 -39 0000197c 1
0 0 1 9 72 0000286a 1
0 0 1 -127 0 00002af2 1
0 0 1 -8 0 00002af2 1
0 0 1 0 -41 00002af2 1
0 0 1 -97 49 00002af2 1
0 0 1 65 33 00001861 1
0 0 1 -76 -43 000020c2 1
0 0 1 37 76 00002d86 1
0 0 1 -91 85 00003882 1
0 0 1 91 115 00001a4b 1
0 0 1 70 -94 0000432c 1
0 0 1 13 13 00002978 1
0 0 1 81 0 00002a21 1
0 0 1 -70 48 00002a21 1
0 0 1 67 -89 00001d01 1
0 0 1 0 116 000005b6 1
0 0 1 93 -107 000005b6 1
0 0 1 -51 0 ffffded7 1
0 0 1 -14 63 ffffded7 1
0 0 1 73 -10 ffffdb65 1
0 0 1 89 83 ffffd88b 1
0 0 1 -99 -55 fffff566 1
0 0 1 97 -16 00000aab 1
0 0 1 70 -15 0000049b 1
0 0 1 -102 -24 00000081 1
0 0 1 -72 4 00000a11 1
0 0 1 -111 87 000008f1 1
0 0 1 36 93 ffffe338 1
0 0 1 54 0 fffff04c 1
0 0 1 111 59 fffff04c 1
0 0 1 -125 35 000009e1 1
0 0 1 -70 0 fffff8ca 1
0 0 1 0 -9 fffff8ca 1
0 0 1 -76 116 fffff8ca 1
0 0 1 1 0 ffffd65a 1
0 0 1 0 87 ffffd65a 1
0 0 1 -120 -18 ffffd65a 1
0 0 1 -75 -112 ffffdeca 1
0 0 1 -36 0 ffffff9a 1
0 0 1 -22 62 ffffff9a 1
0 0 1 0 23 fffffa46 1
0 0 1 0 -104 fffffa46 1
0 0 1 7 0 fffffa46 1
0 0 1 -51 31 fffffa46 1
0 0 1 0 -82 fffff419 1
0 0 1 0 84 fffff419 1
0 0 1 -84 -14 fffff419 1
0 0 1 -14 29 fffff8b1 1
0 0 1 0 84 fffff71b 1
0 0 1 83 100 fffff71b 1
0 0 1 75 82 00001787 1
0 0 1 -121 0 00002f8d 1
0 0 1 0 -9 00002f8d 1
0 0 1 -24 -90 00002f8d 1
0 0 1 64 -25 000037fd 1
0 0 1 0 13 000031bd 1
0 0 1 -36 69 000031bd 1
0 0 1 -33 62 00002809 1
0 0 1 81 -24 0000200b 1
0 0 1 -58 120 00001873 1
0 0 1 25 119 fffffd43 1
0 0 1 -82 -101 000008e2 1
0 0 1 122 -52 0000293c 1
0 0 1 -28 -53 00001074 1
0 0 1 124 -105 00001640 1
0 0 1 0 -61 ffffe364 1
0 0 1 120 0 ffffe364 1
0 0 1 -76 -12 ffffe364 1
0 0 1 47 97 ffffe6f4 1
0 0 1 -109 122 fffff8c3 1
0 0 1 102 5 ffffc4d1 1
0 0 1 0 -34 ffffc6cf 1
0 0 1 -119 51 ffffc6cf 1
0 0 1 68 -97 ffffaf1a 1
0 0 1 5 113 ffff9556 1
0 0 1 12 0 ffff978b 1
0 0 1 88 10 ffff978b 1
0 0 1 88 119 ffff9afb 1
0 0 1 90 -119 ffffc3e3 1
0 0 1 0 -39 ffff9a0d 1
0 0 1 -81 -89 ffff9a0d 1
0 0 1 70 -94 ffffb636 1
0 0 1 56 -41 ffff9c82 1
0 0 1 103 0 ffff938a 1
0 0 1 -12 44 ffff938a 1
0 0 1 32 67 ffff917a 1
0 0 1 34 21 ffff99da 1
0 0 1 -12 -63 ffff9ca4 1
0 0 1 77 55 ffff9f98 1
0 0 1 49 59 ffffb023 1
0 0 1 52 -35 ffffbb6e 1
0 0 1 0 -32 ffffb452 1
0 0 1 0 65 ffffb452 1
0 0 1 75 -88 ffffb452 1
0 0 1 0 -31 ffff9a8a 1
0 0 1 -14 -100 ffff9a8a 1
0 0 1 92 -92 ffffa002 1
0 0 1 45 0 ffff7ef2 1
0 0 1 64 68 ffff7ef2 1
0 0 1 40 0 ffff8ff2 1
0 0 1 -84 59 ffff8ff2 1
0 0 1 44 -21 ffff7c96 1
0 0 1 0 118 ffff78fa 1
0 0 1 0 -57 ffff78fa 1
0 0 1 -89 -20 ffff78fa 1
0 0 1 91 51 ffff7fee 1
0 0 1 -79 -14 ffff920f 1
0 0 1 120 -111 ffff9661 1
0 0 1 -21 42 ffff6259 1
0 0 1 0 -57 ffff5ee7 1
0 0 1 -101 -43 ffff5ee7 1
0 0 1 -127 96 ffff6fde 1
0 0 1 31 109 ffff403e 1
0 0 1 0 34 ffff4d71 1
0 0 1 -23 -90 ffff4d71 1
0 0 1 -93 -119 ffff5587 1
0 0 1 -12 33 ffff80c2 1
0 0 1 102 91 ffff7f36 1
0 0 1 102 0 ffffa378 1
0 0 1 -96 -102 ffffa378 1
0 0 1 -56 119 ffffc9b8 1
0 0 1 -95 -79 ffffafb0 1
0 0 1 0 -117 ffffcd01 1
0 0 1 -25 -29 ffffcd01 1
0 0 1 -41 62 ffffcfd6 1
0 0 1 8 -117 ffffc5e8 1
0 0 1 -93 -108 ffffc240 1
0 0 1 118 0 ffffe97c 1
0 0 1 -1 0 ffffe97c 1
0 0 1 -28 86 ffffe97c 1
0 0 1 -64 -21 ffffe014 1
0 0 1 -86 0 ffffe554 1
0 0 1 53 0 ffffe554 1
0 0 1 -64 0 ffffe554 1
0 0 1 0 18 ffffe554 1
0 0 1 0 -126 ffffe554 1
0 0 1 76 91 ffffe554 1
0 0 1 -7 123 00000058 1
0 0 1 -30 -35 fffffcfb 1
0 0 1 25 48 00000115 1
0 0 1 -29 -103 000005c5 1
0 0 1 -13 -125 00001170 1
0 0 1 124 -24 000017c9 1
0 0 1 -119 0 00000c29 1
0 0 1 0 -37 00000c29 1
0 0 1 -90 -25 00000c29 1
0 0 1 0 86 000014f3 1
0 0 1 73 -85 000014f3 1
0 0 1 -69 -21 fffffcb6 1
0 0 1 -11 -41 0000025f 1
0 0 1 -85 -99 00000422 1
0 0 1 89 0 00002501 1
0 0 1 83 32 00002501 1
0 0 1 28 0 00002f61 1
0 0 1 -94 0 00002f61 1
0 0 1 -101 80 00002f61 1
0 0 1 0 4 00000fd1 1
0 0 1 75 0 00000fd1 1
0 0 1 -71 124 00000fd1 1
0 0 1 66 0 ffffed6d 1
0 0 1 -48 -43 ffffed6d 1
0 0 1 -110 -14 fffff57d 1
0 0 1 -80 64 fffffb81 1
0 0 1 94 0 ffffe781 1
0 0 1 -68 -49 ffffe781 1
0 0 1 -34 121 fffff485 1
0 0 1 8 -17 ffffe473 1
0 0 1 -106 123 ffffe3eb 1
0 0 1 0 -23 ffffb0fd 1
0 0 1 -31 -90 ffffb0fd 1
0 0 1 -59 -90 ffffbbe3 1
0 0 1 0 40 ffffd0a1 1
0 0 1 -6 0 ffffd0a1 1
0 0 1 5 -62 ffffd0a1 1
0 0 1 0 -2 ffffcf6b 1
0 0 1 66 -18 ffffcf6b 1
0 0 1 -83 -10 ffffcac7 1
0 0 1 60 0 ffffce05 1
0 0 1 -94 19 ffffce05 1
0 0 1 -88 8 ffffc70b 1
0 0 1 3 65 ffffc44b 1
0 0 1 0 39 ffffc50e 1
0 0 1 -119 -123 ffffc50e 1
0 0 1 -27 92 fffffe3b 1
0 0 1 -122 -14 fffff487 1
0 0 1 -84 -111 fffffb33 1
0 0 1 -29 102 00001f9f 1
0 0 1 100 120 00001411 1
0 0 1 -22 0 000042f1 1
0 0 1 57 -55 000042f1 1
0 0 1 105 -88 000036b2 1
0 0 1 -80 -15 0000129a 1
0 0 1 -98 -47 0000174a 1
0 0 1 122 0 00002948 1
0 0 1 51 0 00002948 1
0 0 1 -102 -125 00002948 1
0 0 1 0 36 00005b16 1
0 0 1 51 115 00005b16 1
0 0 1 -72 -114 000071ff 1
0 0 1 25 0 0000920f 1
0 0 1 0 76 0000920f 1
0 0 1 -91 0 0000920f 1
0 0 1 -49 7 0000920f 1
0 0 1 -49 95 000090b8 1
0 0 1 -82 0 00007e89 1
0 0 1 34 81 00007e89 1
0 0 1 41 0 0000894b 1
0 0 1 -11 12 0000894b 1
0 0 1 -77 46 000088c7 1
0 0 1 46 123 00007af1 1
0 0 1 109 -37 0000910b 1
0 0 1 54 30 0000814a 1
0 0 1 35 -113 0000879e 1
0 0 1 52 -88 0000782b 1
0 0 1 127 0 0000664b 1
0 0 1 41 -5 0000664b 1
0 0 1 -38 0 0000657e 1
0 0 1 91 55 0000657e 1
0 0 1 -35 114 0000790b 1
0 0 1 10 -27 00006975 1
0 0 1 47 3 00006867 1
0 0 1 -65 -124 000068f4 1
0 0 1 63 -72 00008870 1
0 0 1 -120 8 000076b8 1
0 0 1 93 43 000072f8 1
0 0 1 110 -13 00008297 1
0 0 1 -120 0 00007d01 1
0 0 1 -40 46 00007d01 1
0 0 1 19 0 000075d1 1
0 0 1 -38 0 000075d1 1
0 0 1 3 65 000075d1 1
0 0 1 78 -66 00007694 1
0 0 1 -97 0 00006278 1
0 0 1 -71 0 00006278 1
0 0 1 -14 122 00006278 1
0 0 1 79 25 00005bcc 1
0 0 1 -108 48 00006383 1
0 0 1 0 -31 00004f43 1
0 0 1 -89 -64 00004f43 1
0 0 1 -96 16 00006583 1
0 0 1 -37 -73 00005f83 1
0 0 1 -2 0 00006a10 1
0 0 1 -122 66 00006a10 1
0 0 1 -112 -70 00004a9c 1
0 0 1 -45 8 0000693c 1
0 0 1 -71 -17 000067d4 1
0 0 1 -95 0 00006c8b 1
0 0 1 -79 99 00006c8b 1
0 0 1 67 -103 00004dfe 1
0 0 1 0 56 00003309 1
0 0 1 0 9 00003309 1
0 0 1 33 56 00003309 1
0 0 1 56 2 00003a41 1
0 0 1 86 86 00003ab1 1
0 0 1 115 47 00005795 1
0 0 1 14 123 00006cb2 1
0 0 1 44 24 0000736c 1
0 0 1 -32 3 0000778c 1
0 0 1 13 -12 0000772c 1
0 0 1 -28 11 00007690 1
0 0 1 58 76 0000755c 1
0 0 1 44 48 00008694 1
0 0 1 54 -93 00008ed4 1
0 0 1 52 107 00007b36 1
0 0 1 0 -110 000090f2 1
0 0 1 -3 125 000090f2 1
0 0 1 60 -117 00008f7b 1
0 0 1 -124 -116 0000740f 1
0 0 1 -100 113 0000ac3f 1
0 0 1 0 -113 0000801b 1
0 0 1 0 10 0000801b 1
0 0 1 78 -110 0000801b 1
0 0 1 85 -56 00005e97 1
0 0 1 61 -22 00004bff 1
0 0 1 -25 -20 000046c1 1
0 0 1 0 123 000048b5 1
0 0 1 -86 68 000048b5 1
0 0 1 -115 -60 000031dd 1
0 0 1 -21 0 00004cd1 1
0 0 1 -47 97 00004cd1 1
0 0 1 -84 -95 00003b02 1
0 0 1 -57 -93 00005a2e 1
0 0 1 0 -125 00006ee3 1
0 0 1 66 88 00006ee3 1
0 0 1 79 17 00008593 1
0 0 1 92 86 00008ad2 1
0 0 1 99 -49 0000a9ba 1
0 0 1 74 49 000096c7 1
0 0 1 96 -67 0000a4f1 1
0 0 1 -79 105 00008bd1 1
0 0 1 112 57 00006b6a 1
0 0 1 -35 9 0000845a 1
0 0 1 -80 41 0000831f 1
0 0 1 118 -55 0000764f 1
0 0 1 -105 127 00005cf5 1
0 0 1 -67 52 000028de 1
0 0 1 -9 -116 00001b42 1
0 0 1 12 -117 00001f56 1
0 0 1 7 50 000019da 1
0 0 1 80 -11 00001b38 1
0 0 1 76 108 000017c8 1
0 0 1 62 20 000037d8 1
0 0 1 -127 0 00003cb0 1
0 0 1 -73 -84 00003cb0 1
0 0 1 -110 108 000054a4 1
0 0 1 -73 -91 0000263c 1
0 0 1 29 -20 0000402f 1
0 0 1 65 51 00003deb 1
0 0 1 0 -57 00004ade 1
0 0 1 -4 109 00004ade 1
0 0 1 52 -113 0000492a 1
0 0 1 48 126 00003236 1
0 0 1 9 0 000049d6 1
0 0 1 14 54 000049d6 1
0 0 1 0 -61 00004cca 1
0 0 1 -16 43 00004cca 1
0 0 1 78 -43 00004a1a 1
0 0 1 -24 0 00003d00 1
0 0 1 0 1 00003d00 1
0 0 1 -72 0 00003d00 1
0 0 1 43 44 00003d00 1
0 0 1 -51 -105 00004464 1
0 0 1 18 -32 0000594f 1
0 0 1 3 -54 0000570f 1
0 0 1 83 24 0000566d 1
0 0 1 -65 -34 00005e35 1
0 0 1 0 -24 000066d7 1
0 0 1 -25 49 000066d7 1
0 0 1 42 0 0000620e 1
0 0 1 -38 -58 0000620e 1
0 0 1 -16 -38 00006aaa 1
0 0 1 57 -127 00006d0a 1
0 0 1 36 -69 000050c3 1
0 0 1 -25 -120 0000470f 1
0 0 1 106 118 000052c7 1
0 0 1 36 16 000083a3 1
0 0 1 99 -5 000085e3 1
0 0 1 0 110 000083f4 1
0 0 1 19 0 000083f4 1
0 0 1 80 -36 000083f4 1
0 0 1 -2 -64 000078b4 1
0 0 1 0 100 00007934 1
0 0 1 15 93 00007934 1
0 0 1 -22 44 00007ea7 1
0 0 1 -117 99 00007adf 1
0 0 1 -65 14 00004da0 1
0 0 1 73 43 00004a12 1
0 0 1 -97 -104 00005655 1
0 0 1 -113 -127 00007dbd 1
0 0 1 -77 104 0000b5cc 1
0 0 1 -91 0 00009684 1
0 0 1 0 87 00009684 1
0 0 1 98 -70 00009684 1
0 0 1 -31 -96 00007bb8 1
0 0 1 53 85 00008758 1
0 0 1 107 14 000098f1 1
0 0 1 10 0 00009ecb 1
0 0 1 123 -126 00009ecb 1
0 0 1 0 126 00006241 1
0 0 1 6 59 00006241 1
0 0 1 73 94 000063a3 1
0 0 1 -63 24 00007e71 1
0 0 1 42 -4 00007889 1
0 0 1 8 112 000077e1 1
0 0 1 0 -44 00007b61 1
0 0 1 25 -27 00007b61 1
0 0 1 56 -41 000078be 1
0 0 1 4 42 00006fc6 1
0 0 1 15 -47 0000706e 1
0 0 1 123 0 00006dad 1
0 0 1 -96 39 00006dad 1
0 0 1 -90 0 00005f0d 1
0 0 1 0 56 00005f0d 1
0 0 1 125 -83 00005f0d 1
0 0 1 0 74 00003686 1
0 0 1 86 22 00003686 1
0 0 1 -100 46 00003dea 1
0 0 1 0 30 00002bf2 1
0 0 1 -108 0 00002bf2 1
0 0 1 101 12 00002bf2 1
0 0 1 0 93 000030ae 1
0 0 1 21 127 000030ae 1
0 0 1 73 101 00003b19 1
0 0 1 -71 36 000057e6 1
0 0 1 -67 -8 00004dea 1
0 0 1 -74 -44 00005002 1
0 0 1 0 -16 00005cba 1
0 0 1 -20 0 00005cba 1
0 0 1 -83 -76 00005cba 1
0 0 1 -88 46 0000755e 1
0 0 1 -35 0 0000658e 1
0 0 1 49 -39 0000658e 1
0 0 1 8 0 00005e17 1
0 0 1 -101 0 00005e17 1
0 0 1 106 0 00005e17 1
0 0 1 -94 19 00005e17 1
0 0 1 -74 0 0000571d 1
0 0 1 36 -39 0000571d 1
0 0 1 40 15 000051a1 1
0 0 1 64 -63 000053f9 1
0 0 1 3 104 00004439 1
0 0 1 13 126 00004571 1
0 0 1 -87 93 00004bd7 1
0 0 1 74 -27 00002c3c 1
0 0 1 -38 -45 0000246e 1
0 0 1 43 92 00002b1c 1
0 0 1 38 -126 00003a90 1
0 0 1 0 -122 000027dc 1
0 0 1 -111 103 000027dc 1
0 0 1 65 -103 fffffb33 1
0 0 1 -20 5 ffffe10c 1
0 0 1 -107 6 ffffe0a8 1
0 0 1 -45 15 ffffde26 1
0 0 1 -78 87 ffffdb83 1
0 0 1 -5 0 ffffc101 1
0 0 1 63 74 ffffc101 1
0 0 1 18 -91 ffffd337 1
0 0 1 -50 0 ffffccd1 1
0 0 1 -10 -128 ffffccd1 1
0 0 1 -5 75 ffffd1d1 1
0 0 1 -68 -5 ffffd05a 1
0 0 1 61 111 ffffd1ae 1
0 0 1 -54 -100 ffffec21 1
0 0 1 54 12 00000139 1
0 0 1 60 -72 000003c1 1
0 0 1 -64 42 fffff2e1 1
0 0 1 92 23 ffffe861 1
0 0 1 0 -63 fffff0a5 1
0 0 1 106 92 fffff0a5 1
0 0 1 -78 0 000016bd 1
0 0 1 0 50 000016bd 1
0 0 1 0 32 000016bd 1
0 0 1 -93 48 000016bd 1
0 0 1 29 27 0000054d 1
0 0 1 -25 63 0000085c 1
0 0 1 -56 -33 00000235 1
0 0 1 -38 -6 0000096d 1
0 0 1 35 -88 00000a51 1
0 0 1 0 66 fffffe49 1
0 0 1 94 66 fffffe49 1
0 0 1 0 96 00001685 1
0 0 1 -23 -6 00001685 1
0 0 1 -118 -81 0000170f 1
0 0 1 53 29 00003c65 1
0 0 1 -45 -105 00004266 1
0 0 1 -72 4 000054db 1
0 0 1 -119 -98 000053bb 1
0 0 1 -31 -70 00008149 1
0 0 1 121 -50 000089c3 1
0 0 1 74 102 00007221 1
0 0 1 -120 20 00008f9d 1
0 0 1 24 -56 0000863d 1
0 0 1 32 77 000080fd 1
0 0 1 -32 -101 00008a9d 1
0 0 1 -68 -46 0000973d 1
0 0 1 -69 -128 0000a375 1
0 0 1 42 0 0000c5f5 1
0 0 1 -111 0 0000c5f5 1
0 0 1 106 -104 0000c5f5 1
0 0 1 -42 0 00009ae5 1
0 0 1 -12 107 00009ae5 1
0 0 1 -115 0 000095e1 1
0 0 1 97 92 000095e1 1
0 0 1 -2 -111 0000b8bd 1
0 0 1 30 -34 0000b99b 1
0 0 1 -100 0 0000b59f 1
0 0 1 0 19 0000b59f 1
0 0 1 -52 -71 0000b59f 1
0 0 1 72 0 0000c40b 1
0 0 1 122 121 0000c40b 1
0 0 1 0 5 0000fdb5 1
0 0 1 0 111 0000fdb5 1
0 0 1 95 37 0000fdb5 1
0 0 1 48 8 00010b70 1
0 0 1 69 0 00010cf0 1
0 0 1 -5 91 00010cf0 1
0 0 1 0 -22 00010b29 1
0 0 1 -60 -70 00010b29 1
0 0 1 -45 -67 00011b91 1
0 0 1 0 -20 00012758 1
0 0 1 -40 33 00012758 1
0 0 1 0 -104 00012230 1
0 0 1 -82 33 00012230 1
0 0 1 65 -94 0001179e 1
0 0 1 0 -96 0000ffc0 1
0 0 1 -126 60 0000ffc0 1
0 0 1 127 0 0000e238 1
0 0 1 -35 101 0000e238 1
0 0 1 116 16 0000d469 1
0 0 1 -125 -38 0000dba9 1
0 0 1 -65 -55 0000ee37 1
0 0 1 -3 -44 0000fc2e 1
0 0 1 51 31 0000fcb2 1
0 0 1 87 111 000102df 1
0 0 1 95 -82 00012898 1
0 0 1 -47 114 00010a2a 1
0 0 1 0 91 0000f53c 1
0 0 1 -113 109 0000f53c 1
0 0 1 -10 -114 0000c51f 1
0 0 1 -51 -84 0000c993 1
0 0 1 54 -97 0000da4f 1
0 0 1 -23 -72 0000c5d9 1
0 0 1 0 77 0000cc51 1
0 0 1 104 33 0000cc51 1
0 0 1 77 103 0000d9b9 1
0 0 1 -63 -43 0000f8b4 1
0 0 1 36 124 00010349 1
0 0 1 -71 19 000114b9 1
0 0 1 73 -69 00010f74 1
0 0 1 -100 71 0000fbc7 1
0 0 1 -121 57 0000e00b 1
0 0 1 8 -25 0000c51a 1
0 0 1 82 56 0000c452 1
0 0 1 51 -120 0000d642 1
0 0 1 -117 78 0000be5a 1
0 0 1 109 -73 00009ab4 1
0 0 1 0 -99 00007b9f 1
0 0 1 -82 0 00007b9f 1
0 0 1 -57 112 00007b9f 1
0 0 1 34 -90 000062af 1
0 0 1 -92 -36 000056bb 1
0 0 1 -90 -69 000063ab 1
0 0 1 57 0 00007bed 1
0 0 1 -26 -107 00007bed 1
0 0 1 0 36 000086cb 1
0 0 1 -83 109 000086cb 1
0 0 1 0 90 00006374 1
0 0 1 -115 0 00006374 1
0 0 1 0 54 00006374 1
0 0 1 -78 117 00006374 1
0 0 1 -74 -14 00003fce 1
0 0 1 0 92 000043da 1
0 0 1 0 -18 000043da 1
0 0 1 -7 -113 000043da 1
0 0 1 82 -70 000046f1 1
0 0 1 -86 21 00003085 1
0 0 1 0 -47 00002977 1
0 0 1 0 29 00002977 1
0 0 1 -110 0 00002977 1
0 0 1 -102 -14 00002977 1
0 0 1 -38 -114 00002f0b 1
0 0 1 75 -59 00003ff7 1
0 0 1 5 0 00002eae 1
0 0 1 41 91 00002eae 1
0 0 1 29 0 00003d41 1
0 0 1 0 116 00003d41 1
0 0 1 0 -93 00003d41 1
0 0 1 122 11 00003d41 1
0 0 1 -9 0 0000427f 1
0 0 1 0 -68 0000427f 1
0 0 1 -36 102 0000427f 1
0 0 1 -113 -122 00003427 1
0 0 1 0 34 00006a01 1
0 0 1 -79 -87 00006a01 1
0 0 1 -82 112 000084da 1
0 0 1 43 -98 000060fa 1
0 0 1 0 -34 00005084 1
0 0 1 116 -43 00005084 1
0 0 1 77 -2 00003d08 1
0 0 1 -21 -78 00003c6e 1
0 0 1 -10 83 000042d4 1
0 0 1 9 -104 00003f96 1
0 0 1 92 -24 00003bee 1
0 0 1 2 -30 0000334e 1
0 0 1 -20 -100 00003312 1
0 0 1 -79 -31 00003ae2 1
0 0 1 127 57 00004473 1
0 0 1 -27 73 000060ba 1
0 0 1 35 -43 00005907 1
0 0 1 -15 93 00005326 1
0 0 1 0 99 00004db3 1
0 0 1 64 -91 00004db3 1
0 0 1 -42 -67 000036f3 1
0 0 1 -106 65 000041f1 1
0 0 1 43 -58 00002707 1
0 0 1 -28 23 00001d49 1
0 0 1 70 -61 00001ac5 1
0 0 1 43 76 00000a17 1
0 0 1 -86 58 000016db 1
0 0 1 0 110 0000035f 1
0 0 1 113 99 0000035f 1
0 0 1 114 10 00002f12 1
0 0 1 -128 -48 00003386 1
0 0 1 0 113 00004b86 1
0 0 1 -18 -6 00004b86 1
0 0 1 0 76 00004bf2 1
0 0 1 0 -33 00004bf2 1
0 0 1 90 15 00004bf2 1
0 0 1 0 -109 00005138 1
0 0 1 87 82 00005138 1
0 0 1 66 0 00006d16 1
0 0 1 121 -117 00006d16 1
0 0 1 0 79 000035c9 1
0 0 1 97 -15 000035c9 1
0 0 1 0 -110 0000301a 1
0 0 1 122 124 0000301a 1
0 0 1 48 125 00006b32 1
0 0 1 0 -81 000082a2 1
0 0 1 43 0 000082a2 1
0 0 1 0 66 000082a2 1
0 0 1 0 -29 000082a2 1
0 0 1 -79 -93 000082a2 1
0 0 1 7 -82 00009f55 1
0 0 1 105 -80 00009d17 1
0 0 1 0 112 00007c47 1
0 0 1 83 59 00007c47 1
0 0 1 -125 -23 00008f68 1
0 0 1 105 -96 00009aa3 1
0 0 1 30 77 00007343 1
0 0 1 0 -35 00007c49 1
0 0 1 -119 50 00007c49 1
0 0 1 103 47 0000650b 1
0 0 1 97 23 000077f4 1
0 0 1 -124 29 000080ab 1
0 0 1 0 32 0000729f 1
0 0 1 -102 29 0000729f 1
0 0 1 1 25 00006711 1
0 0 1 11 -113 0000672a 1
0 0 1 -52 108 0000624f 1
0 0 1 -50 -90 00004c5f 1
0 0 1 -100 95 00005df3 1
0 0 1 80 -11 000038d7 1
0 0 1 -41 -76 00003567 1
0 0 1 -44 72 00004193 1
0 0 1 -60 -46 00003533 1
0 0 1 0 56 00003ffb 1
0 0 1 50 -115 00003ffb 1
0 0 1 -55 0 00002985 1
0 0 1 -13 -33 00002985 1
0 0 1 -5 -1 00002b32 1
0 0 1 0 -90 00002b37 1
0 0 1 0 122 00002b37 1
0 0 1 60 94 00002b37 1
0 0 1 -101 55 0000413f 1
0 0 1 -1 -108 00002b8c 1
0 0 1 0 -53 00002bf8 1
0 0 1 -31 81 00002bf8 1
0 0 1 -29 0 00002229 1
0 0 1 0 -64 00002229 1
0 0 1 95 -60 00002229 1
0 0 1 7 17 00000be5 1
0 0 1 45 -63 00000c5c 1
0 0 1 -5 118 00000149 1
0 0 1 0 -61 fffffefb 1
0 0 1 -66 -116 fffffefb 1
0 0 1 67 0 00001ce3 1
0 0 1 -77 76 00001ce3 1
0 0 1 -77 -74 00000607 1
0 0 1 -35 -79 00001c49 1
0 0 1 -51 0 00002716 1
0 0 1 -51 -74 00002716 1
0 0 1 97 108 000035d4 1
0 0 1 53 0 00005ec0 1
0 0 1 -83 73 00005ec0 1
0 0 1 -107 -97 00004715 1
0 0 1 58 115 00006fa0 1
0 0 1 -8 70 000089ae 1
0 0 1 0 -50 0000877e 1
0 0 1 36 98 0000877e 1
0 0 1 -96 20 00009546 1
0 0 1 -124 115 00008dc6 1
0 0 1 -39 120 00005612 1
0 0 1 115 62 000043ca 1
0 0 1 37 -59 00005fa4 1
0 0 1 -36 109 0000571d 1
0 0 1 -112 68 000047c9 1
0 0 1 11 121 00002a09 1
0 0 1 0 49 00002f3c 1
0 0 1 0 52 00002f3c 1
0 0 1 0 21 00002f3c 1
0 0 1 63 55 00002f3c 1
0 0 1 -80 84 00003cc5 1
0 0 1 0 26 00002285 1
0 0 1 -106 115 00002285 1
0 0 1 0 3 fffff2e7 1
0 0 1 39 -88 fffff2e7 1
0 0 1 -116 0 ffffe57f 1
0 0 1 -55 -94 ffffe57f 1
0 0 1 72 23 fffff9b1 1
0 0 1 -88 0 00000029 1
0 0 1 3 5 00000029 1
0 0 1 64 -76 00000038 1
0 0 1 0 -106 ffffed38 1
0 0 1 78 73 ffffed38 1
0 0 1 63 57 00000376 1
0 0 1 85 -31 0000117d 1
0 0 1 -7 0 00000732 1
0 0 1 -18 -9 00000732 1
0 0 1 0 -124 000007d4 1
0 0 1 99 125 000007d4 1
0 0 1 88 -114 0000382b 1
0 0 1 125 0 000010fb 1
0 0 1 117 0 000010fb 1
0 0 1 125 -46 000010fb 1
0 0 1 0 10 fffffa85 1
0 0 1 0 -55 fffffa85 1
0 0 1 0 73 fffffa85 1
0 0 1 125 -67 fffffa85 1
0 0 1 39 -11 ffffd9ce 1
0 0 1 -61 -120 ffffd821 1
0 0 1 65 36 fffff4b9 1
0 0 1 33 78 fffffddd 1
0 0 1 47 0 000007eb 1
0 0 1 85 -66 000007eb 1
0 0 1 0 10 fffff201 1
0 0 1 123 0 fffff201 1
0 0 1 -74 27 fffff201 1
0 0 1 -64 123 ffffea33 1
0 0 1 -35 0 ffffcb73 1
0 0 1 110 21 ffffcb73 1
0 0 1 127 0 ffffd479 1
0 0 1 -55 -60 ffffd479 1
0 0 1 -82 -108 ffffe15d 1
0 0 1 -79 -57 000003f5 1
0 0 1 123 -114 0000158c 1
0 0 1 56 -127 ffffdec6 1
0 0 1 -124 91 ffffc2fe 1
0 0 1 33 13 ffff96ea 1
0 0 1 -23 34 ffff9897 1
0 0 1 126 -118 ffff9589 1
0 0 1 99 5 ffff5b75 1
0 0 1 29 -45 ffff5d64 1
0 0 1 119 125 ffff584b 1
0 0 1 -42 -32 ffff9266 1
0 0 1 77 0 ffff97a6 1
0 0 1 15 -100 ffff97a6 1
0 0 1 0 42 ffff91ca 1
0 0 1 72 96 ffff91ca 1
0 0 1 -78 -46 ffffacca 1
0 0 1 12 72 ffffbace 1
0 0 1 16 29 ffffbe2e 1
0 0 1 0 24 ffffbffe 1
0 0 1 -48 0 ffffbffe 1
0 0 1 -124 0 ffffbffe 1
0 0 1 84 -29 ffffbffe 1
0 0 1 0 108 ffffb67a 1
0 0 1 54 112 ffffb67a 1
0 0 1 -102 107 ffffce1a 1
0 0 1 -126 48 ffffa378 1
0 0 1 73 -78 ffff8bd8 1
0 0 1 -3 0 ffff759a 1
0 0 1 -56 -43 ffff759a 1
0 0 1 0 -90 ffff7f02 1
0 0 1 83 0 ffff7f02 1
0 0 1 -8 0 ffff7f02 1
0 0 1 -40 9 ffff7f02 1
0 0 1 63 59 ffff7d9a 1
0 0 1 91 0 ffff8c1f 1
0 0 1 -8 42 ffff8c1f 1
0 0 1 -3 0 ffff8acf 1
0 0 1 4 37 ffff8acf 1
0 0 1 0 -85 ffff8b63 1
0 0 1 -28 -2 ffff8b63 1
0 0 1 -110 -63 ffff8b9b 1
0 0 1 35 -115 ffffa6ad 1
0 0 1 -58 -25 ffff96f4 1
0 0 1 -35 -40 ffff9c9e 1
0 0 1 -31 0 ffffa216 1
0 0 1 64 -103 ffffa216 1
0 0 1 -14 -6 ffff8856 1
0 0 1 7 29 ffff88aa 1
0 0 1 -17 75 ffff8975 1
0 0 1 0 -13 ffff847a 1
0 0 1 81 -40 ffff847a 1
0 0 1 54 31 ffff77d2 1
0 0 1 -61 107 ffff7e5c 1
0 0 1 61 -101 ffff64dd 1
0 0 1 52 105 ffff4ccc 1
0 0 1 -89 -123 ffff6220 1
0 0 1 13 64 ffff8ce3 1
0 0 1 -75 -96 ffff9023 1
0 0 1 27 0 ffffac43 1
0 0 1 -123 -33 ffffac43 1
0 0 1 -51 61 ffffbc1e 1
0 0 1 -13 -76 ffffaff7 1
0 0 1 -77 0 ffffb3d3 1
0 0 1 75 -87 ffffb3d3 1
0 0 1 67 -27 ffff9a56 1
0 0 1 99 46 ffff9345 1
0 0 1 0 52 ffffa50f 1
0 0 1 0 -64 ffffa50f 1
0 0 1 -40 76 ffffa50f 1
0 0 1 -112 -66 ffff992f 1
0 0 1 0 -96 ffffb60f 1
0 0 1 20 28 ffffb60f 1
0 0 1 95 123 ffffb83f 1
0 0 1 -89 125 ffffe5e4 1
0 0 1 0 44 ffffba6f 1
0 0 1 -53 0 ffffba6f 1
0 0 1 -45 0 ffffba6f 1
0 0 1 0 55 ffffba6f 1
0 0 1 -25 118 ffffba6f 1
0 0 1 -64 -68 ffffaee9 1
0 0 1 55 -111 ffffbfe9 1
0 0 1 -1 89 ffffa810 1
0 0 1 66 25 ffffa7b7 1
0 0 1 96 127 ffffae29 1
0 0 1 0 -43 ffffddc9 1
0 0 1 -108 68 ffffddc9 1
0 0 1 98 -17 ffffc119 1
0 0 1 -4 0 ffffba97 1
0 0 1 -45 -46 ffffba97 1
0 0 1 17 82 ffffc2ad 1
0 0 1 65 -118 ffffc81f 1
0 0 1 107 -34 ffffaa29 1
0 0 1 0 28 ffff9bf3 1
0 0 1 -44 0 ffff9bf3 1
0 0 1 -116 -35 ffff9bf3 1
0 0 1 -66 -77 ffffabcf 1
0 0 1 0 49 ffffbfa9 1
0 0 1 -114 5 ffffbfa9 1
0 0 1 0 -44 ffffbd6f 1
0 0 1 -58 77 ffffbd6f 1
0 0 1 47 0 ffffabfd 1
0 0 1 0 46 ffffabfd 1
0 0 1 -71 0 ffffabfd 1
0 0 1 56 0 ffffabfd 1
0 0 1 21 -102 ffffabfd 1
0 0 1 -47 -69 ffffa39f 1
0 0 1 28 -91 ffffb04a 1
0 0 1 -46 -111 ffffa656 1
0 0 1 -110 -91 ffffba48 1
0 0 1 62 103 ffffe162 1
0 0 1 -72 107 fffffa54 1
0 0 1 75 66 ffffdc3c 1
0 0 1 8 18 ffffef92 1
0 0 1 -6 -66 fffff022 1
0 0 1 -83 44 fffff1ae 1
0 0 1 89 -98 ffffe36a 1
0 0 1 -100 -48 ffffc158 1
0 0 1 36 27 ffffd418 1
0 0 1 81 83 ffffd7e4 1
0 0 1 -106 -15 fffff227 1
0 0 1 -26 84 fffff85d 1
0 0 1 72 -55 ffffefd5 1
0 0 1 37 30 ffffe05d 1
0 0 1 -83 -125 ffffe4b3 1
0 0 1 -27 0 00000d3a 1
0 0 1 -5 -104 00000d3a 1
0 0 1 78 96 00000f42 1
0 0 1 -114 -108 00002c82 1
0 0 1 30 -87 00005c9a 1
0 0 1 -36 -61 00005268 1
0 0 1 109 89 00005afc 1
0 0 1 72 -52 000080e1 1
0 0 1 -29 0 00007241 1
0 0 1 94 -16 00007241 1
0 0 1 83 -35 00006c61 1
0 0 1 71 32 00006108 1
0 0 1 -20 122 000069e8 1
0 0 1 0 57 00006060 1
0 0 1 -43 111 00006060 1
0 0 1 -128 -84 00004dbb 1
0 0 1 0 121 000077bb 1
0 0 1 0 30 000077bb 1
0 0 1 -56 104 000077bb 1
0 0 1 -40 -59 000060fb 1
0 0 1 0 4 00006a33 1
0 0 1 97 -34 00006a33 1
0 0 1 0 16 00005d51 1
0 0 1 -127 -67 00005d51 1
0 0 1 5 4 00007e8e 1
0 0 1 -62 109 00007ea2 1
0 0 1 -47 -5 0000643c 1
0 0 1 124 -69 00006527 1
0 0 1 -119 0 000043bb 1
0 0 1 0 84 000043bb 1
0 0 1 55 -101 000043bb 1
0 0 1 -71 -3 00002e08 1
0 0 1 0 100 00002edd 1
0 0 1 -115 -93 00002edd 1
0 0 1 -119 13 000058a4 1
0 0 1 0 -34 00005299 1
0 0 1 6 0 00005299 1
0 0 1 -22 28 00005299 1
0 0 1 -111 -113 00005031 1
0 0 1 21 97 00008130 1
0 0 1 7 124 00008925 1
0 0 1 30 -1 00008c89 1
0 0 1 -12 -59 00008c6b 1
0 0 1 -10 -73 00008f2f 1
0 0 1 34 -4 00009209 1
0 0 1 -39 -13 00009181 1
0 0 1 7 57 0000937c 1
0 0 1 -4 64 0000950b 1
0 0 1 -109 77 0000940b 1
0 0 1 10 3 00007342 1
0 0 1 -71 0 00007360 1
0 0 1 -86 5 00007360 1
0 0 1 -82 29 000071b2 1
0 0 1 -16 -59 00006868 1
0 0 1 -77 52 00006c18 1
0 0 1 -7 -98 00005c74 1
0 0 1 70 -113 00005f22 1
0 0 1 -2 -16 0000403c 1
0 0 1 -21 68 0000405c 1
0 0 1 103 113 00003ac8 1
0 0 1 100 -58 0000683f 1
0 0 1 -83 0 00005197 1
0 0 1 17 60 00005197 1
0 0 1 -2 -9 00005593 1
0 0 1 -106 -8 000055a5 1
0 0 1 12 -76 000058f5 1
0 0 1 -83 38 00005565 1
0 0 1 0 1 00004913 1
0 0 1 -127 117 00004913 1
0 0 1 18 -42 00000f08 1
0 0 1 -50 10 00000c14 1
0 0 1 83 42 00000a20 1
0 0 1 95 -99 000017be 1
0 0 1 0 -115 fffff301 1
0 0 1 127 13 fffff301 1
0 0 1 -15 -20 fffff974 1
0 0 1 36 -115 fffffaa0 1
0 0 1 21 89 ffffea74 1
0 0 1 56 -64 fffff1c1 1
0 0 1 0 56 ffffe3c1 1
0 0 1 0 34 ffffe3c1 1
0 0 1 -55 -4 ffffe3c1 1
0 0 1 0 -112 ffffe49d 1
0 0 1 50 30 ffffe49d 1
0 0 1 39 -114 ffffea79 1
0 0 1 -126 0 ffffd91b 1
0 0 1 -22 0 ffffd91b 1
0 0 1 -113 125 ffffd91b 1
0 0 1 0 69 ffffa1ee 1
0 0 1 -40 0 ffffa1ee 1
0 0 1 6 0 ffffa1ee 1
0 0 1 3 53 ffffa1ee 1
0 0 1 67 96 ffffa28d 1
0 0 1 -93 67 ffffbbad 1
0 0 1 69 0 ffffa356 1
0 0 1 54 108 ffffa356 1
0 0 1 -81 -93 ffffba1e 1
0 0 1 111 33 ffffd78b 1
0 0 1 20 0 ffffe5da 1
0 0 1 93 -104 ffffe5da 1
0 0 1 -9 80 ffffc012 1
0 0 1 31 -96 ffffbd42 1
0 0 1 98 0 ffffb1a2 1
0 0 1 -98 46 ffffb1a2 1
0 0 1 -124 97 ffffa006 1
0 0 1 -16 0 ffff710a 1
0 0 1 -112 13 ffff710a 1
0 0 1 -30 -117 ffff6b5a 1
0 0 1 115 -76 ffff7910 1
0 0 1 -104 -52 ffff56ec 1
0 0 1 -84 106 ffff6c0c 1
0 0 1 -113 -85 ffff4944 1
0 0 1 0 75 ffff6ec9 1
0 0 1 50 0 ffff6ec9 1
0 0 1 0 -80 ffff6ec9 1
0 0 1 0 27 ffff6ec9 1
0 0 1 -50 1 ffff6ec9 1
0 0 1 0 -26 ffff6e97 1
0 0 1 119 0 ffff6e97 1
0 0 1 0 11 ffff6e97 1
0 0 1 0 -42 ffff6e97 1
0 0 1 -78 14 ffff6e97 1
0 0 1 -107 -112 ffff6a53 1
0 0 1 -81 0 ffff9923 1
0 0 1 49 8 ffff9923 1
0 0 1 -50 0 ffff9aab 1
0 0 1 26 0 ffff9aab 1
0 0 1 36 22 ffff9aab 1
0 0 1 -46 0 ffff9dc3 1
0 0 1 109 104 ffff9dc3 1
0 0 1 1 0 ffffca0b 1
0 0 1 36 75 ffffca0b 1
0 0 1 -71 -39 ffffd497 1
0 0 1 -67 0 ffffdf68 1
0 0 1 -91 0 ffffdf68 1
0 0 1 0 116 ffffdf68 1
0 0 1 -93 121 ffffdf68 1
0 0 1 -122 -58 ffffb373 1
0 0 1 51 0 ffffcf17 1
0 0 1 121 82 ffffcf17 1
0 0 1 119 -94 fffff5d9 1
0 0 1 0 -22 ffffca27 1
0 0 1 45 42 ffffca27 1
0 0 1 0 76 ffffd189 1
0 0 1 -65 -2 ffffd189 1
0 0 1 -99 -66 ffffd20b 1
0 0 1 -112 79 ffffeb91 1
0 0 1 0 -108 ffffc901 1
0 0 1 1 27 ffffc901 1
0 0 1 0 -82 ffffc91c 1
0 0 1 121 -16 ffffc91c 1
0 0 1 12 -21 ffffc18c 1
0 0 1 -4 45 ffffc090 1
0 0 1 0 37 ffffbfdc 1
0 0 1 -55 0 ffffbfdc 1
0 0 1 -63 -67 ffffbfdc 1
0 0 1 -5 -107 ffffd059 1
0 0 1 -109 15 ffffd270 1
0 0 1 -20 -109 ffffcc0d 1
0 0 1 0 -106 ffffd491 1
0 0 1 -14 -43 ffffd491 1
0 0 1 0 118 ffffd6eb 1
0 0 1 -98 -39 ffffd6eb 1
0 0 1 9 72 ffffe5d9 1
0 0 1 -127 0 ffffe861 1
0 0 1 -8 0 ffffe861 1
0 0 1 0 -41 ffffe861 1
0 0 1 -97 49 ffffe861 1
0 0 1 65 33 ffffd5d0 1
0 0 1 -76 -43 ffffde31 1
0 0 1 37 76 ffffeaf5 1
0 0 1 -91 85 fffff5f1 1
0 0 1 91 115 ffffd7ba 1
0 0 1 70 -94 0000009b 1
0 0 1 13 13 ffffe6e7 1
0 0 1 81 0 ffffe790 1
0 0 1 -70 48 ffffe790 1
0 0 1 67 -89 ffffda70 1
0 0 1 0 116 ffffc325 1
0 0 1 93 -107 ffffc325 1
0 0 1 -51 0 ffff9c46 1
0 0 1 -14 63 ffff9c46 1
0 0 1 73 -10 ffff98d4 1
0 0 1 89 83 ffff95fa 1
0 0 1 -99 -55 ffffb2d5 1
0 0 1 97 -16 ffffc81a 1
0 0 1 70 -15 ffffc20a 1
0 0 1 -102 -24 ffffbdf0 1
0 0 1 -72 4 ffffc780 1
0 0 1 -111 87 ffffc660 1
0 0 1 36 93 ffffa0a7 1
0 0 1 54 0 ffffadbb 1
0 0 1 111 59 ffffadbb 1
0 0 1 -125 35 ffffc750 1
0 0 1 -70 0 ffffb639 1
0 0 1 0 -9 ffffb639 1
0 0 1 -76 116 ffffb639 1
0 0 1 1 0 ffff93c9 1
0 0 1 0 87 ffff93c9 1
0 0 1 -120 -18 ffff93c9 1
0 0 1 -75 -112 ffff9c39 1
0 0 1 -36 0 ffffbd09 1
0 0 1 -22 62 ffffbd09 1
0 0 1 0 23 ffffb7b5 1
0 0 1 0 -104 ffffb7b5 1
0 0 1 7 0 ffffb7b5 1
0 0 1 -51 31 ffffb7b5 1
0 0 1 0 -82 ffffb188 1
0 0 1 0 84 ffffb188 1
0 0 1 -84 -14 ffffb188 1
0 0 1 -14 29 ffffb620 1
0 0 1 0 84 ffffb48a 1
0 0 1 83 100 ffffb48a 1
0 0 1 75 82 ffffd4f6 1
0 0 1 -121 0 ffffecfc 1
0 0 1 0 -9 ffffecfc 1
0 0 1 -24 -90 ffffecfc 1
0 0 1 64 -25 fffff56c 1
0 0 1 0 13 ffffef2c 1
0 0 1 -36 69 ffffef2c 1
0 0 1 -33 62 ffffe578 1
0 0 1 81 -24 ffffdd7a 1
0 0 1 -58 120 ffffd5e2 1
0 0 1 25 119 ffffbab2 1
0 0 1 -82 -101 ffffc651 1
0 0 1 122 -52 ffffe6ab 1
0 0 1 -28 -53 ffffcde3 1
0 0 1 124 -105 ffffd3af 1
0 0 1 0 -61 ffffa0d3 1
0 0 1 120 0 ffffa0d3 1
0 0 1 -76 -12 ffffa0d3 1
0 0 1 47 97 ffffa463 1
0 0 1 -109 122 ffffb632 1
0 0 1 102 5 ffff8240 1
0 0 1 0 -34 ffff843e 1
0 0 1 -119 51 ffff843e 1
0 0 1 68 -97 ffff6c89 1
0 0 1 5 113 ffff52c5 1
0 0 1 12 0 ffff54fa 1
0 0 1 88 10 ffff54fa 1
0 0 1 88 119 ffff586a 1
0 0 1 90 -119 ffff8152 1
0 0 1 0 -39 ffff577c 1
0 0 1 -81 -89 ffff577c 1
0 0 1 70 -94 ffff73a5 1
0 0 1 56 -41 ffff59f1 1
0 0 1 103 0 ffff50f9 1
0 0 1 -12 44 ffff50f9 1
0 0 1 32 67 ffff4ee9 1
0 0 1 34 21 ffff5749 1
0 0 1 -12 -63 ffff5a13 1
0 0 1 77 55 ffff5d07 1
0 0 1 49 59 ffff6d92 1
0 0 1 52 -35 ffff78dd 1
0 0 1 0 -32 ffff71c1 1
0 0 1 0 65 ffff71c1 1
0 0 1 75 -88 ffff71c1 1
0 0 1 0 -31 ffff57f9 1
0 0 1 -14 -100 ffff57f9 1
0 0 1 92 -92 ffff5d71 1
0 0 1 45 0 ffff3c61 1
0 0 1 64 68 ffff3c61 1
0 0 1 40 0 ffff4d61 1
0 0 1 -84 59 ffff4d61 1
0 0 1 44 -21 ffff3a05 1
0 0 1 0 118 ffff3669 1
0 0 1 0 -57 ffff3669 1
0 0 1 -89 -20 ffff3669 1
0 0 1 91 51 ffff3d5d 1
0 0 1 -79 -14 ffff4f7e 1
0 0 1 120 -111 ffff53d0 1
0 0 1 -21 42 ffff1fc8 1
0 0 1 0 -57 ffff1c56 1
0 0 1 -101 -43 ffff1c56 1
0 0 1 -127 96 ffff2d4d 1
0 0 1 31 109 fffefdad 1
0 0 1 0 34 ffff0ae0 1
0 0 1 -23 -90 ffff0ae0 1
0 0 1 -93 -119 ffff12f6 1
0 0 1 -12 33 ffff3e31 1
0 0 1 102 91 ffff3ca5 1
0 0 1 102 0 ffff60e7 1
0 0 1 -96 -102 ffff60e7 1
0 0 1 -56 119 ffff8727 1
0 0 1 -95 -79 ffff6d1f 1
0 0 1 0 -117 ffff8a70 1
0 0 1 -25 -29 ffff8a70 1
0 0 1 -41 62 ffff8d45 1
0 0 1 8 -117 ffff8357 1
0 0 1 -93 -108 ffff7faf 1
0 0 1 118 0 ffffa6eb 1
0 0 1 -1 0 ffffa6eb 1
0 0 1 -28 86 ffffa6eb 1
0 0 1 -64 -21 ffff9d83 1
0 0 1 -86 0 ffffa2c3 1
0 0 1 53 0 ffffa2c3 1
0 0 1 -64 0 ffffa2c3 1
0 0 1 0 18 ffffa2c3 1
0 0 1 0 -126 ffffa2c3 1
0 0 1 76 91 ffffa2c3 1
0 0 1 -7 123 ffffbdc7 1
0 0 1 -30 -35 ffffba6a 1
0 0 1 25 48 ffffbe84 1
0 0 1 -29 -103 ffffc334 1
0 0 1 -13 -125 ffffcedf 1
0 0 1 124 -24 ffffd538 1
0 0 1 -119 0 ffffc998 1
0 0 1 0 -37 ffffc998 1
0 0 1 -90 -25 ffffc998 1
0 0 1 0 86 ffffd262 1
0 0 1 73 -85 ffffd262 1
0 0 1 -69 -21 ffffba25 1
0 0 1 -11 -41 ffffbfce 1
0 0 1 -85 -99 ffffc191 1
0 0 1 89 0 ffffe270 1
0 0 1 83 32 ffffe270 1
0 0 1 28 0 ffffecd0 1
0 0 1 -94 0 ffffecd0 1
0 0 1 -101 80 ffffecd0 1
0 0 1 0 4 ffffcd40 1
0 0 1 75 0 ffffcd40 1
0 0 1 -71 124 ffffcd40 1
0 0 1 66 0 ffffaadc 1
0 0 1 -48 -43 ffffaadc 1
0 0 1 -110 -14 ffffb2ec 1
0 0 1 -80 64 ffffb8f0 1
0 0 1 94 0 ffffa4f0 1
0 0 1 -68 -49 ffffa4f0 1
0 0 1 -34 121 ffffb1f4 1
0 0 1 8 -17 ffffa1e2 1
0 0 1 -106 123 ffffa15a 1
0 0 1 0 -23 ffff6e6c 1
0 0 1 -31 -90 ffff6e6c 1
0 0 1 -59 -90 ffff7952 1
0 0 1 0 40 ffff8e10 1
0 0 1 -6 0 ffff8e10 1
0 0 1 5 -62 ffff8e10 1
0 0 1 0 -2 ffff8cda 1
0 0 1 66 -18 ffff8cda 1
0 0 1 -83 -10 ffff8836 1
0 0 1 60 0 ffff8b74 1
0 0 1 -94 19 ffff8b74 1
0 0 1 -88 8 ffff847a 1
0 0 1 3 65 ffff81ba 1
0 0 1 0 39 ffff827d 1
0 0 1 -119 -123 ffff827d 1
0 0 1 -27 92 ffffbbaa 1
0 0 1 -122 -14 ffffb1f6 1
0 0 1 -84 -111 ffffb8a2 1
0 0 1 -29 102 ffffdd0e 1
0 0 1 100 120 ffffd180 1
0 0 1 -22 0 00000060 1
0 0 1 57 -55 00000060 1
0 0 1 105 -88 fffff421 1
0 0 1 -80 -15 ffffd009 1
0 0 1 -98 -47 ffffd4b9 1
0 0 1 122 0 ffffe6b7 1
0 0 1 51 0 ffffe6b7 1
0 0 1 -102 -125 ffffe6b7 1
0 0 1 0 36 00001885 1
0 0 1 51 115 00001885 1
0 0 1 -72 -114 00002f6e 1
0 0 1 25 0 00004f7e 1
0 0 1 0 76 00004f7e 1
0 0 1 -91 0 00004f7e 1
0 0 1 -49 7 00004f7e 1
0 0 1 -49 95 00004e27 1
0 0 1 -82 0 00003bf8 1
0 0 1 34 81 00003bf8 1
0 0 1 41 0 000046ba 1
0 0 1 -11 12 000046ba 1
0 0 1 -77 46 00004636 1
0 0 1 46 123 00003860 1
0 0 1 109 -37 00004e7a 1
0 0 1 54 30 00003eb9 1
0 0 1 35 -113 0000450d 1
0 0 1 52 -88 0000359a 1
0 0 1 127 0 000023ba 1
0 0 1 41 -5 000023ba 1
0 0 1 -38 0 000022ed 1
0 0 1 91 55 000022ed 1
0 0 1 -35 114 0000367a 1
0 0 1 10 -27 000026e4 1
0 0 1 47 3 000025d6 1
0 0 1 -65 -124 00002663 1
0 0 1 63 -72 000045df 1
0 0 1 -120 8 00003427 1
0 0 1 93 43 00003067 1
0 0 1 110 -13 00004006 1
0 0 1 -120 0 00003a70 1
0 0 1 -40 46 00003a70 1
0 0 1 19 0 00003340 1
0 0 1 -38 0 00003340 1
0 0 1 3 65 00003340 1
0 0 1 78 -66 00003403 1
0 0 1 -97 0 00001fe7 1
0 0 1 -71 0 00001fe7 1
0 0 1 -14 122 00001fe7 1
0 0 1 79 25 0000193b 1
0 0 1 -108 48 000020f2 1
0 0 1 0 -31 00000cb2 1
0 0 1 -89 -64 00000cb2 1
0 0 1 -96 16 000022f2 1
0 0 1 -37 -73 00001cf2 1
0 0 1 -2 0 0000277f 1
0 0 1 -122 66 0000277f 1
0 0 1 -112 -70 0000080b 1
0 0 1 -45 8 000026ab 1
0 0 1 -71 -17 00002543 1
0 0 1 -95 0 000029fa 1
0 0 1 -79 99 000029fa 1
0 0 1 67 -103 00000b6d 1
0 0 1 0 56 fffff078 1
0 0 1 0 9 fffff078 1
0 0 1 33 56 fffff078 1
0 0 1 56 2 fffff7b0 1
0 0 1 86 86 fffff820 1
0 0 1 115 47 00001504 1
0 0 1 14 123 00002a21 1
0 0 1 44 24 000030db 1
0 0 1 -32 3 000034fb 1
0 0 1 13 -12 0000349b 1
0 0 1 -28 11 000033ff 1
0 0 1 58 76 000032cb 1
0 0 1 44 48 00004403 1
0 0 1 54 -93 00004c43 1
0 0 1 52 107 000038a5 1
0 0 1 0 -110 00004e61 1
0 0 1 -3 125 00004e61 1
0 0 1 60 -117 00004cea 1
0 0 1 -124 -116 0000317e 1
0 0 1 -100 113 000069ae 1
0 0 1 0 -113 00003d8a 1
0 0 1 0 10 00003d8a 1
0 0 1 78 -110 00003d8a 1
0 0 1 85 -56 00001c06 1
0 0 1 61 -22 0000096e 1
0 0 1 -25 -20 00000430 1
0 0 1 0 123 00000624 1
0 0 1 -86 68 00000624 1
0 0 1 -115 -60 ffffef4c 1
0 0 1 -21 0 00000a40 1
0 0 1 -47 97 00000a40 1
0 0 1 -84 -95 fffff871 1
0 0 1 -57 -93 0000179d 1
0 0 1 0 -125 00002c52 1
0 0 1 66 88 00002c52 1
0 0 1 79 17 00004302 1
0 0 1 92 86 00004841 1
0 0 1 99 -49 00006729 1
0 0 1 74 49 00005436 1
0 0 1 96 -67 00006260 1
0 0 1 -79 105 00004940 1
0 0 1 112 57 000028d9 1
0 0 1 -35 9 000041c9 1
0 0 1 -80 41 0000408e 1
0 0 1 118 -55 000033be 1
0 0 1 -105 127 00001a64 1
0 0 1 -67 52 ffffe64d 1
0 0 1 -9 -116 ffffd8b1 1
0 0 1 12 -117 ffffdcc5 1
0 0 1 7 50 ffffd749 1
0 0 1 80 -11 ffffd8a7 1
0 0 1 76 108 ffffd537 1
0 0 1 62 20 fffff547 1
0 0 1 -127 0 fffffa1f 1
0 0 1 -73 -84 fffffa1f 1
0 0 1 -110 108 00001213 1
0 0 1 -73 -91 ffffe3ab 1
0 0 1 29 -20 fffffd9e 1
0 0 1 65 51 fffffb5a 1
0 0 1 0 -57 0000084d 1
0 0 1 -4 109 0000084d 1
0 0 1 52 -113 00000699 1
0 0 1 48 126 ffffefa5 1
0 0 1 9 0 00000745 1
0 0 1 14 54 00000745 1
0 0 1 0 -61 00000a39 1
0 0 1 -16 43 00000a39 1
0 0 1 78 -43 00000789 1
0 0 1 -24 0 fffffa6f 1
0 0 1 0 1 fffffa6f 1
0 0 1 -72 0 fffffa6f 1
0 0 1 43 44 fffffa6f 1
0 0 1 -51 -105 000001d3 1
0 0 1 18 -32 000016be 1
0 0 1 3 -54 0000147e 1
0 0 1 83 24 000013dc 1
0 0 1 -65 -34 00001ba4 1
0 0 1 0 -24 00002446 1
0 0 1 -25 49 00002446 1
0 0 1 42 0 00001f7d 1
0 0 1 -38 -58 00001f7d 1
0 0 1 -16 -38 00002819 1
0 0 1 57 -127 00002a79 1
0 0 1 36 -69 00000e32 1
0 0 1 -25 -120 0000047e 1
0 0 1 106 118 00001036 1
0 0 1 36 16 00004112 1
0 0 1 99 -5 00004352 1
0 0 1 0 110 00004163 1
0 0 1 19 0 00004163 1
0 0 1 80 -36 00004163 1
0 0 1 -2 -64 00003623 1
0 0 1 0 100 000036a3 1
0 0 1 15 93 000036a3 1
0 0 1 -22 44 00003c16 1
0 0 1 -117 99 0000384e 1
0 0 1 -65 14 00000b0f 1
0 0 1 73 43 00000781 1
0 0 1 -97 -104 000013c4 1
0 0 1 -113 -127 00003b2c 1
0 0 1 -77 104 0000733b 1
0 0 1 -91 0 000053f3 1
0 0 1 0 87 000053f3 1
0 0 1 98 -70 000053f3 1
0 0 1 -31 -96 00003927 1
0 0 1 53 85 000044c7 1
0 0 1 107 14 00005660 1
0 0 1 10 0 00005c3a 1
0 0 1 123 -126 00005c3a 1
0 0 1 0 126 00001fb0 1
0 0 1 6 59 00001fb0 1
0 0 1 73 94 00002112 1
0 0 1 -63 24 00003be0 1
0 0 1 42 -4 000035f8 1
0 0 1 8 112 00003550 1
0 0 1 0 -44 000038d0 1
0 0 1 25 -27 000038d0 1
0 0 1 56 -41 0000362d 1
0 0 1 4 42 00002d35 1
0 0 1 15 -47 00002ddd 1
0 0 1 123 0 00002b1c 1
0 0 1 -96 39 00002b1c 1
0 0 1 -90 0 00001c7c 1
0 0 1 0 56 00001c7c 1
0 0 1 125 -83 00001c7c 1
0 0 1 0 74 fffff3f5 1
0 0 1 86 22 fffff3f5 1
0 0 1 -100 46 fffffb59 1
0 0 1 0 30 ffffe961 1
0 0 1 -108 0 ffffe961 1
0 0 1 101 12 ffffe961 1
0 0 1 0 93 ffffee1d 1
0 0 1 21 127 ffffee1d 1
0 0 1 73 101 fffff888 1
0 0 1 -71 36 00001555 1
0 0 1 -67 -8 00000b59 1
0 0 1 -74 -44 00000d71 1
0 0 1 0 -16 00001a29 1
0 0 1 -20 0 00001a29 1
0 0 1 -83 -76 00001a29 1
0 0 1 -88 46 000032cd 1
0 0 1 -35 0 000022fd 1
0 0 1 49 -39 000022fd 1
0 0 1 8 0 00001b86 1
0 0 1 -101 0 00001b86 1
0 0 1 106 0 00001b86 1
0 0 1 -94 19 00001b86 1
0 0 1 -74 0 0000148c 1
0 0 1 36 -39 0000148c 1
0 0 1 40 15 00000f10 1
0 0 1 64 -63 00001168 1
0 0 1 3 104 000001a8 1
0 0 1 13 126 000002e0 1
0 0 1 -87 93 00000946 1
0 0 1 74 -27 ffffe9ab 1
0 0 1 -38 -45 ffffe1dd 1
0 0 1 43 92 ffffe88b 1
0 0 1 38 -126 fffff7ff 1
0 0 1 0 -122 ffffe54b 1
0 0 1 -111 103 ffffe54b 1
0 0 1 65 -103 ffffb8a2 1
0 0 1 -20 5 ffff9e7b 1
0 0 1 -107 6 ffff9e17 1
0 0 1 -45 15 ffff9b95 1
0 0 1 -78 87 ffff98f2 1
0 0 1 -5 0 ffff7e70 1
0 0 1 63 74 ffff7e70 1
0 0 1 18 -91 ffff90a6 1
0 0 1 -50 0 ffff8a40 1
0 0 1 -10 -128 ffff8a40 1
0 0 1 -5 75 ffff8f40 1
0 0 1 -68 -5 ffff8dc9 1
0 0 1 61 111 ffff8f1d 1
0 0 1 -54 -100 ffffa990 1
0 0 1 54 12 ffffbea8 1
0 0 1 60 -72 ffffc130 1
0 0 1 -64 42 ffffb050 1
0 0 1 92 23 ffffa5d0 1
0 0 1 0 -63 ffffae14 1
0 0 1 106 92 ffffae14 1
0 0 1 -78 0 ffffd42c 1
0 0 1 0 50 ffffd42c 1
0 0 1 0 32 ffffd42c 1
0 0 1 -93 48 ffffd42c 1
0 0 1 29 27 ffffc2bc 1
0 0 1 -25 63 ffffc5cb 1
0 0 1 -56 -33 ffffbfa4 1
0 0 1 -38 -6 ffffc6dc 1
0 0 1 35 -88 ffffc7c0 1
0 0 1 0 66 ffffbbb8 1
0 0 1 94 66 ffffbbb8 1
0 0 1 0 96 ffffd3f4 1
0 0 1 -23 -6 ffffd3f4 1
0 0 1 -118 -81 ffffd47e 1
0 0 1 53 29 fffff9d4 1
0 0 1 -45 -105 ffffffd5 1
0 0 1 -72 4 0000124a 1
0 0 1 -119 -98 0000112a 1
0 0 1 -31 -70 00003eb8 1
0 0 1 121 -50 00004732 1
0 0 1 74 102 00002f90 1
0 0 1 -120 20 00004d0c 1
0 0 1 24 -56 000043ac 1
0 0 1 32 77 00003e6c 1
0 0 1 -32 -101 0000480c 1
0 0 1 -68 -46 000054ac 1
0 0 1 -69 -128 000060e4 1
0 0 1 42 0 00008364 1
0 0 1 -111 0 00008364 1
0 0 1 106 -104 00008364 1
0 0 1 -42 0 00005854 1
0 0 1 -12 107 00005854 1
0 0 1 -115 0 00005350 1
0 0 1 97 92 00005350 1
0 0 1 -2 -111 0000762c 1
0 0 1 30 -34 0000770a 1
0 0 1 -100 0 0000730e 1
0 0 1 0 19 0000730e 1
0 0 1 -52 -71 0000730e 1
0 0 1 72 0 0000817a 1
0 0 1 122 121 0000817a 1
0 0 1 0 5 0000bb24 1
0 0 1 0 111 0000bb24 1
0 0 1 95 37 0000bb24 1
0 0 1 48 8 0000c8df 1
0 0 1 69 0 0000ca5f 1
0 0 1 -5 91 0000ca5f 1
0 0 1 0 -22 0000c898 1
0 0 1 -60 -70 0000c898 1
0 0 1 -45 -67 0000d900 1
0 0 1 0 -20 0000e4c7 1
0 0 1 -40 33 0000e4c7 1
0 0 1 0 -104 0000df9f 1
0 0 1 -82 33 0000df9f 1
0 0 1 65 -94 0000d50d 1
0 0 1 0 -96 0000bd2f 1
0 0 1 -126 60 0000bd2f 1
0 0 1 127 0 00009fa7 1
0 0 1 -35 101 00009fa7 1
0 0 1 116 16 000091d8 1
0 0 1 -125 -38 00009918 1
0 0 1 -65 -55 0000aba6 1
0 0 1 -3 -44 0000b99d 1
0 0 1 51 31 0000ba21 1
0 0 1 87 111 0000c04e 1
0 0 1 95 -82 0000e607 1
0 0 1 -47 114 0000c799 1
0 0 1 0 91 0000b2ab 1
0 0 1 -113 109 0000b2ab 1
0 0 1 -10 -114 0000828e 1
0 0 1 -51 -84 00008702 1
0 0 1 54 -97 000097be 1
0 0 1 -23 -72 00008348 1
0 0 1 0 77 000089c0 1
0 0 1 104 33 000089c0 1
0 0 1 77 103 00009728 1
0 0 1 -63 -43 0000b623 1
0 0 1 36 124 0000c0b8 1
0 0 1 -71 19 0000d228 1
0 0 1 73 -69 0000cce3 1
0 0 1 -100 71 0000b936 1
0 0 1 -121 57 00009d7a 1
0 0 1 8 -25 00008289 1
0 0 1 82 56 000081c1 1
0 0 1 51 -120 000093b1 1
0 0 1 -117 78 00007bc9 1
0 0 1 109 -73 00005823 1
0 0 1 0 -99 0000390e 1
0 0 1 -82 0 0000390e 1
0 0 1 -57 112 0000390e 1
0 0 1 34 -90 0000201e 1
0 0 1 -92 -36 0000142a 1
0 0 1 -90 -69 0000211a 1
0 0 1 57 0 0000395c 1
0 0 1 -26 -107 0000395c 1
0 0 1 0 36 0000443a 1
0 0 1 -83 109 0000443a 1
0 0 1 0 90 000020e3 1
0 0 1 -115 0 000020e3 1
0 0 1 0 54 000020e3 1
0 0 1 -78 117 000020e3 1
0 0 1 -74 -14 fffffd3d 1
0 0 1 0 92 00000149 1
0 0 1 0 -18 00000149 1
0 0 1 -7 -113 00000149 1
0 0 1 82 -70 00000460 1
0 0 1 -86 21 ffffedf4 1
0 0 1 0 -47 ffffe6e6 1
0 0 1 0 29 ffffe6e6 1
0 0 1 -110 0 ffffe6e6 1
0 0 1 -102 -14 ffffe6e6 1
0 0 1 -38 -114 ffffec7a 1
0 0 1 75 -59 fffffd66 1
0 0 1 5 0 ffffec1d 1
0 0 1 41 91 ffffec1d 1
0 0 1 29 0 fffffab0 1
0 0 1 0 116 fffffab0 1
0 0 1 0 -93 fffffab0 1
0 0 1 122 11 fffffab0 1
0 0 1 -9 0 ffffffee 1
0 0 1 0 -68 ffffffee 1
0 0 1 -36 102 ffffffee 1
0 0 1 -113 -122 fffff196 1
0 0 1 0 34 00002770 1
0 0 1 -79 -87 00002770 1
0 0 1 -82 112 00004249 1
0 0 1 43 -98 00001e69 1
0 0 1 0 -34 00000df3 1
0 0 1 116 -43 00000df3 1
0 0 1 77 -2 fffffa77 1
0 0 1 -21 -78 fffff9dd 1
0 0 1 -10 83 00000043 1
0 0 1 9 -104 fffffd05 1
0 0 1 92 -24 fffff95d 1
0 0 1 2 -30 fffff0bd 1
0 0 1 -20 -100 fffff081 1
0 0 1 -79 -31 fffff851 1
0 0 1 127 57 000001e2 1
0 0 1 -27 73 00001e29 1
0 0 1 35 -43 00001676 1
0 0 1 -15 93 00001095 1
0 0 1 0 99 00000b22 1
0 0 1 64 -91 00000b22 1
0 0 1 -42 -67 fffff462 1
0 0 1 -106 65 ffffff60 1
0 0 1 43 -58 ffffe476 1
0 0 1 -28 23 ffffdab8 1
0 0 1 70 -61 ffffd834 1
0 0 1 43 76 ffffc786 1
0 0 1 -86 58 ffffd44a 1
0 0 1 0 110 ffffc0ce 1
0 0 1 113 99 ffffc0ce 1
0 0 1 114 10 ffffec81 1
0 0 1 -128 -48 fffff0f5 1
0 0 1 0 113 000008f5 1
0 0 1 -18 -6 000008f5 1
0 0 1 0 76 00000961 1
0 0 1 0 -33 00000961 1
0 0 1 90 15 00000961 1
0 0 1 0 -109 00000ea7 1
0 0 1 87 82 00000ea7 1
0 0 1 66 0 00002a85 1
0 0 1 121 -117 00002a85 1
0 0 1 0 79 fffff338 1
0 0 1 97 -15 fffff338 1
0 0 1 0 -110 ffffed89 1
0 0 1 122 124 ffffed89 1
0 0 1 48 125 000028a1 1
0 0 1 0 -81 00004011 1
0 0 1 43 0 00004011 1
0 0 1 0 66 00004011 1
0 0 1 0 -29 00004011 1
0 0 1 -79 -93 00004011 1
0 0 1 7 -82 00005cc4 1
0 0 1 105 -80 00005a86 1
0 0 1 0 112 000039b6 1
0 0 1 83 59 000039b6 1
0 0 1 -125 -23 00004cd7 1
0 0 1 105 -96 00005812 1
0 0 1 30 77 000030b2 1
0 0 1 0 -35 000039b8 1
0 0 1 -119 50 000039b8 1
0 0 1 103 47 0000227a 1
0 0 1 97 23 00003563 1
0 0 1 -124 29 00003e1a 1
0 0 1 0 32 0000300e 1
0 0 1 -102 29 0000300e 1
0 0 1 1 25 00002480 1
0 0 1 11 -113 00002499 1
0 0 1 -52 108 00001fbe 1
0 0 1 -50 -90 000009ce 1
0 0 1 -100 95 00001b62 1
0 0 1 80 -11 fffff646 1
0 0 1 -41 -76 fffff2d6 1
0 0 1 -44 72 ffffff02 1
0 0 1 -60 -46 fffff2a2 1
0 0 1 0 56 fffffd6a 1
0 0 1 50 -115 fffffd6a 1
0 0 1 -55 0 ffffe6f4 1
0 0 1 -13 -33 ffffe6f4 1
0 0 1 -5 -1 ffffe8a1 1
0 0 1 0 -90 ffffe8a6 1
0 0 1 0 122 ffffe8a6 1
0 0 1 60 94 ffffe8a6 1
0 0 1 -101 55 fffffeae 1
0 0 1 -1 -108 ffffe8fb 1
0 0 1 0 -53 ffffe967 1
0 0 1 -31 81 ffffe967 1
0 0 1 -29 0 ffffdf98 1
0 0 1 0 -64 ffffdf98 1
0 0 1 95 -60 ffffdf98 1
0 0 1 7 17 ffffc954 1
0 0 1 45 -63 ffffc9cb 1
0 0 1 -5 118 ffffbeb8 1
0 0 1 0 -61 ffffbc6a 1
0 0 1 -66 -116 ffffbc6a 1
0 0 1 67 0 ffffda52 1
0 0 1 -77 76 ffffda52 1
0 0 1 -77 -74 ffffc376 1
0 0 1 -35 -79 ffffd9b8 1
0 0 1 -51 0 ffffe485 1
0 0 1 -51 -74 ffffe485 1
0 0 1 97 108 fffff343 1
0 0 1 53 0 00001c2f 1
0 0 1 -83 73 00001c2f 1
0 0 1 -107 -97 00000484 1
0 0 1 58 115 00002d0f 1
0 0 1 -8 70 0000471d 1
0 0 1 0 -50 000044ed 1
0 0 1 36 98 000044ed 1
0 0 1 -96 20 000052b5 1
0 0 1 -124 115 00004b35 1
0 0 1 -39 120 00001381 1
0 0 1 115 62 00000139 1
0 0 1 37 -59 00001d13 1
0 0 1 -36 109 0000148c 1
0 0 1 -112 68 00000538 1
0 0 1 11 121 ffffe778 1
0 0 1 0 49 ffffecab 1
0 0 1 0 52 ffffecab 1
0 0 1 0 21 ffffecab 1
0 0 1 63 55 ffffecab 1
0 0 1 -80 84 fffffa34 1
0 0 1 0 26 ffffdff4 1
0 0 1 -106 115 ffffdff4 1
0 0 1 0 3 ffffb056 1
0 0 1 39 -88 ffffb056 1
0 0 1 -116 0 ffffa2ee 1
0 0 1 -55 -94 ffffa2ee 1
0 0 1 72 23 ffffb720 1
0 0 1 -88 0 ffffbd98 1
0 0 1 3 5 ffffbd98 1
0 0 1 64 -76 ffffbda7 1
0 0 1 0 -106 ffffaaa7 1
0 0 1 78 73 ffffaaa7 1
0 0 1 63 57 ffffc0e5 1
0 0 1 85 -31 ffffceec 1
0 0 1 -7 0 ffffc4a1 1
0 0 1 -18 -9 ffffc4a1 1
0 0 1 0 -124 ffffc543 1
0 0 1 99 125 ffffc543 1
0 0 1 88 -114 fffff59a 1
0 0 1 125 0 ffffce6a 1
0 0 1 117 0 ffffce6a 1
0 0 1 125 -46 ffffce6a 1
0 0 1 0 10 ffffb7f4 1
0 0 1 0 -55 ffffb7f4 1
0 0 1 0 73 ffffb7f4 1
0 0 1 125 -67 ffffb7f4 1
0 0 1 39 -11 ffff973d 1
0 0 1 -61 -120 ffff9590 1
0 0 1 65 36 ffffb228 1
0 0 1 33 78 ffffbb4c 1
0 0 1 47 0 ffffc55a 1
0 0 1 85 -66 ffffc55a 1
0 0 1 0 10 ffffaf70 1
0 0 1 123 0 ffffaf70 1
0 0 1 -74 27 ffffaf70 1
0 0 1 -64 123 ffffa7a2 1
0 0 1 -35 0 ffff88e2 1
0 0 1 110 21 ffff88e2 1
0 0 1 127 0 ffff91e8 1
0 0 1 -55 -60 ffff91e8 1
0 0 1 -82 -108 ffff9ecc 1
0 0 1 -79 -57 ffffc164 1
0 0 1 123 -114 ffffd2fb 1
0 0 1 56 -127 ffff9c35 1
0 0 1 -124 91 ffff806d 1
0 0 1 33 13 ffff5459 1
0 0 1 -23 34 ffff5606 1
0 0 1 126 -118 ffff52f8 1
0 0 1 99 5 ffff18e4 1
0 0 1 29 -45 ffff1ad3 1
0 0 1 119 125 ffff15ba 1
0 0 1 -42 -32 ffff4fd5 1
0 0 1 77 0 ffff5515 1
0 0 1 15 -100 ffff5515 1
0 0 1 0 42 ffff4f39 1
0 0 1 72 96 ffff4f39 1
0 0 1 -78 -46 ffff6a39 1
0 0 1 12 72 ffff783d 1
0 0 1 16 29 ffff7b9d 1
0 0 1 0 24 ffff7d6d 1
0 0 1 -48 0 ffff7d6d 1
0 0 1 -124 0 ffff7d6d 1
0 0 1 84 -29 ffff7d6d 1
0 0 1 0 108 ffff73e9 1
0 0 1 54 112 ffff73e9 1
0 0 1 -102 107 ffff8b89 1
0 0 1 -126 48 ffff60e7 1
0 0 1 73 -78 ffff4947 1
0 0 1 -3 0 ffff3309 1
0 0 1 -56 -43 ffff3309 1
0 0 1 0 -90 ffff3c71 1
0 0 1 83 0 ffff3c71 1
0 0 1 -8 0 ffff3c71 1
0 0 1 -40 9 ffff3c71 1
0 0 1 63 59 ffff3b09 1
0 0 1 91 0 ffff498e 1
0 0 1 -8 42 ffff498e 1
0 0 1 -3 0 ffff483e 1
0 0 1 4 37 ffff483e 1
0 0 1 0 -85 ffff48d2 1
0 0 1 -28 -2 ffff48d2 1
0 0 1 -110 -63 ffff490a 1
0 0 1 35 -115 ffff641c 1
0 0 1 -58 -25 ffff5463 1
0 0 1 -35 -40 ffff5a0d 1
0 0 1 -31 0 ffff5f85 1
0 0 1 64 -103 ffff5f85 1
0 0 1 -14 -6 ffff45c5 1
0 0 1 7 29 ffff4619 1
0 0 1 -17 75 ffff46e4 1
0 0 1 0 -13 ffff41e9 1
0 0 1 81 -40 ffff41e9 1
0 0 1 54 31 ffff3541 1
0 0 1 -61 107 ffff3bcb 1
0 0 1 61 -101 ffff224c 1
0 0 1 52 105 ffff0a3b 1
0 0 1 -89 -123 ffff1f8f 1
0 0 1 13 64 ffff4a52 1
0 0 1 -75 -96 ffff4d92 1
0 0 1 27 0 ffff69b2 1
0 0 1 -123 -33 ffff69b2 1
0 0 1 -51 61 ffff798d 1
0 0 1 -13 -76 ffff6d66 1
0 0 1 -77 0 ffff7142 1
0 0 1 75 -87 ffff7142 1
0 0 1 67 -27 ffff57c5 1
0 0 1 99 46 ffff50b4 1
0 0 1 0 52 ffff627e 1
0 0 1 0 -64 ffff627e 1
0 0 1 -40 76 ffff627e 1
0 0 1 -112 -66 ffff569e 1
0 0 1 0 -96 ffff737e 1
0 0 1 20 28 ffff737e 1
0 0 1 95 123 ffff75ae 1
0 0 1 -89 125 ffffa353 1
0 0 1 0 44 ffff77de 1
0 0 1 -53 0 ffff77de 1
0 0 1 -45 0 ffff77de 1
0 0 1 0 55 ffff77de 1
0 0 1 -25 118 ffff77de 1
0 0 1 -64 -68 ffff6c58 1
0 0 1 55 -111 ffff7d58 1
0 0 1 -1 89 ffff657f 1
0 0 1 66 25 ffff6526 1
0 0 1 96 127 ffff6b98 1
0 0 1 0 -43 ffff9b38 1
0 0 1 -108 68 ffff9b38 1
0 0 1 98 -17 ffff7e88 1
0 0 1 -4 0 ffff7806 1
0 0 1 -45 -46 ffff7806 1
0 0 1 17 82 ffff801c 1
0 0 1 65 -118 ffff858e 1
0 0 1 107 -34 ffff6798 1
0 0 1 0 28 ffff5962 1
0 0 1 -44 0 ffff5962 1
0 0 1 -116 -35 ffff5962 1
0 0 1 -66 -77 ffff693e 1
0 0 1 0 49 ffff7d18 1
0 0 1 -114 5 ffff7d18 1
0 0 1 0 -44 ffff7ade 1
0 0 0 37 -83 ffff7ade 1
0 0 0 -49 72 ffff7ade 0
