1 0 0 0 0 00000000 0
1 0 0 0 0 00000000 0
1 0 0 0 0 00000000 0
0 0 1 -76 102 00000000 0
0 0 1 103 -62 ffffe1b8 1
0 0 1 67 0 ffffc8c6 1
0 0 1 -58 0 ffffc8c6 1
0 0 1 -119 -16 ffffc8c6 1
0 0 1 -3 -59 ffffd036 1
0 0 1 -35 -79 ffffd0e7 1
0 0 1 0 8 ffffdbb4 1
0 0 1 75 -31 ffffdbb4 1
0 0 1 -62 34 ffffd29f 1
0 0 1 55 60 ffffca63 1
0 0 1 60 0 ffffd747 1
0 0 1 107 127 ffffd747 1
0 0 1 -2 28 00000c5c 1
0 0 1 -120 0 00000c24 1
0 0 1 0 34 00000c24 1
0 0 1 -116 -128 00000c24 1
0 0 1 107 -124 00004624 1
0 0 1 -47 -102 00001250 1
0 0 1 125 -54 0000250a 1
0 0 1 24 1 00000aac 1
0 0 1 24 68 00000ac4 1
0 0 1 -51 124 00001124 1
0 0 1 0 39 fffff870 1
0 0 1 -50 37 fffff870 1
0 0 1 -34 0 fffff136 1
0 0 1 79 114 fffff136 1
0 0 1 25 0 00001464 1
0 0 1 -1 -103 00001464 1
0 0 1 -22 -37 000014cb 1
0 0 1 -8 83 000017f9 1
0 0 1 103 62 00001561 1
0 0 1 -6 115 00002e53 1
0 0 1 75 63 00002ba1 1
0 0 1 -76 -76 00003e16 1
0 0 1 -72 -34 000054a6 1
0 0 1 117 106 00005e36 1
0 0 1 0 99 00008ea8 1
0 0 1 99 -45 00008ea8 1
0 0 1 1 -36 00007d41 1
0 0 1 38 28 00007d1d 1
0 0 1 15 77 00008145 1
0 0 1 121 0 000085c8 1
0 0 1 75 -30 000085c8 1
0 0 1 126 95 00007cfe 1
0 0 1 -82 49 0000abc0 1
0 0 1 -57 -65 00009c0e 1
0 0 1 54 77 0000aa87 1
0 0 1 107 69 0000bac5 1
0 0 1 0 58 0000d79c 1
0 0 1 -49 28 0000d79c 1
0 0 1 0 -94 0000d240 1
0 0 1 -109 0 0000d240 1
0 0 1 72 6 0000d240 1
0 0 1 -4 0 0000d3f0 1
0 0 1 -23 -14 0000d3f0 1
0 0 1 0 82 0000d532 1
0 0 1 -23 -67 0000d532 1
0 0 1 0 -111 0000db37 1
0 0 1 119 -119 0000db37 1
0 0 1 -64 -98 0000a3e6 1
0 0 1 -73 17 0000bc66 1
0 0 1 -71 81 0000b78d 1
0 0 1 127 -96 0000a116 1
0 0 1 0 11 00007176 1
0 0 1 0 31 00007176 1
0 0 1 -98 25 00007176 1
0 0 1 -43 29 000067e4 1
0 0 1 -109 -30 00006305 1
0 0 1 78 0 00006fcb 1
0 0 1 90 8 00006fcb 1
0 0 1 -4 40 0000729b 1
0 0 1 110 64 000071fb 1
0 0 1 -28 -114 00008d7b 1
0 0 1 0 14 000099f3 1
0 0 1 -65 71 000099f3 1
0 0 1 26 0 000087ec 1
0 0 1 -93 113 000087ec 1
0 0 1 -112 -21 00005edf 1
0 0 1 -62 0 0000680f 1
0 0 1 0 81 0000680f 1
0 0 1 -81 0 0000680f 1
0 0 1 0 -17 0000680f 1
0 0 1 -20 63 0000680f 1
0 0 1 0 21 00006323 1
0 0 1 0 -68 00006323 1
0 0 1 25 46 00006323 1
0 0 1 98 0 000067a1 1
0 0 1 -126 24 000067a1 1
0 0 1 19 -13 00005bd1 1
0 0 1 65 18 00005ada 1
0 0 1 -119 -31 00005f6c 1
0 0 1 77 35 00006dd5 1
0 0 1 14 10 0000785c 1
0 0 1 114 9 000078e8 1
0 0 1 117 53 00007cea 1
0 0 1 -15 0 00009523 1
0 0 1 117 -39 00009523 1
0 0 1 49 38 00008350 1
0 0 1 93 0 00008a96 1
0 0 1 -115 -20 00008a96 1
0 0 1 86 -43 00009392 1
0 0 1 80 0 00008520 1
0 0 1 -7 -19 00008520 1
0 0 1 7 -60 000085a5 1
0 0 1 0 37 00008401 1
0 0 1 -18 57 00008401 1
0 0 1 17 -51 00007fff 1
0 0 1 0 85 00007c9c 1
0 0 1 119 40 00007c9c 1
0 0 1 0 17 00008f34 1
0 0 1 -88 92 00008f34 1
0 0 1 -69 -115 00006f94 1
0 0 1 109 0 00008e93 1
0 0 1 30 0 00008e93 1
0 0 1 -49 14 00008e93 1
0 0 1 0 70 00008be5 1
0 0 1 13 88 00008be5 1
0 0 1 -26 69 0000905d 1
0 0 1 65 0 0000895b 1
0 0 1 70 0 0000895b 1
0 0 1 -100 122 0000895b 1
0 0 1 56 -67 000059b3 1
0 0 1 -24 96 00004b0b 1
0 0 1 42 0 0000420b 1
0 0 1 -84 -40 0000420b 1
0 0 1 0 71 00004f2b 1
0 0 1 -102 57 00004f2b 1
0 0 1 0 -55 00003875 1
0 0 1 49 -27 00003875 1
0 0 1 -51 -76 0000334a 1
0 0 1 0 -63 0000426e 1
0 0 1 0 61 0000426e 1
0 0 1 64 -106 0000426e 1
0 0 1 11 92 000027ee 1
0 0 1 68 -79 00002be2 1
0 0 1 123 125 000016e6 1
0 0 1 0 -24 000052f5 1
0 0 1 -8 31 000052f5 1
0 0 1 0 -117 000051fd 1
0 0 1 -43 -94 000051fd 1
0 0 1 -44 -17 000061c7 1
0 0 1 -114 -61 000064b3 1
0 0 1 -55 -119 00007fdd 1
0 0 1 -124 0 0000996e 1
0 0 1 46 78 0000996e 1
0 0 1 -103 -61 0000a772 1
0 0 1 0 -26 0000bffd 1
0 0 1 -22 -118 0000bffd 1
0 0 1 -61 -34 0000ca21 1
0 0 1 123 -9 0000d23b 1
0 0 1 -26 -93 0000cde8 1
0 0 1 36 0 0000d75a 1
0 0 1 0 -21 0000d75a 1
0 0 1 23 -100 0000d75a 1
0 0 1 94 89 0000ce5e 1
0 0 1 101 23 0000ef0c 1
0 0 1 -49 0 0000f81f 1
0 0 1 -90 0 0000f81f 1
0 0 1 -40 -42 0000f81f 1
0 0 1 -2 76 0000feaf 1
0 0 1 0 58 0000fe17 1
0 0 1 -14 123 0000fe17 1
0 0 1 -54 -42 0000f75d 1
0 0 1 -46 -36 00010039 1
0 0 1 -55 0 000106b1 1
0 0 1 -112 94 000106b1 1
0 0 1 -49 -88 0000dd91 1
0 0 1 79 0 0000ee69 1
0 0 1 39 -39 0000ee69 1
0 0 1 0 113 0000e878 1
0 0 1 -61 47 0000e878 1
0 0 1 -90 -121 0000dd45 1
0 0 1 0 85 000107cf 1
0 0 1 -40 -83 000107cf 1
0 0 1 100 -96 000114c7 1
0 0 1 52 -99 0000ef47 1
0 0 1 58 80 0000db2b 1
0 0 1 -115 -116 0000ed4b 1
0 0 1 -71 -83 00012167 1
0 0 1 108 -52 0001386c 1
0 0 1 42 24 0001227c 1
0 0 1 74 -105 0001266c 1
0 0 1 101 -111 00010812 1
0 0 1 43 15 0000dc47 1
0 0 1 124 -68 0000decc 1
0 0 1 69 -66 0000bddc 1
0 0 1 69 50 0000ac12 1
0 0 1 125 18 0000b98c 1
0 0 1 0 -67 0000c256 1
0 0 1 -102 2 0000c256 1
0 0 1 0 82 0000c18a 1
0 0 1 0 -17 0000c18a 1
0 0 1 -106 -1 0000c18a 1
0 0 1 -34 -72 0000c1f4 1
0 0 1 21 -101 0000cb84 1
0 0 1 62 -103 0000c33b 1
0 0 1 113 34 0000aa49 1
0 0 1 -28 -73 0000b94b 1
0 0 1 22 0 0000c147 1
0 0 1 14 34 0000c147 1
0 0 1 -120 31 0000c323 1
0 0 1 0 12 0000b49b 1
0 0 1 -119 0 0000b49b 1
0 0 1 15 0 0000b49b 1
0 0 1 -21 0 0000b49b 1
0 0 1 40 0 0000b49b 1
0 0 1 -1 -125 0000b49b 1
0 0 1 -29 22 0000b518 1
0 0 1 -125 -47 0000b29a 1
0 0 1 -96 -20 0000c98d 1
0 0 1 90 0 0000d10d 1
0 0 1 -96 0 0000d10d 1
0 0 1 -20 12 0000d10d 1
0 0 1 -32 104 0000d01d 1
0 0 1 0 -100 0000c31d 1
0 0 1 68 47 0000c31d 1
0 0 1 -122 -94 0000cf99 1
0 0 1 38 -31 0000fc65 1
0 0 1 0 102 0000f7cb 1
0 0 1 -24 -48 0000f7cb 1
0 0 1 77 114 0000fc4b 1
0 0 1 0 -69 00011e95 1
0 0 1 46 -27 00011e95 1
0 0 1 36 0 000119bb 1
0 0 1 -26 0 000119bb 1
0 0 1 -80 17 000119bb 1
0 0 1 66 37 0001146b 1
0 0 1 62 -38 00011df5 1
0 0 1 -25 0 000114c1 1
0 0 1 -85 54 000114c1 1
0 0 1 0 -69 000102d3 1
0 0 1 44 0 000102d3 1
0 0 1 119 -79 000102d3 1
0 0 1 73 -1 0000de1a 1
0 0 1 0 -99 0000ddd1 1
0 0 1 -78 127 0000ddd1 1
0 0 1 0 -127 0000b71f 1
0 0 1 13 -103 0000b71f 1
0 0 1 -42 0 0000b1e4 1
0 0 1 81 0 0000b1e4 1
0 0 1 12 -124 0000b1e4 1
0 0 1 -81 -36 0000ac14 1
0 0 1 18 123 0000b778 1
0 0 1 -72 49 0000c01e 1
0 0 1 75 -62 0000b256 1
0 0 1 14 101 0000a02c 1
0 0 1 -18 24 0000a5b2 1
0 0 1 -25 0 0000a402 1
0 0 1 115 -35 0000a402 1
0 0 1 126 -77 00009449 1
0 0 1 -47 35 00006e63 1
0 0 1 96 0 000067f6 1
0 0 1 -79 -109 000067f6 1
0 0 1 5 -55 00008999 1
0 0 1 0 -113 00008886 1
0 0 1 28 0 00008886 1
0 0 1 116 54 00008886 1
0 0 1 68 -30 0000a0fe 1
0 0 1 0 77 00009906 1
0 0 1 0 -95 00009906 1
0 0 1 -4 -67 00009906 1
0 0 1 0 117 00009a12 1
0 0 1 -111 56 00009a12 1
0 0 1 84 67 000081ca 1
0 0 1 -25 0 000097c6 1
0 0 1 54 -89 000097c6 1
0 0 1 0 -81 00008500 1
0 0 1 -123 -119 00008500 1
0 0 1 -36 0 0000be2d 1
0 0 1 72 90 0000be2d 1
0 0 1 122 0 0000d77d 1
0 0 1 69 16 0000d77d 1
0 0 1 -41 -97 0000dbcd 1
0 0 1 41 -29 0000eb56 1
0 0 1 2 38 0000e6b1 1
0 0 1 55 -110 0000e6fd 1
0 0 1 20 -75 0000cf5b 1
0 0 1 0 -65 0000c97f 1
0 0 1 -17 81 0000c97f 1
0 0 1 -76 -88 0000c41e 1
0 0 1 -113 -38 0000de3e 1
0 0 1 -123 0 0000ef04 1
0 0 1 0 90 0000ef04 1
0 0 1 9 45 0000ef04 1
0 0 1 -8 -46 0000f099 1
0 0 1 53 -124 0000f209 1
0 0 1 -91 -9 0000d85d 1
0 0 1 -86 -105 0000db90 1
0 0 1 -108 19 0000fed6 1
0 0 1 -126 -14 0000f6d2 1
0 0 1 107 40 0000fdb6 1
0 0 1 42 -3 00010e6e 1
0 0 1 0 -35 00010df0 1
0 0 1 -120 0 00010df0 1
0 0 1 -12 80 00010df0 1
0 0 1 33 51 00010a30 1
0 0 1 -85 -3 000110c3 1
0 0 1 121 5 000111c2 1
0 0 1 -117 -11 0001141f 1
0 0 1 -45 -25 00011926 1
0 0 1 0 -116 00011d8b 1
0 0 1 13 116 00011d8b 1
0 0 1 126 -73 0001236f 1
0 0 1 3 116 0000ff81 1
0 0 1 54 -101 000100dd 1
0 0 1 120 -8 0000eb8f 1
0 0 1 -33 -44 0000e7cf 1
0 0 1 -11 -34 0000ed7b 1
0 0 1 0 50 0000eef1 1
0 0 1 -61 75 0000eef1 1
0 0 1 -50 0 0000dd12 1
0 0 1 -78 0 0000dd12 1
0 0 1 110 -31 0000dd12 1
0 0 1 110 0 0000cfc0 1
0 0 1 14 67 0000cfc0 1
0 0 1 0 34 0000d36a 1
0 0 1 -16 -115 0000d36a 1
0 0 1 110 0 0000da9a 1
0 0 1 -9 63 0000da9a 1
0 0 1 76 -91 0000d863 1
0 0 1 0 74 0000bd5f 1
0 0 1 -12 18 0000bd5f 1
0 0 1 127 29 0000bc87 1
0 0 1 94 43 0000caea 1
0 0 1 42 -74 0000dab4 1
0 0 1 -84 52 0000ce90 1
0 0 1 0 56 0000bd80 1
0 0 1 -127 3 0000bd80 1
0 0 1 75 0 0000bc03 1
0 0 1 56 50 0000bc03 1
0 0 1 101 -21 0000c6f3 1
0 0 1 0 -15 0000beaa 1
0 0 1 0 24 0000beaa 1
0 0 1 -45 -84 0000beaa 1
0 0 1 43 51 0000cd6e 1
0 0 1 0 107 0000d5ff 1
0 0 1 0 42 0000d5ff 1
0 0 1 60 -22 0000d5ff 1
0 0 1 0 47 0000d0d7 1
0 0 1 74 49 0000d0d7 1
0 0 1 0 96 0000df01 1
0 0 1 106 7 0000df01 1
0 0 1 25 0 0000e1e7 1
0 0 1 16 -14 0000e1e7 1
0 0 1 0 -66 0000e107 1
0 0 1 -57 -3 0000e107 1
0 0 1 106 27 0000e1b2 1
0 0 1 -23 -10 0000ece0 1
0 0 1 93 118 0000edc6 1
0 0 1 -125 120 000118a4 1
0 0 1 118 3 0000de0c 1
0 0 1 102 -114 0000df6e 1
0 0 1 97 -125 0000b202 1
0 0 1 -99 67 000082a5 1
0 0 1 43 121 000068bc 1
0 0 1 -38 0 00007d0f 1
0 0 1 0 94 00007d0f 1
0 0 1 43 122 00007d0f 1
0 0 1 91 -104 0000918d 1
0 0 1 84 111 00006c95 1
0 0 1 45 75 00009101 1
0 0 1 115 0 00009e30 1
0 0 1 39 -69 00009e30 1
0 0 1 29 -79 000093ad 1
0 0 1 -15 -110 00008aba 1
0 0 1 84 7 0000912c 1
0 0 1 -57 79 00009378 1
0 0 1 79 53 000081e1 1
0 0 1 -98 0 0000923c 1
0 0 1 14 103 0000923c 1
0 0 1 -111 -14 000097de 1
0 0 1 -99 6 00009df0 1
0 0 1 118 0 00009b9e 1
0 0 1 76 -77 00009b9e 1
0 0 1 57 53 000084c2 1
0 0 1 58 39 0000908f 1
0 0 1 66 0 00009965 1
0 0 1 -68 62 00009965 1
0 0 1 73 43 000088ed 1
0 0 1 -15 -108 00009530 1
0 0 1 -17 -16 00009b84 1
0 0 1 102 -83 00009c94 1
0 0 1 -35 0 00007b82 1
0 0 1 0 29 00007b82 1
0 0 1 54 -127 00007b82 1
0 0 1 6 47 000060b8 1
0 0 1 -69 -42 000061d2 1
0 0 1 -120 110 00006d24 1
0 0 1 85 93 00003994 1
0 0 1 112 -105 00005875 1
0 0 1 -39 92 00002a85 1
0 0 1 113 -33 00001c81 1
0 0 1 -7 0 00000df0 1
0 0 1 75 0 00000df0 1
0 0 1 -117 64 00000df0 1
0 0 1 75 -128 fffff0b0 1
0 0 1 -126 -80 ffffcb30 1
0 0 1 36 -31 fffff290 1
0 0 1 -45 -38 ffffee34 1
0 0 1 0 -127 fffff4e2 1
0 0 1 90 -81 fffff4e2 1
0 0 1 79 0 ffffd868 1
0 0 1 89 -83 ffffd868 1
0 0 1 0 -112 ffffbb8d 1
0 0 1 0 -9 ffffbb8d 1
0 0 1 70 -70 ffffbb8d 1
0 0 1 0 118 ffffa869 1
0 0 1 99 -40 ffffa869 1
0 0 1 -88 92 ffff98f1 1
0 0 1 88 103 ffff7951 1
0 0 1 -59 51 ffff9cb9 1
0 0 1 -77 74 ffff90f8 1
0 0 1 -78 0 ffff7ab6 1
0 0 1 84 0 ffff7ab6 1
0 0 1 -30 -47 ffff7ab6 1
0 0 1 89 -9 ffff8038 1
0 0 1 -53 12 ffff7d17 1
0 0 1 -106 -76 ffff7a9b 1
0 0 1 -65 65 ffff9a13 1
0 0 1 -15 60 ffff8992 1
0 0 1 -80 108 ffff860e 1
0 0 1 -11 15 ffff644e 1
0 0 1 -16 92 ffff63a9 1
0 0 1 -34 51 ffff5de9 1
0 0 1 0 46 ffff5723 1
0 0 1 -1 -109 ffff5723 1
0 0 1 0 47 ffff5790 1
0 0 1 -43 -49 ffff5790 1
0 0 1 -46 117 ffff5fcb 1
0 0 1 0 44 ffff4ac5 1
0 0 1 0 92 ffff4ac5 1
0 0 1 -10 -62 ffff4ac5 1
0 0 1 0 -44 ffff4d31 1
0 0 1 20 -71 ffff4d31 1
0 0 1 -81 4 ffff47a5 1
0 0 1 -35 -86 ffff4661 1
0 0 1 0 -115 ffff5223 1
0 0 1 64 27 ffff5223 1
0 0 1 109 26 ffff58e3 1
0 0 1 89 0 ffff63f5 1
0 0 1 -28 2 ffff63f5 1
0 0 1 -52 14 ffff63bd 1
0 0 1 -27 -125 ffff60e5 1
0 0 1 12 27 ffff6e14 1
0 0 1 -93 119 ffff6f58 1
0 0 1 -86 76 ffff441d 1
0 0 1 54 0 ffff2a95 1
0 0 1 19 -14 ffff2a95 1
0 0 1 122 -39 ffff298b 1
0 0 1 -86 75 ffff16f5 1
0 0 1 -28 17 fffefdc3 1
0 0 1 0 -23 fffefbe7 1
0 0 1 98 -113 fffefbe7 1
0 0 1 4 65 fffed0a5 1
0 0 1 -121 -123 fffed1a9 1
0 0 1 0 -68 ffff0bcc 1
0 0 1 110 67 ffff0bcc 1
0 0 1 -39 0 ffff2896 1
0 0 1 0 30 ffff2896 1
0 0 1 -28 79 ffff2896 1
0 0 1 -43 37 ffff1ff2 1
0 0 1 -37 54 ffff19bb 1
0 0 1 75 -26 ffff11ed 1
0 0 1 -22 -102 ffff0a4f 1
0 0 1 0 15 ffff1313 1
0 0 1 0 82 ffff1313 1
0 0 1 94 -11 ffff1313 1
0 0 1 -18 0 ffff0f09 1
0 0 1 116 110 ffff0f09 1
0 0 1 -32 0 ffff40e1 1
0 0 1 -107 107 ffff40e1 1
0 0 1 -118 0 ffff1428 1
0 0 1 6 -37 ffff1428 1
0 0 1 0 -59 ffff134a 1
0 0 1 98 38 ffff134a 1
0 0 1 -5 -21 ffff21d6 1
0 0 1 22 -9 ffff223f 1
0 0 1 -30 -127 ffff2179 1
0 0 1 126 110 ffff305b 1
0 0 1 1 4 ffff667f 1
0 0 1 1 126 ffff6683 1
0 0 1 -36 102 ffff6701 1
0 0 1 58 0 ffff58a9 1
0 0 1 -57 30 ffff58a9 1
0 0 1 -86 -69 ffff51fb 1
0 0 1 37 -32 ffff6929 1
0 0 1 24 85 ffff6489 1
0 0 1 -71 71 ffff6c81 1
0 0 1 0 -114 ffff58d0 1
0 0 1 110 -112 ffff58d0 1
0 0 1 96 0 ffff28b0 1
0 0 1 -96 114 ffff28b0 1
0 0 1 14 -30 fffefdf0 1
0 0 1 0 -10 fffefc4c 1
0 0 1 -8 -59 fffefc4c 1
0 0 1 7 -49 fffefe24 1
0 0 1 107 85 fffefccd 1
0 0 1 -116 41 ffff2054 1
0 0 1 84 72 ffff0dc0 1
0 0 1 89 -60 ffff2560 1
0 0 1 72 -31 ffff1084 1
0 0 1 40 0 ffff07cc 1
0 0 1 0 -24 ffff07cc 1
0 0 1 45 -121 ffff07cc 1
0 0 1 -52 -105 fffef287 1
0 0 1 -20 10 ffff07db 1
0 0 1 -98 116 ffff0713 1
0 0 1 -20 -4 fffedaab 1
0 0 1 65 77 fffedafb 1
0 0 1 0 -25 fffeee88 1
0 0 1 87 -3 fffeee88 1
0 0 1 -109 60 fffeed83 1
0 0 1 -45 106 fffed3f7 1
0 0 1 123 85 fffec155 1
0 0 1 -60 -33 fffeea2c 1
0 0 1 79 -83 fffef1e8 1
0 0 1 87 -89 fffed84b 1
0 0 1 0 -8 fffeba0c 1
0 0 1 14 -8 fffeba0c 1
0 0 1 0 -116 fffeb99c 1
0 0 1 106 -76 fffeb99c 1
0 0 1 113 27 fffe9a24 1
0 0 1 -29 70 fffea60f 1
0 0 1 -107 112 fffe9e21 1
0 0 1 49 -106 fffe6f51 1
0 0 1 77 -125 fffe5b07 1
0 0 1 11 9 fffe356e 1
0 0 1 35 -120 fffe35d1 1
0 0 1 0 -69 fffe2569 1
0 0 1 -19 125 fffe2569 1
0 0 1 -67 -90 fffe1c22 1
0 0 1 0 16 fffe33b0 1
0 0 1 86 -119 fffe33b0 1
0 0 1 -47 -7 fffe0bb6 1
0 0 1 0 27 fffe0cff 1
0 0 1 -121 0 fffe0cff 1
0 0 1 -41 12 fffe0cff 1
0 0 1 32 -91 fffe0b13 1
0 0 1 -124 -120 fffdffb3 1
0 0 1 14 110 fffe39d3 1
0 0 1 -43 -49 fffe3fd7 1
0 0 1 -80 -61 fffe4812 1
0 0 1 -100 0 fffe5b22 1
0 0 1 18 50 fffe5b22 1
0 0 1 48 57 fffe5ea6 1
0 0 1 0 41 fffe6956 1
0 0 1 -123 -121 fffe6956 1
0 0 1 30 92 fffea379 1
0 0 1 90 43 fffeae41 1
0 0 1 -94 -104 fffebd5f 1
0 0 1 2 -29 fffee38f 1
0 0 1 -103 -19 fffee355 1
0 0 1 87 -105 fffeeafa 1
0 0 1 4 -75 fffec74b 1
0 0 1 -78 -17 fffec61f 1
0 0 1 -101 -50 fffecb4d 1
0 0 1 110 -17 fffedf07 1
0 0 1 -100 -78 fffed7b9 1
0 0 1 10 0 fffef631 1
0 0 1 118 5 fffef631 1
0 0 1 -69 12 fffef87f 1
0 0 1 6 58 fffef543 1
0 0 1 14 -97 fffef69f 1
0 0 1 6 -79 fffef151 1
0 0 1 80 65 fffeef77 1
0 0 1 71 72 ffff03c7 1
0 0 1 34 18 ffff17bf 1
0 0 1 -119 103 ffff1a23 1
0 0 1 0 -45 fffeea42 1
0 0 1 111 0 fffeea42 1
0 0 1 0 10 fffeea42 1
0 0 1 -8 96 fffeea42 1
0 0 1 -77 -35 fffee742 1
0 0 1 -82 91 fffef1c9 1
0 0 1 -117 45 fffed4a3 1
0 0 1 93 10 fffec012 1
0 0 1 89 -114 fffec3b4 1
0 0 1 36 69 fffe9c12 1
0 0 1 -15 90 fffea5c6 1
0 0 1 0 -51 fffea080 1
0 0 1 79 -4 fffea080 1
0 0 1 0 29 fffe9f44 1
0 0 1 29 66 fffe9f44 1
0 0 1 120 113 fffea6be 1
0 0 1 53 0 fffedbb6 1
0 0 1 -69 -55 fffedbb6 1
0 0 1 0 -79 fffeea89 1
0 0 1 32 21 fffeea89 1
0 0 1 -78 -29 fffeed29 1
0 0 1 0 85 fffef5ff 1
0 0 1 -51 -78 fffef5ff 1
0 0 1 90 86 ffff0589 1
0 0 1 71 97 ffff23c5 1
0 0 1 0 111 ffff3eac 1
0 0 1 -7 43 ffff3eac 1
0 0 1 -9 -94 ffff3d7f 1
0 0 1 -66 -29 ffff40cd 1
0 0 1 0 -120 ffff4847 1
0 0 1 -52 -49 ffff4847 1
0 0 1 22 0 ffff523b 1
0 0 1 -5 0 ffff523b 1
0 0 1 33 95 ffff523b 1
0 0 1 0 -68 ffff5e7a 1
0 0 1 3 -46 ffff5e7a 1
0 0 1 -55 107 ffff5df0 1
0 0 1 57 -68 ffff46f3 1
0 0 1 -34 94 ffff37cf 1
0 0 1 38 -8 ffff2b53 1
0 0 1 -58 97 ffff2a23 1
0 0 1 0 71 ffff1429 1
0 0 1 -113 38 ffff1429 1
0 0 1 55 0 ffff0363 1
0 0 1 0 -113 ffff0363 1
0 0 1 61 -85 ffff0363 1
0 0 1 0 100 fffeef22 1
0 0 1 0 -41 fffeef22 1
0 0 1 -51 -35 fffeef22 1
0 0 1 -83 0 fffef61b 1
0 0 1 25 0 fffef61b 1
0 0 1 -37 0 fffef61b 1
0 0 1 -67 15 fffef61b 1
0 0 1 -94 -115 fffef22e 1
0 0 1 -38 75 ffff1c68 1
0 0 1 95 0 ffff1146 1
0 0 1 56 0 ffff1146 1
0 0 1 -58 100 ffff1146 1
0 0 1 -32 -41 fffefa9e 1
0 0 1 17 115 fffeffbe 1
0 0 1 -55 108 ffff0761 1
0 0 1 0 -113 fffef02d 1
0 0 1 -76 115 fffef02d 1
0 0 1 69 -114 fffece09 1
0 0 1 100 0 fffeaf4f 1
0 0 1 -119 6 fffeaf4f 1
0 0 1 -17 87 fffeac85 1
0 0 1 -112 93 fffea6be 1
0 0 1 54 -71 fffe7e0e 1
0 0 1 -28 12 fffe6f14 1
0 0 1 93 -2 fffe6dc4 1
0 0 1 21 -101 fffe6d0a 1
0 0 1 94 43 fffe64c1 1
0 0 1 -72 117 fffe748b 1
0 0 1 -28 6 fffe53a3 1
0 0 1 41 99 fffe52fb 1
0 0 1 120 -13 fffe62d6 1
0 0 1 -31 -20 fffe5cbe 1
0 0 1 0 -52 fffe5f2a 1
0 0 1 -41 123 fffe5f2a 1
0 0 1 15 39 fffe4b77 1
0 0 1 22 115 fffe4dc0 1
0 0 1 -102 126 fffe57a2 1
0 0 1 95 0 fffe256e 1
0 0 1 50 -80 fffe256e 1
0 0 1 -128 109 fffe15ce 1
0 0 1 -69 0 fffddf4e 1
0 0 1 -82 -5 fffddf4e 1
0 0 1 -14 50 fffde0e8 1
0 0 1 120 24 fffdde2c 1
0 0 1 0 -101 fffde96c 1
0 0 1 41 -98 fffde96c 1
0 0 1 0 104 fffdd9ba 1
0 0 1 0 -73 fffdd9ba 1
0 0 1 -42 -77 fffdd9ba 1
0 0 1 -93 30 fffde65c 1
0 0 1 0 95 fffddb76 1
0 0 1 0 -66 fffddb76 1
0 0 1 -73 0 fffddb76 1
0 0 1 -122 87 fffddb76 1
0 0 1 37 82 fffdb200 1
0 0 1 109 -117 fffdbdda 1
0 0 1 0 70 fffd8c09 1
0 0 1 76 -56 fffd8c09 1
0 0 1 0 -29 fffd7b69 1
0 0 1 17 102 fffd7b69 1
0 0 1 -117 36 fffd822f 1
0 0 1 -35 0 fffd71bb 1
0 0 1 74 -85 fffd71bb 1
0 0 1 0 -14 fffd5929 1
0 0 1 101 0 fffd5929 1
0 0 1 54 -122 fffd5929 1
0 0 1 -117 0 fffd3f6d 1
0 0 1 70 116 fffd3f6d 1
0 0 1 113 15 fffd5f25 1
0 0 1 -59 -41 fffd65c4 1
0 0 1 123 55 fffd6f37 1
0 0 1 -45 -75 fffd89a4 1
0 0 1 118 -127 fffd96d3 1
0 0 1 39 -123 fffd5c49 1
0 0 1 -6 0 fffd498c 1
0 0 1 51 -89 fffd498c 1
0 0 1 108 25 fffd37d1 1
0 0 1 -111 0 fffd425d 1
0 0 1 0 -21 fffd425d 1
0 0 1 -40 -39 fffd425d 1
0 0 1 -47 -81 fffd4875 1
0 0 1 0 -41 fffd5754 1
0 0 1 -123 12 fffd5754 1
0 0 1 -108 99 fffd5190 1
0 0 1 0 -57 fffd27cc 1
0 0 1 -45 -125 fffd27cc 1
0 0 1 36 0 fffd3dc5 1
0 0 1 -12 -37 fffd3dc5 1
0 0 1 -60 -94 fffd3f81 1
0 0 1 25 93 fffd5589 1
0 0 1 79 0 fffd5e9e 1
0 0 1 -94 81 fffd5e9e 1
0 0 1 -85 0 fffd40e0 1
0 0 1 68 0 fffd40e0 1
0 0 1 -107 14 fffd40e0 1
0 0 1 43 -100 fffd3b06 1
0 0 1 36 -41 fffd2a3a 1
0 0 1 -21 -40 fffd2476 1
0 0 1 -2 13 fffd27be 1
0 0 1 0 -75 fffd27a4 1
0 0 1 -33 59 fffd27a4 1
0 0 1 22 120 fffd2009 1
0 0 1 12 0 fffd2a59 1
0 0 1 126 40 fffd2a59 1
0 0 1 0 30 fffd3e09 1
0 0 1 100 -103 fffd3e09 1
0 0 1 -51 69 fffd15cd 1
0 0 1 32 -55 fffd080e 1
0 0 1 120 84 fffd012e 1
0 0 1 17 0 fffd288e 1
0 0 1 -21 -124 fffd288e 1
0 0 1 -22 -10 fffd32ba 1
0 0 1 108 -5 fffd3396 1
0 0 1 4 -85 fffd317a 1
0 0 1 -122 29 fffd3026 1
0 0 1 16 -81 fffd2254 1
0 0 1 -63 35 fffd1d44 1
0 0 1 -102 -105 fffd14a7 1
0 0 1 115 65 fffd3e7d 1
0 0 1 -103 27 fffd5bb0 1
0 0 1 -88 -123 fffd50d3 1
0 0 1 -33 0 fffd7b1b 1
0 0 1 0 -35 fffd7b1b 1
0 0 1 -59 -95 fffd7b1b 1
0 0 1 0 42 fffd9100 1
0 0 1 56 115 fffd9100 1
0 0 1 71 0 fffdaa28 1
0 0 1 91 -4 fffdaa28 1
0 0 1 2 18 fffda8bc 1
0 0 1 -56 -61 fffda8e0 1
0 0 1 26 -107 fffdb638 1
0 0 1 57 4 fffdab5a 1
0 0 1 0 21 fffdac3e 1
0 0 1 12 -99 fffdac3e 1
0 0 1 102 95 fffda79a 1
0 0 1 0 -114 fffdcd74 1
0 0 1 0 8 fffdcd74 1
0 0 1 59 89 fffdcd74 1
0 0 1 -126 44 fffde1f7 1
0 0 1 100 11 fffdcc4f 1
0 0 1 -112 -123 fffdd09b 1
0 0 1 119 0 fffe066b 1
0 0 1 110 11 fffe066b 1
0 0 1 6 -77 fffe0b25 1
0 0 1 120 -83 fffe0957 1
0 0 1 0 26 fffde26f 1
0 0 1 0 -28 fffde26f 1
0 0 1 -94 13 fffde26f 1
0 0 1 48 43 fffddda9 1
0 0 1 -21 -83 fffde5b9 1
0 0 1 -72 -111 fffdec88 1
0 0 1 122 97 fffe0bc0 1
0 0 1 0 100 fffe39fa 1
0 0 1 0 -108 fffe39fa 1
0 0 1 -88 108 fffe39fa 1
0 0 1 -78 23 fffe14da 1
0 0 1 8 -45 fffe0dd8 1
0 0 1 0 -12 fffe0c70 1
0 0 1 -35 0 fffe0c70 1
0 0 1 75 57 fffe0c70 1
0 0 1 127 0 fffe1d23 1
0 0 1 62 0 fffe1d23 1
0 0 1 0 -13 fffe1d23 1
0 0 1 -59 120 fffe1d23 1
0 0 1 0 -118 fffe017b 1
0 0 1 -35 -111 fffe017b 1
0 0 1 -15 -113 fffe10a8 1
0 0 1 93 -23 fffe1747 1
0 0 1 -88 -83 fffe0eec 1
0 0 1 -22 -82 fffe2b74 1
0 0 1 0 105 fffe3280 1
0 0 1 25 -12 fffe3280 1
0 0 1 0 -64 fffe3154 1
0 0 1 8 -96 fffe3154 1
0 0 1 -3 64 fffe2e54 1
0 0 1 96 -39 fffe2d94 1
0 0 1 26 -53 fffe1ef4 1
0 0 1 -18 34 fffe1992 1
0 0 1 -23 -9 fffe172e 1
0 0 1 110 -47 fffe17fd 1
0 0 1 0 -80 fffe03cb 1
0 0 1 33 44 fffe03cb 1
0 0 1 -109 -110 fffe0977 1
0 0 1 -31 20 fffe384d 1
0 0 1 0 22 fffe35e1 1
0 0 1 -63 66 fffe35e1 1
0 0 1 67 48 fffe25a3 1
0 0 1 -24 68 fffe3233 1
0 0 1 0 100 fffe2bd3 1
0 0 1 0 77 fffe2bd3 1
0 0 1 0 33 fffe2bd3 1
0 0 1 0 80 fffe2bd3 1
0 0 1 0 -22 fffe2bd3 1
0 0 1 -60 0 fffe2bd3 1
0 0 1 -98 -109 fffe2bd3 1
0 0 1 108 24 fffe558d 1
0 0 1 116 104 fffe5fad 1
0 0 1 33 19 fffe8ecd 1
0 0 1 113 -7 fffe9140 1
0 0 1 -126 0 fffe8e29 1
0 0 1 -95 -71 fffe8e29 1
0 0 1 -40 -13 fffea882 1
0 0 1 -81 69 fffeaa8a 1
0 0 1 0 127 fffe94b5 1
0 0 1 -62 -113 fffe94b5 1
0 0 1 31 59 fffeb013 1
0 0 1 0 -4 fffeb738 1
0 0 1 102 96 fffeb738 1
0 0 1 -19 0 fffedd78 1
0 0 1 0 29 fffedd78 1
0 0 1 0 -4 fffedd78 1
0 0 1 0 54 fffedd78 1
0 0 1 0 51 fffedd78 1
0 0 1 -37 68 fffedd78 1
0 0 1 -72 74 fffed3a4 1
0 0 1 14 -19 fffebed4 1
0 0 1 -45 -7 fffebdca 1
0 0 1 120 45 fffebf05 1
0 0 1 58 -1 fffed41d 1
0 0 1 95 0 fffed3e3 1
0 0 1 -63 42 fffed3e3 1
0 0 1 7 44 fffec98d 1
0 0 1 103 55 fffecac1 1
0 0 1 -70 2 fffee0e2 1
0 0 1 -19 0 fffee056 1
0 0 1 0 -77 fffee056 1
0 0 1 -108 -128 fffee056 1
0 0 1 -51 60 ffff1656 1
0 0 1 0 27 ffff0a62 1
0 0 1 0 -24 ffff0a62 1
0 0 1 -96 17 ffff0a62 1
0 0 1 -89 33 ffff0402 1
0 0 1 0 -48 fffef889 1
0 0 1 -42 95 fffef889 1
0 0 1 -19 0 fffee8f3 1
0 0 1 -97 -67 fffee8f3 1
0 0 1 -77 -39 ffff0256 1
0 0 1 11 0 ffff0e11 1
0 0 1 101 0 ffff0e11 1
0 0 1 30 20 ffff0e11 1
0 0 1 -98 106 ffff1069 1
0 0 1 -109 -5 fffee7d5 1
0 0 1 0 71 fffee9f6 1
0 0 1 83 0 fffee9f6 1
0 0 1 -94 -122 fffee9f6 1
0 0 1 -117 0 ffff16c2 1
0 0 1 0 -74 ffff16c2 1
0 0 1 -18 73 ffff16c2 1
0 0 1 -109 -69 ffff11a0 1
0 0 1 -59 15 ffff2f01 1
0 0 1 0 61 ffff2b8c 1
0 0 1 -93 22 ffff2b8c 1
0 0 1 -127 6 ffff238e 1
0 0 1 91 83 ffff2094 1
0 0 1 -103 0 ffff3e15 1
0 0 1 -70 -94 ffff3e15 1
0 0 1 69 54 ffff57c9 1
0 0 1 96 -25 ffff6657 1
0 0 1 23 -88 ffff5cf7 1
0 0 1 0 -13 ffff550f 1
0 0 1 -121 -19 ffff550f 1
0 0 1 -62 0 ffff5e0a 1
0 0 1 102 -119 ffff5e0a 1
0 0 1 108 34 ffff2ea0 1
0 0 1 -77 -79 ffff3cf8 1
0 0 1 -49 -7 ffff54bb 1
0 0 1 -51 94 ffff5612 1
0 0 1 0 -65 ffff4358 1
0 0 1 -85 -87 ffff4358 1
0 0 1 -91 -11 ffff603b 1
0 0 1 -71 121 ffff6424 1
0 0 1 -39 93 ffff4295 1
0 0 1 -58 -59 ffff346a 1
0 0 1 -84 -110 ffff41c8 1
0 0 1 -123 0 ffff65e0 1
0 0 1 -75 -123 ffff65e0 1
0 0 1 97 -39 ffff89e9 1
0 0 1 63 9 ffff7b22 1
0 0 1 0 -77 ffff7d59 1
0 0 1 40 -110 ffff7d59 1
0 0 1 61 -73 ffff6c29 1
0 0 1 127 0 ffff5ac4 1
0 0 1 13 83 ffff5ac4 1
0 0 1 -29 -84 ffff5efb 1
0 0 1 -77 114 ffff687f 1
0 0 1 -64 94 ffff4635 1
0 0 1 107 -77 ffff2eb5 1
0 0 1 -58 -95 ffff0e86 1
0 0 1 123 0 ffff240c 1
0 0 1 -72 120 ffff240c 1
0 0 1 -2 -30 ffff024c 1
0 0 1 124 123 ffff0288 1
0 0 1 88 11 ffff3e1c 1
0 0 1 -51 -14 ffff41e4 1
0 0 1 68 19 ffff44ae 1
0 0 1 -101 0 ffff49ba 1
0 0 1 -1 118 ffff49ba 1
0 0 1 120 -31 ffff4944 1
0 0 1 99 -8 ffff3abc 1
0 0 1 0 -44 ffff37a4 1
0 0 1 89 0 ffff37a4 1
0 0 1 -28 0 ffff37a4 1
0 0 1 46 102 ffff37a4 1
0 0 1 96 38 ffff49f8 1
0 0 1 -30 -68 ffff5838 1
0 0 1 0 -99 ffff6030 1
0 0 1 30 -96 ffff6030 1
0 0 1 0 114 ffff54f0 1
0 0 1 97 61 ffff54f0 1
0 0 1 -17 13 ffff6c0d 1
0 0 1 0 30 ffff6b30 1
0 0 1 13 114 ffff6b30 1
0 0 1 -109 -83 ffff70fa 1
0 0 1 81 -41 ffff9451 1
0 0 1 24 -59 ffff8758 1
0 0 1 85 57 ffff81d0 1
0 0 1 -57 17 ffff94bd 1
0 0 1 98 -54 ffff90f4 1
0 0 1 -30 -126 ffff7c48 1
0 0 1 0 18 ffff8b0c 1
0 0 1 124 -35 ffff8b0c 1
0 0 1 -112 57 ffff7a18 1
0 0 1 -55 28 ffff6128 1
0 0 1 -24 -88 ffff5b24 1
0 0 1 -62 -126 ffff6364 1
0 0 1 -109 116 ffff81e8 1
0 0 1 25 -58 ffff5084 1
0 0 1 -54 34 ffff4ada 1
0 0 1 -3 -63 ffff43ae 1
0 0 1 -17 0 ffff446b 1
0 0 1 -19 -1 ffff446b 1
0 0 1 -103 108 ffff447e 1
0 0 1 25 67 ffff190a 1
0 0 1 -30 -11 ffff1f95 1
0 0 1 124 -81 ffff20df 1
0 0 1 68 0 fffef9a3 1
0 0 1 90 -123 fffef9a3 1
0 0 1 -75 106 fffece65 1
0 0 1 -83 -15 fffeaf57 1
0 0 1 38 -71 fffeb434 1
0 0 1 104 0 fffea9aa 1
0 0 1 -68 0 fffea9aa 1
0 0 1 -18 0 fffea9aa 1
0 0 1 0 101 fffea9aa 1
0 0 1 82 -29 fffea9aa 1
0 0 1 21 59 fffea060 1
0 0 1 -14 24 fffea537 1
0 0 1 0 112 fffea3e7 1
0 0 1 -125 73 fffea3e7 1
0 0 1 -97 -37 fffe8042 1
0 0 1 3 -90 fffe8e47 1
0 0 1 126 24 fffe8d39 1
0 0 1 27 0 fffe9909 1
0 0 1 95 8 fffe9909 1
0 0 1 70 -103 fffe9c01 1
0 0 1 -74 118 fffe7fd7 1
0 0 1 -99 -98 fffe5dbb 1
0 0 1 70 0 fffe83a1 1
0 0 1 -73 -39 fffe83a1 1
0 0 1 105 58 fffe8ec0 1
0 0 1 0 15 fffea68a 1
0 0 1 -37 40 fffea68a 1
0 0 1 120 -17 fffea0c2 1
0 0 1 111 -92 fffe98ca 1
0 0 1 7 98 fffe70e6 1
0 0 1 -78 95 fffe7394 1
0 0 1 -90 -115 fffe56a2 1
0 0 1 97 -47 fffe7f10 1
0 0 1 -98 0 fffe6d41 1
0 0 1 28 104 fffe6d41 1
0 0 1 0 97 fffe78a1 1
0 0 1 94 -13 fffe78a1 1
0 0 1 -60 27 fffe73db 1
0 0 1 12 0 fffe6d87 1
0 0 1 -48 2 fffe6d87 1
0 0 1 -96 97 fffe6d27 1
0 0 1 -128 -105 fffe48c7 1
0 0 1 -104 26 fffe7d47 1
0 0 1 -79 0 fffe72b7 1
0 0 1 123 93 fffe72b7 1
0 0 1 -25 -101 fffe9f66 1
0 0 1 -66 35 fffea943 1
0 0 1 59 87 fffea03d 1
0 0 1 -62 78 fffeb44a 1
0 0 1 33 0 fffea166 1
0 0 0 37 -83 fffea166 1
0 0 0 -49 72 fffea166 0
