1 0 0 0 0 00000000 0
1 0 0 0 0 00000000 0
1 0 0 0 0 00000000 0
0 0 1 0 -28 00000000 0
0 0 1 0 111 00000000 1
0 0 1 -78 0 00000000 1
0 0 1 0 101 00000000 1
0 0 1 0 107 00000000 1
0 0 1 -28 0 00000000 1
0 0 1 0 58 00000000 1
0 0 1 36 0 00000000 1
0 0 1 0 11 00000000 1
0 0 1 -78 0 00000000 1
0 0 1 -35 0 00000000 1
0 0 1 -19 0 00000000 1
0 0 1 83 0 00000000 1
0 0 1 0 -111 00000000 1
0 0 1 12 0 00000000 1
0 0 1 -100 0 00000000 1
0 0 1 0 94 00000000 1
0 0 1 0 -77 00000000 1
0 0 1 -103 0 00000000 1
0 0 1 25 0 00000000 1
0 0 1 0 34 00000000 1
0 0 1 121 0 00000000 1
0 0 1 0 -9 00000000 1
0 0 1 0 -8 00000000 1
0 0 1 0 -94 00000000 1
0 0 1 84 0 00000000 1
0 0 1 0 -118 00000000 1
0 0 1 66 0 00000000 1
0 0 1 0 -41 00000000 1
0 0 1 95 0 00000000 1
0 0 1 0 -113 00000000 1
0 0 1 0 -99 00000000 1
0 0 1 0 -17 00000000 1
0 0 1 25 0 00000000 1
0 0 1 0 29 00000000 1
0 0 1 33 0 00000000 1
0 0 1 -25 0 00000000 1
0 0 1 0 -24 00000000 1
0 0 1 0 117 00000000 1
0 0 1 0 8 00000000 1
0 0 1 -98 0 00000000 1
0 0 1 0 -24 00000000 1
0 0 1 0 17 00000000 1
0 0 1 0 -113 00000000 1
0 0 1 -5 0 00000000 1
0 0 1 101 0 00000000 1
0 0 1 0 61 00000000 1
0 0 1 0 -48 00000000 1
0 0 1 0 30 00000000 1
0 0 1 0 100 00000000 1
0 0 1 0 71 00000000 1
0 0 1 0 -75 00000000 1
0 0 1 -4 0 00000000 1
0 0 1 93 0 00000000 1
0 0 1 0 14 00000000 1
0 0 1 0 99 00000000 1
0 0 1 0 71 00000000 1
0 0 1 -25 0 00000000 1
0 0 1 -68 0 00000000 1
0 0 1 56 0 00000000 1
0 0 1 62 0 00000000 1
0 0 1 28 0 00000000 1
0 0 1 0 -45 00000000 1
0 0 1 15 0 00000000 1
0 0 1 0 90 00000000 1
0 0 1 0 -23 00000000 1
0 0 1 0 -66 00000000 1
0 0 1 104 0 00000000 1
0 0 1 79 0 00000000 1
0 0 1 -62 0 00000000 1
0 0 1 -121 0 00000000 1
0 0 1 0 -52 00000000 1
0 0 1 110 0 00000000 1
0 0 1 36 0 00000000 1
0 0 1 25 0 00000000 1
0 0 1 0 100 00000000 1
0 0 1 0 -64 00000000 1
0 0 1 0 24 00000000 1
0 0 1 80 0 00000000 1
0 0 1 54 0 00000000 1
0 0 1 0 113 00000000 1
0 0 1 0 70 00000000 1
0 0 1 0 -108 00000000 1
0 0 1 0 27 00000000 1
0 0 1 0 47 00000000 1
0 0 1 0 77 00000000 1
0 0 1 42 0 00000000 1
0 0 1 -6 0 00000000 1
0 0 1 22 0 00000000 1
0 0 1 75 0 00000000 1
0 0 1 67 0 00000000 1
0 0 1 0 -57 00000000 1
0 0 1 0 39 00000000 1
0 0 1 -25 0 00000000 1
0 0 1 -18 0 00000000 1
0 0 1 0 47 00000000 1
0 0 1 0 8 00000000 1
0 0 1 0 -15 00000000 1
0 0 1 0 -113 00000000 1
0 0 1 0 10 00000000 1
0 0 1 0 92 00000000 1
0 0 1 65 0 00000000 1
0 0 1 -81 0 00000000 1
0 0 1 0 18 00000000 1
0 0 1 101 0 00000000 1
0 0 1 -85 0 00000000 1
0 0 1 0 33 00000000 1
0 0 1 11 0 00000000 1
0 0 1 0 -13 00000000 1
0 0 1 0 -44 00000000 1
0 0 1 0 82 00000000 1
0 0 1 0 102 00000000 1
0 0 1 0 42 00000000 1
0 0 1 0 -4 00000000 1
0 0 1 0 46 00000000 1
0 0 1 60 0 00000000 1
0 0 1 -83 0 00000000 1
0 0 1 0 95 00000000 1
0 0 1 90 0 00000000 1
0 0 1 -34 0 00000000 1
0 0 1 0 -95 00000000 1
0 0 1 0 70 00000000 1
0 0 1 0 -13 00000000 1
0 0 1 -15 0 00000000 1
0 0 1 118 0 00000000 1
0 0 1 -96 0 00000000 1
0 0 1 0 -44 00000000 1
0 0 1 0 104 00000000 1
0 0 1 0 26 00000000 1
0 0 1 0 -69 00000000 1
0 0 1 -37 0 00000000 1
0 0 1 0 37 00000000 1
0 0 1 0 85 00000000 1
0 0 1 -33 0 00000000 1
0 0 1 -17 0 00000000 1
0 0 1 -118 0 00000000 1
0 0 1 0 127 00000000 1
0 0 1 0 74 00000000 1
0 0 1 0 -25 00000000 1
0 0 1 0 -80 00000000 1
0 0 1 0 -24 00000000 1
0 0 1 0 -41 00000000 1
0 0 1 0 -12 00000000 1
0 0 1 0 -66 00000000 1
0 0 1 100 0 00000000 1
0 0 1 95 0 00000000 1
0 0 1 0 -4 00000000 1
0 0 1 0 44 00000000 1
0 0 1 0 -69 00000000 1
0 0 1 0 42 00000000 1
0 0 1 0 29 00000000 1
0 0 1 -39 0 00000000 1
0 0 1 -98 0 00000000 1
0 0 1 0 -17 00000000 1
0 0 1 0 -81 00000000 1
0 0 1 -49 0 00000000 1
0 0 1 22 0 00000000 1
0 0 1 -42 0 00000000 1
0 0 1 89 0 00000000 1
0 0 1 0 -29 00000000 1
0 0 1 -123 0 00000000 1
0 0 1 0 -68 00000000 1
0 0 1 79 0 00000000 1
0 0 1 0 -99 00000000 1
0 0 1 0 -21 00000000 1
0 0 1 68 0 00000000 1
0 0 1 -36 0 00000000 1
0 0 1 -126 0 00000000 1
0 0 1 0 -35 00000000 1
0 0 1 0 30 00000000 1
0 0 1 17 0 00000000 1
0 0 1 0 58 00000000 1
0 0 1 -124 0 00000000 1
0 0 1 -119 0 00000000 1
0 0 1 -111 0 00000000 1
0 0 1 0 -68 00000000 1
0 0 1 0 71 00000000 1
0 0 1 0 41 00000000 1
0 0 1 0 12 00000000 1
0 0 1 71 0 00000000 1
0 0 1 27 0 00000000 1
0 0 1 0 -77 00000000 1
0 0 1 0 15 00000000 1
0 0 1 127 0 00000000 1
0 0 1 55 0 00000000 1
0 0 1 0 29 00000000 1
0 0 1 0 -101 00000000 1
0 0 1 0 22 00000000 1
0 0 1 40 0 00000000 1
0 0 1 12 0 00000000 1
0 0 1 0 114 00000000 1
0 0 1 122 0 00000000 1
0 0 1 0 -63 00000000 1
0 0 1 81 0 00000000 1
0 0 1 0 56 00000000 1
0 0 1 96 0 00000000 1
0 0 1 0 105 00000000 1
0 0 1 0 -55 00000000 1
0 0 1 98 0 00000000 1
0 0 1 0 -114 00000000 1
0 0 1 -120 0 00000000 1
0 0 1 0 -114 00000000 1
0 0 1 -109 0 00000000 1
0 0 1 26 0 00000000 1
0 0 1 0 -59 00000000 1
0 0 1 0 80 00000000 1
0 0 1 0 30 00000000 1
0 0 1 -38 0 00000000 1
0 0 1 0 -79 00000000 1
0 0 1 0 31 00000000 1
0 0 1 110 0 00000000 1
0 0 1 0 -14 00000000 1
0 0 1 30 0 00000000 1
0 0 1 0 97 00000000 1
0 0 1 0 -116 00000000 1
0 0 1 0 -26 00000000 1
0 0 1 -73 0 00000000 1
0 0 1 0 50 00000000 1
0 0 1 75 0 00000000 1
0 0 1 0 85 00000000 1
0 0 1 0 82 00000000 1
0 0 1 0 61 00000000 1
0 0 1 0 34 00000000 1
0 0 1 115 0 00000000 1
0 0 1 -69 0 00000000 1
0 0 1 0 54 00000000 1
0 0 1 0 -69 00000000 1
0 0 1 -19 0 00000000 1
0 0 1 0 85 00000000 1
0 0 1 0 -115 00000000 1
0 0 1 0 82 00000000 1
0 0 1 -55 0 00000000 1
0 0 1 10 0 00000000 1
0 0 1 0 -120 00000000 1
0 0 1 -101 0 00000000 1
0 0 1 58 0 00000000 1
0 0 1 -60 0 00000000 1
0 0 1 0 -74 00000000 1
0 0 1 96 0 00000000 1
0 0 1 0 96 00000000 1
0 0 1 53 0 00000000 1
0 0 1 -117 0 00000000 1
0 0 1 -90 0 00000000 1
0 0 1 0 77 00000000 1
0 0 1 44 0 00000000 1
0 0 1 111 0 00000000 1
0 0 1 36 0 00000000 1
0 0 1 95 0 00000000 1
0 0 1 0 -10 00000000 1
0 0 1 0 -112 00000000 1
0 0 1 0 27 00000000 1
0 0 1 -32 0 00000000 1
0 0 1 -120 0 00000000 1
0 0 1 -7 0 00000000 1
0 0 1 109 0 00000000 1
0 0 1 0 -65 00000000 1
0 0 1 -26 0 00000000 1
0 0 1 -58 0 00000000 1
0 0 1 -19 0 00000000 1
0 0 1 0 -22 00000000 1
0 0 1 -79 0 00000000 1
0 0 1 -35 0 00000000 1
0 0 1 78 0 00000000 1
0 0 1 119 0 00000000 1
0 0 1 -21 0 00000000 1
0 0 1 0 -127 00000000 1
0 0 1 127 0 00000000 1
0 0 1 70 0 00000000 1
0 0 1 -62 0 00000000 1
0 0 1 0 21 00000000 1
0 0 1 0 51 00000000 1
0 0 1 -117 0 00000000 1
0 0 1 0 -65 00000000 1
0 0 1 -18 0 00000000 1
0 0 1 0 118 00000000 1
0 0 1 0 -100 00000000 1
0 0 1 0 21 00000000 1
0 0 1 -50 0 00000000 1
0 0 1 0 -67 00000000 1
0 0 1 0 15 00000000 1
0 0 1 68 0 00000000 1
0 0 1 0 81 00000000 1
0 0 1 -35 0 00000000 1
0 0 1 40 0 00000000 1
0 0 1 -123 0 00000000 1
0 0 1 0 -116 00000000 1
0 0 1 0 16 00000000 1
0 0 1 0 -117 00000000 1
0 0 1 123 0 00000000 1
0 0 1 70 0 00000000 1
0 0 1 0 -73 00000000 1
0 0 1 0 -51 00000000 1
0 0 1 0 -68 00000000 1
0 0 1 79 0 00000000 1
0 0 1 0 -35 00000000 1
0 0 1 89 0 00000000 1
0 0 1 0 112 00000000 1
0 0 1 0 100 00000000 1
0 0 1 0 -21 00000000 1
0 0 1 0 -127 00000000 1
0 0 1 -24 -48 00000000 1
0 0 1 74 49 00000480 1
0 0 1 43 15 000012aa 1
0 0 1 -17 87 0000152f 1
0 0 1 -81 -36 00000f68 1
0 0 1 72 -31 00001acc 1
0 0 1 80 65 00001214 1
0 0 1 17 102 00002664 1
0 0 1 -109 -30 00002d2a 1
0 0 1 -117 64 000039f0 1
0 0 1 6 -77 00001cb0 1
0 0 1 30 -96 00001ae2 1
0 0 1 -85 -87 00000fa2 1
0 0 1 -74 118 00002c85 1
0 0 1 12 27 00000a69 1
0 0 1 -35 -111 00000bad 1
0 0 1 -15 -110 00001ada 1
0 0 1 -90 -121 0000214c 1
0 0 1 84 111 00004bd6 1
0 0 1 126 -77 00007042 1
0 0 1 6 58 00004a5c 1
0 0 1 -115 -116 00004bb8 1
0 0 1 120 -13 00007fd4 1
0 0 1 113 27 000079bc 1
0 0 1 -66 -29 000085a7 1
0 0 1 75 -31 00008d21 1
0 0 1 -17 13 0000840c 1
0 0 1 120 -83 0000832f 1
0 0 1 102 -119 00005c47 1
0 0 1 -64 94 00002cdd 1
0 0 1 72 90 0000155d 1
0 0 1 -51 69 00002ead 1
0 0 1 -117 36 000020ee 1
0 0 1 -95 -71 0000107a 1
0 0 1 -32 104 00002ad3 1
0 0 1 -57 -65 00001dd3 1
0 0 1 -107 112 00002c4c 1
0 0 1 71 97 fffffd7c 1
0 0 1 107 127 00001863 1
0 0 1 -100 -78 00004d78 1
0 0 1 49 -106 00006bf0 1
0 0 1 -2 28 000057a6 1
0 0 1 46 102 0000576e 1
0 0 1 -78 -29 000069c2 1
0 0 1 -72 117 00007298 1
0 0 1 -72 74 000051b0 1
0 0 1 -45 -25 00003ce0 1
0 0 1 90 43 00004145 1
0 0 1 -107 14 00005063 1
0 0 1 -49 14 00004a89 1
0 0 1 99 -45 000047db 1
0 0 1 115 65 00003674 1
0 0 1 48 43 000053a7 1
0 0 1 -9 63 00005bb7 1
0 0 1 100 -96 00005980 1
0 0 1 81 -41 00003400 1
0 0 1 97 -47 00002707 1
0 0 1 65 77 00001538 1
0 0 1 -8 96 000028c5 1
0 0 1 23 -88 000025c5 1
0 0 1 76 -91 00001ddd 1
0 0 1 -86 -69 000002d9 1
0 0 1 96 -39 00001a07 1
0 0 1 20 -71 00000b67 1
0 0 1 82 -29 000005db 1
0 0 1 -24 -88 fffffc91 1
0 0 1 -47 35 000004d1 1
0 0 1 91 -4 fffffe64 1
0 0 1 -64 -98 fffffcf8 1
0 0 1 91 -104 00001578 1
0 0 1 -30 -47 fffff080 1
0 0 1 -122 87 fffff602 1
0 0 1 69 -114 ffffcc8c 1
0 0 1 -96 17 ffffadd2 1
0 0 1 84 67 ffffa772 1
0 0 1 -40 -42 ffffbd6e 1
0 0 1 -15 -108 ffffc3fe 1
0 0 1 15 39 ffffca52 1
0 0 1 124 123 ffffcc9b 1
0 0 1 54 -89 0000082f 1
0 0 1 74 -105 fffff569 1
0 0 1 -101 -50 ffffd70f 1
0 0 1 -20 -4 ffffeac9 1
0 0 1 -84 -40 ffffeb19 1
0 0 1 -16 92 fffff839 1
0 0 1 45 -121 fffff279 1
0 0 1 16 -14 ffffdd34 1
0 0 1 14 34 ffffdc54 1
0 0 1 -80 17 ffffde30 1
0 0 1 -43 -49 ffffd8e0 1
0 0 1 -103 -61 ffffe11b 1
0 0 1 84 72 fffff9a6 1
0 0 1 -8 -46 00001146 1
0 0 1 -23 -10 000012b6 1
0 0 1 -75 106 0000139c 1
0 0 1 94 -13 fffff48e 1
0 0 1 19 -13 ffffefc8 1
0 0 1 74 -85 ffffeed1 1
0 0 1 116 110 ffffd63f 1
0 0 1 87 -89 00000817 1
0 0 1 98 -54 ffffe9d8 1
0 0 1 4 -85 ffffd52c 1
0 0 1 73 43 ffffd3d8 1
0 0 1 -113 38 ffffe01b 1
0 0 1 -51 -14 ffffcf55 1
0 0 1 -26 -93 ffffd21f 1
0 0 1 -2 -30 ffffdb91 1
0 0 1 99 -8 ffffdbcd 1
0 0 1 46 78 ffffd8b5 1
0 0 1 -75 -123 ffffe6b9 1
0 0 1 -33 59 00000ac2 1
0 0 1 56 50 00000327 1
0 0 1 -91 -9 00000e17 1
0 0 1 -43 -94 0000114a 1
0 0 1 -16 -115 00002114 1
0 0 1 51 -89 00002844 1
0 0 1 -120 31 00001689 1
0 0 1 57 53 00000801 1
0 0 1 90 8 000013ce 1
0 0 1 75 63 0000169e 1
0 0 1 -30 -127 00002913 1
0 0 1 103 -62 000037f5 1
0 0 1 -8 83 00001f03 1
0 0 1 -45 -75 00001c6b 1
0 0 1 -19 125 0000299a 1
0 0 1 36 -41 00002053 1
0 0 1 123 125 00001a8f 1
0 0 1 -44 -17 0000569e 1
0 0 1 94 89 0000598a 1
0 0 1 -81 69 00007a38 1
0 0 1 58 -1 00006463 1
0 0 1 26 -107 00006429 1
0 0 1 25 67 0000594b 1
0 0 1 4 -75 00005fd6 1
0 0 1 -18 24 00005eaa 1
0 0 1 115 -35 00005cfa 1
0 0 1 -61 -34 00004d41 1
0 0 1 54 -127 0000555b 1
0 0 1 -4 -67 00003a91 1
0 0 1 -20 10 00003b9d 1
0 0 1 108 34 00003ad5 1
0 0 1 1 126 0000492d 1
0 0 1 119 -79 000049ab 1
0 0 1 5 -55 000024f2 1
0 0 1 24 68 000023df 1
0 0 1 75 -62 00002a3f 1
0 0 1 -90 -115 00001815 1
0 0 1 91 83 00004083 1
0 0 1 -68 62 00005e04 1
0 0 1 -20 63 00004d8c 1
0 0 1 -94 -115 000048a0 1
0 0 1 100 11 000072da 1
0 0 1 36 -31 00007726 1
0 0 1 -41 -97 000072ca 1
0 0 1 -12 18 00008253 1
0 0 1 -2 76 0000817b 1
0 0 1 -81 4 000080e3 1
0 0 1 21 -101 00007f9f 1
0 0 1 24 1 00007756 1
0 0 1 -112 94 0000776e 1
0 0 1 123 -9 00004e4e 1
0 0 1 -34 51 000049fb 1
0 0 1 50 -80 00004335 1
0 0 1 -21 -83 00003395 1
0 0 1 -62 -126 00003a64 1
0 0 1 -43 29 000058e8 1
0 0 1 113 -7 00005409 1
0 0 1 -3 64 000050f2 1
0 0 1 -82 -5 00005032 1
0 0 1 -28 2 000051cc 1
0 0 1 -58 100 00005194 1
0 0 1 85 93 00003aec 1
0 0 1 -1 -109 000059cd 1
0 0 1 -40 -39 00005a3a 1
0 0 1 -112 57 00006052 1
0 0 1 93 10 00004762 1
0 0 1 7 98 00004b04 1
0 0 1 -123 -119 00004db2 1
0 0 1 125 -54 000086df 1
0 0 1 -4 40 00006c81 1
0 0 1 -47 -7 00006be1 1
0 0 1 -22 -10 00006d2a 1
0 0 1 76 -56 00006e06 1
0 0 1 -21 -40 00005d66 1
0 0 1 -77 74 000060ae 1
0 0 1 -88 108 00004a6c 1
0 0 1 126 95 0000254c 1
0 0 1 21 -101 0000540e 1
0 0 1 116 104 00004bc5 1
0 0 1 70 -103 00007ae5 1
0 0 1 68 -79 00005ebb 1
0 0 1 90 -123 000049bf 1
0 0 1 71 72 00001e81 1
0 0 1 79 53 00003279 1
0 0 1 -28 79 000042d4 1
0 0 1 32 21 00003a30 1
0 0 1 -73 -39 00003cd0 1
0 0 1 -52 -49 000047ef 1
0 0 1 -18 57 000051e3 1
0 0 1 89 -60 00004de1 1
0 0 1 66 37 00003905 1
0 0 1 15 77 0000428f 1
0 0 1 -59 51 00004712 1
0 0 1 -93 22 00003b51 1
0 0 1 -127 6 00003353 1
0 0 1 -69 -42 00003059 1
0 0 1 90 86 00003bab 1
0 0 1 110 67 000059e7 1
0 0 1 -120 110 000076b1 1
0 0 1 -1 -103 00004321 1
0 0 1 43 51 00004388 1
0 0 1 43 121 00004c19 1
0 0 1 -109 -69 0000606c 1
0 0 1 54 -122 00007dcd 1
0 0 1 -106 -1 00006411 1
0 0 1 -51 94 0000647b 1
0 0 1 -122 29 000051c1 1
0 0 1 120 113 000043ef 1
0 0 1 8 -96 000078e7 1
0 0 1 -37 68 000075e7 1
0 0 1 -106 -76 00006c13 1
0 0 1 -28 17 00008b8b 1
0 0 1 -49 28 000089af 1
0 0 1 33 19 00008453 1
0 0 1 -57 30 000086c6 1
0 0 1 -30 -126 00008018 1
0 0 1 120 84 00008edc 1
0 0 1 -1 -125 0000b63c 1
0 0 1 8 -45 0000b6b9 1
0 0 1 3 116 0000b551 1
0 0 1 42 -74 0000b6ad 1
0 0 1 122 -39 0000aa89 1
0 0 1 14 110 000097f3 1
0 0 1 108 25 00009df7 1
0 0 1 110 11 0000a883 1
0 0 1 99 -40 0000ad3d 1
0 0 1 18 123 00009dc5 1
0 0 1 -41 12 0000a66b 1
0 0 1 -55 107 0000a47f 1
0 0 1 -3 -63 00008d82 1
0 0 1 106 -76 00008e3f 1
0 0 1 37 82 00006ec7 1
0 0 1 -50 37 00007aa1 1
0 0 1 41 -29 00007367 1
0 0 1 101 -111 00006ec2 1
0 0 1 -99 6 000042f7 1
0 0 1 102 96 000040a5 1
0 0 1 -14 50 000066e5 1
0 0 1 75 -30 00006429 1
0 0 1 127 29 00005b5f 1
0 0 1 -125 73 000069c2 1
0 0 1 -119 103 0000461d 1
0 0 1 -94 -104 0000163c 1
0 0 1 -22 -118 00003c6c 1
0 0 1 -23 -14 00004690 1
0 0 1 120 -17 000047d2 1
0 0 1 -54 34 00003fda 1
0 0 1 70 -70 000038ae 1
0 0 1 -88 -123 0000258a 1
0 0 1 2 38 00004fd2 1
0 0 1 -24 96 0000501e 1
0 0 1 -51 -76 0000471e 1
0 0 1 19 -14 00005642 1
0 0 1 -91 -11 00005538 1
0 0 1 -37 54 00005921 1
0 0 1 -35 -79 00005153 1
0 0 1 -6 115 00005c20 1
0 0 1 -102 -105 0000596e 1
0 0 1 -22 -102 00008344 1
0 0 1 -17 81 00008c08 1
0 0 1 14 101 000086a7 1
0 0 1 79 -83 00008c2d 1
0 0 1 41 -98 00007290 1
0 0 1 -23 -67 000062de 1
0 0 1 7 -49 000068e3 1
0 0 1 -78 23 0000678c 1
0 0 1 114 9 0000608a 1
0 0 1 108 24 0000648c 1
0 0 1 -56 -61 00006eac 1
0 0 1 -3 -59 00007c04 1
0 0 1 -58 -59 00007cb5 1
0 0 1 -23 -9 00008a13 1
0 0 1 -26 69 00008ae2 1
0 0 1 59 89 000083e0 1
0 0 1 -109 -110 00009863 1
0 0 1 63 9 0000c739 1
0 0 1 123 93 0000c970 1
0 0 1 61 -73 0000f61f 1
0 0 1 57 4 0000e4ba 1
0 0 1 68 -30 0000e59e 1
0 0 1 -93 30 0000dda6 1
0 0 1 118 3 0000d2c0 1
0 0 1 125 18 0000d422 1
0 0 1 112 -105 0000dcec 1
0 0 1 -76 -76 0000aefc 1
0 0 1 102 95 0000c58c 1
0 0 1 109 -117 0000eb66 1
0 0 1 -71 71 0000b995 1
0 0 1 117 106 0000a5e4 1
0 0 1 -21 -124 0000d656 1
0 0 1 -17 -16 0000e082 1
0 0 1 103 55 0000e192 1
0 0 1 -113 -38 0000f7b3 1
0 0 1 -43 37 00010879 1
0 0 1 77 114 00010242 1
0 0 1 70 116 0001248c 1
0 0 1 119 40 00014444 1
0 0 1 -102 126 000156dc 1
0 0 1 -112 93 000124a8 1
0 0 1 -116 41 0000fbf8 1
0 0 1 30 20 0000e964 1
0 0 1 -126 24 0000ebbc 1
0 0 1 -39 93 0000dfec 1
0 0 1 -128 -105 0000d1c1 1
0 0 1 89 -114 00010641 1
0 0 1 -115 -20 0000de9f 1
0 0 1 126 110 0000e79b 1
0 0 1 45 75 00011dbf 1
0 0 1 -28 6 00012aee 1
0 0 1 -88 92 00012a46 1
0 0 1 -60 -94 00010aa6 1
0 0 1 -8 -59 000120ae 1
0 0 1 -103 108 00012286 1
0 0 1 -78 95 0000f712 1
0 0 1 38 28 0000da20 1
0 0 1 -2 13 0000de48 1
0 0 1 28 104 0000de2e 1
0 0 1 -40 -13 0000e98e 1
0 0 1 96 38 0000eb96 1
0 0 1 7 44 0000f9d6 1
0 0 1 -42 95 0000fb0a 1
0 0 1 -72 49 0000eb74 1
0 0 1 79 -4 0000ddac 1
0 0 1 69 16 0000dc70 1
0 0 1 106 7 0000e0c0 1
0 0 1 105 58 0000e3a6 1
0 0 1 3 -46 0000fb70 1
0 0 1 77 -125 0000fae6 1
0 0 1 54 -101 0000d54d 1
0 0 1 -34 -72 0000bfff 1
0 0 1 -60 27 0000c98f 1
0 0 1 -57 79 0000c33b 1
0 0 1 -28 -114 0000b1a4 1
0 0 1 -67 -90 0000be1c 1
0 0 1 -93 119 0000d5aa 1
0 0 1 12 -99 0000aa6f 1
0 0 1 -100 122 0000a5cb 1
0 0 1 46 -27 00007623 1
0 0 1 36 69 00007149 1
0 0 1 29 -79 00007afd 1
0 0 1 17 -51 0000720a 1
0 0 1 41 99 00006ea7 1
0 0 1 -19 -1 00007e82 1
0 0 1 14 -97 00007e95 1
0 0 1 -119 -31 00007947 1
0 0 1 25 -12 000087b0 1
0 0 1 -86 -105 00008684 1
0 0 1 -96 -20 0000a9ca 1
0 0 1 13 88 0000b14a 1
0 0 1 1 -36 0000b5c2 1
0 0 1 107 40 0000b59e 1
0 0 1 -66 35 0000c656 1
0 0 1 -89 33 0000bd50 1
0 0 1 23 -100 0000b1d7 1
0 0 1 123 55 0000a8db 1
0 0 1 76 -77 0000c348 1
0 0 1 55 60 0000ac6c 1
0 0 1 110 -47 0000b950 1
0 0 1 -41 123 0000a51e 1
0 0 1 102 -114 0000916b 1
0 0 1 87 -3 000063ff 1
0 0 1 6 -79 000062fa 1
0 0 1 -46 117 00006120 1
0 0 1 95 8 00004c1a 1
0 0 1 -15 -113 00004f12 1
0 0 1 -60 -33 000055b1 1
0 0 1 -37 40 00005d6d 1
0 0 1 -76 -88 000057a5 1
0 0 1 86 -43 000071c5 1
0 0 1 -121 -123 00006353 1
0 0 1 -76 115 00009d76 1
0 0 1 -31 -20 00007b52 1
0 0 1 -61 47 00007dbe 1
0 0 1 -86 76 0000728b 1
0 0 1 -104 26 00005903 1
0 0 1 -7 43 00004e73 1
0 0 1 111 -92 00004d46 1
0 0 1 -96 114 00002562 1
0 0 1 -11 15 fffffaa2 1
0 0 1 -11 -34 fffff9fd 1
0 0 1 49 38 fffffb73 1
0 0 1 20 -75 000002b9 1
0 0 1 -102 2 fffffcdd 1
0 0 1 37 -32 fffffc11 1
0 0 1 88 103 fffff771 1
0 0 1 -5 -21 00001ad9 1
0 0 1 88 11 00001b42 1
0 0 1 39 -69 00001f0a 1
0 0 1 17 115 00001487 1
0 0 1 -107 107 00001c2a 1
0 0 1 13 83 ffffef71 1
0 0 1 64 27 fffff3a8 1
0 0 1 -7 -19 fffffa68 1
0 0 1 -69 -55 fffffaed 1
0 0 1 2 -29 000009c0 1
0 0 1 62 -38 00000986 1
0 0 1 29 66 00000052 1
0 0 1 -103 27 000007cc 1
0 0 1 14 -30 fffffcef 1
0 0 1 123 85 fffffb4b 1
0 0 1 -112 -123 00002422 1
0 0 1 -98 116 000059f2 1
0 0 1 61 -85 00002d8a 1
0 0 1 120 24 00001949 1
0 0 1 89 -9 00002489 1
0 0 1 12 -124 00002168 1
0 0 1 124 -81 00001b98 1
0 0 1 -45 -84 fffff45c 1
0 0 1 7 -60 00000320 1
0 0 1 -108 -128 0000017c 1
0 0 1 -114 -61 0000377c 1
0 0 1 -47 -102 000052a6 1
0 0 1 -52 -105 00006560 1
0 0 1 94 43 00007ab4 1
0 0 1 120 -8 00008a7e 1
0 0 1 -77 -35 000086be 1
0 0 1 120 -31 00009145 1
0 0 1 97 -125 000082bd 1
0 0 1 119 -119 00005360 1
0 0 1 -18 34 00001c0f 1
0 0 1 -88 -83 000019ab 1
0 0 1 13 -103 00003633 1
0 0 1 -25 -101 000030f8 1
0 0 1 -85 -3 00003ad5 1
0 0 1 -128 109 00003bd4 1
0 0 1 -71 -83 00000554 1
0 0 1 89 -83 00001c59 1
0 0 1 55 -110 ffffff7e 1
0 0 1 -77 -39 ffffe7dc 1
0 0 1 -122 -94 fffff397 1
0 0 1 113 15 00002063 1
0 0 1 25 -58 00002702 1
0 0 1 4 65 00002158 1
0 0 1 69 50 0000225c 1
0 0 1 -28 12 00002fd6 1
0 0 1 -67 15 00002e86 1
0 0 1 126 24 00002a99 1
0 0 1 68 19 00003669 1
0 0 1 62 -103 00003b75 1
0 0 1 42 -3 00002283 1
0 0 1 -111 56 00002205 1
0 0 1 -82 91 000009bd 1
0 0 1 43 122 ffffec97 1
0 0 1 -99 -98 00000115 1
0 0 1 2 18 000026fb 1
0 0 1 -108 19 0000271f 1
0 0 1 124 -35 00001f1b 1
0 0 1 -77 -79 00000e27 1
0 0 1 -46 -36 000025ea 1
0 0 1 52 -99 00002c62 1
0 0 1 110 -112 00001846 1
0 0 1 1 4 ffffe826 1
0 0 1 75 -128 ffffe82a 1
0 0 1 58 39 ffffc2aa 1
0 0 1 -9 -94 ffffcb80 1
0 0 1 25 93 ffffcece 1
0 0 1 57 -68 ffffd7e3 1
0 0 1 38 -71 ffffc8bf 1
0 0 1 68 47 ffffbe35 1
0 0 1 32 -55 ffffcab1 1
0 0 1 107 -124 ffffc3d1 1
0 0 1 -98 -109 ffff8ffd 1
0 0 1 72 6 ffffb9b7 1
0 0 1 -69 12 ffffbb67 1
0 0 1 -125 -47 ffffb82b 1
0 0 1 -78 127 ffffcf1e 1
0 0 1 14 10 ffffa86c 1
0 0 1 -96 97 ffffa8f8 1
0 0 1 -55 -119 ffff8498 1
0 0 1 -51 -35 ffff9e29 1
0 0 1 -59 -95 ffffa522 1
0 0 1 33 44 ffffbb07 1
0 0 1 -15 90 ffffc0b3 1
0 0 1 -109 60 ffffbb6d 1
0 0 1 13 114 ffffa1e1 1
0 0 1 64 -106 ffffa7ab 1
0 0 1 38 -31 ffff8d2b 1
0 0 1 -71 121 ffff8891 1
0 0 1 -63 42 ffff6702 1
0 0 1 -22 -37 ffff5cac 1
0 0 1 9 45 ffff5fda 1
0 0 1 24 85 ffff616f 1
0 0 1 -58 -95 ffff6967 1
0 0 1 -123 12 ffff7eed 1
0 0 1 -77 114 ffff7929 1
0 0 1 -59 15 ffff56df 1
0 0 1 -65 71 ffff536a 1
0 0 1 26 -53 ffff4163 1
0 0 1 -84 -110 ffff3c01 1
0 0 1 -97 -67 ffff6019 1
0 0 1 -14 123 ffff797c 1
0 0 1 -27 -125 ffff72c2 1
0 0 1 -99 67 ffff7ff1 1
0 0 1 34 18 ffff6608 1
0 0 1 -69 -115 ffff686c 1
0 0 1 -61 75 ffff876b 1
0 0 1 -48 2 ffff758c 1
0 0 1 -32 -41 ffff752c 1
0 0 1 101 -21 ffff7a4c 1
0 0 1 107 -77 ffff7203 1
0 0 1 -51 60 ffff51d4 1
0 0 1 113 -33 ffff45e0 1
0 0 1 110 64 ffff374f 1
0 0 1 -98 106 ffff52cf 1
0 0 1 30 92 ffff2a3b 1
0 0 1 3 -90 ffff3503 1
0 0 1 120 45 ffff33f5 1
0 0 1 -1 118 ffff490d 1
0 0 1 -88 92 ffff4897 1
0 0 1 -45 -125 ffff28f7 1
0 0 1 97 61 ffff3ef0 1
0 0 1 67 48 ffff560d 1
0 0 1 39 -123 ffff629d 1
0 0 1 33 95 ffff4fe0 1
0 0 1 -24 68 ffff5c1f 1
0 0 1 75 -26 ffff55bf 1
0 0 1 31 59 ffff4e21 1
0 0 1 -109 116 ffff5546 1
0 0 1 102 -83 ffff23e2 1
0 0 1 118 5 ffff02d0 1
0 0 1 -34 94 ffff051e 1
0 0 1 14 67 fffef8a2 1
0 0 1 -125 120 fffefc4c 1
0 0 1 -112 -21 fffec1b4 1
0 0 1 -51 124 fffecae4 1
0 0 1 -49 -7 fffeb230 1
0 0 1 21 59 fffeb387 1
0 0 1 -119 6 fffeb85e 1
0 0 1 -72 -111 fffeb594 1
0 0 1 -108 99 fffed4cc 1
0 0 1 -57 -3 fffeab08 1
0 0 1 109 26 fffeabb3 1
0 0 1 94 -11 fffeb6c5 1
0 0 1 -22 -82 fffeb2bb 1
0 0 1 -85 54 fffeb9c7 1
0 0 1 126 -73 fffea7d9 1
0 0 1 -62 34 fffe83eb 1
0 0 1 22 120 fffe7baf 1
0 0 1 -70 -94 fffe85ff 1
0 0 1 -76 102 fffe9fb3 1
0 0 1 -53 12 fffe816b 1
0 0 1 18 50 fffe7eef 1
0 0 1 -73 17 fffe8273 1
0 0 1 101 23 fffe7d9a 1
0 0 1 -117 -11 fffe86ad 1
0 0 1 60 -22 fffe8bb4 1
0 0 1 110 -31 fffe868c 1
0 0 1 86 -119 fffe793a 1
0 0 1 65 18 fffe5140 1
0 0 1 -40 -83 fffe55d2 1
0 0 1 -72 -34 fffe62ca 1
0 0 1 -126 44 fffe6c5a 1
0 0 1 -79 -109 fffe56b2 1
0 0 1 -126 -14 fffe7855 1
0 0 1 -93 113 fffe7f39 1
0 0 1 -127 3 fffe562c 1
0 0 1 -83 -15 fffe54af 1
0 0 1 -102 57 fffe598c 1
0 0 1 -86 75 fffe42d6 1
0 0 1 22 -9 fffe29a4 1
0 0 1 14 -8 fffe28de 1
0 0 1 -109 -83 fffe286e 1
0 0 1 -57 17 fffe4bc5 1
0 0 1 -38 75 fffe47fc 1
0 0 1 84 7 fffe3cda 1
0 0 1 -117 45 fffe3f26 1
0 0 1 -70 2 fffe2a95 1
0 0 1 22 115 fffe2a09 1
0 0 1 -15 60 fffe33eb 1
0 0 1 -29 22 fffe3067 1
0 0 1 103 62 fffe2de9 1
0 0 1 -36 102 fffe46db 1
0 0 1 94 43 fffe3883 1
0 0 1 54 77 fffe484d 1
0 0 1 35 -120 fffe588b 1
0 0 1 93 -23 fffe4823 1
0 0 1 -55 28 fffe3fc8 1
0 0 1 110 -17 fffe39c4 1
0 0 1 75 57 fffe3276 1
0 0 1 100 -103 fffe4329 1
0 0 1 98 38 fffe1aed 1
0 0 1 122 97 fffe2979 1
0 0 1 53 -124 fffe57b3 1
0 0 1 -94 -122 fffe3e07 1
0 0 1 -82 49 fffe6ad3 1
0 0 1 -119 -16 fffe5b21 1
0 0 1 -43 -49 fffe6291 1
0 0 1 97 -39 fffe6acc 1
0 0 1 42 24 fffe5c05 1
0 0 1 58 80 fffe5ff5 1
0 0 1 -10 -62 fffe7215 1
0 0 1 -98 25 fffe7481 1
0 0 1 14 -19 fffe6aef 1
0 0 1 -28 -73 fffe69e5 1
0 0 1 -8 31 fffe71e1 1
0 0 1 54 -71 fffe70e9 1
0 0 1 -59 -41 fffe61ef 1
0 0 1 93 -2 fffe6b62 1
0 0 1 -123 -121 fffe6aa8 1
0 0 1 6 -37 fffea4cb 1
0 0 1 33 51 fffea3ed 1
0 0 1 107 85 fffeaa80 1
0 0 1 -45 -7 fffece07 1
0 0 1 -62 78 fffecf42 1
0 0 1 -84 52 fffebc5e 1
0 0 1 56 -67 fffeab4e 1
0 0 1 -78 -17 fffe9ca6 1
0 0 1 116 54 fffea1d4 1
0 0 1 -30 -68 fffeba4c 1
0 0 1 108 -52 fffec244 1
0 0 1 -35 -86 fffeac54 1
0 0 1 -12 80 fffeb816 1
0 0 1 -20 12 fffeb456 1
0 0 1 -124 -120 fffeb366 1
0 0 1 6 47 fffeed86 1
0 0 1 -47 -81 fffeeea0 1
0 0 1 49 -27 fffefd7f 1
0 0 1 -65 65 fffef854 1
0 0 1 -63 35 fffee7d3 1
0 0 1 -29 70 fffedf36 1
0 0 1 -71 81 fffed748 1
0 0 1 117 53 fffec0d1 1
0 0 1 24 -59 fffed90a 1
0 0 1 -58 97 fffed382 1
0 0 1 -116 -128 fffebd88 1
0 0 1 -72 120 fffef788 1
0 0 1 -33 -44 fffed5c8 1
0 0 1 -94 13 fffedb74 1
0 0 1 -54 -42 fffed6ae 1
0 0 1 -111 -14 fffedf8a 1
0 0 1 -63 66 fffee59c 1
0 0 1 14 103 fffed55e 1
0 0 1 73 -1 fffedb00 1
0 0 1 13 116 fffedab7 1
0 0 1 87 -105 fffee09b 1
0 0 1 -45 -38 fffebcec 1
0 0 1 -42 -77 fffec39a 1
0 0 1 11 9 fffed03c 1
0 0 1 56 115 fffed09f 1
0 0 1 -59 120 fffee9c7 1
0 0 1 -30 -11 fffece1f 1
0 0 1 43 -100 fffecf69 1
0 0 1 38 -8 fffebe9d 1
0 0 1 -121 -19 fffebd6d 1
0 0 1 117 -39 fffec668 1
0 0 1 -51 -78 fffeb495 1
0 0 1 -45 106 fffec41f 1
0 0 1 -80 108 fffeb17d 1
0 0 1 93 118 fffe8fbd 1
0 0 1 106 27 fffeba9b 1
0 0 1 -18 73 fffec5c9 1
0 0 1 59 87 fffec0a7 1
0 0 1 126 40 fffed4b4 1
0 0 1 -12 -37 fffee864 1
0 0 1 90 -81 fffeea20 1
0 0 1 121 5 fffecda6 1
0 0 1 16 -81 fffed003 1
0 0 1 -52 14 fffecaf3 1
0 0 1 -31 20 fffec81b 1
0 0 1 39 -39 fffec5af 1
0 0 1 -49 -88 fffebfbe 1
0 0 1 77 35 fffed096 1
0 0 1 127 -96 fffedb1d 1
0 0 1 32 -91 fffeab7d 1
0 0 1 -29 -84 fffea01d 1
0 0 1 98 -113 fffea9a1 1
0 0 1 -103 -19 fffe7e5f 1
0 0 1 113 34 fffe8604 1
0 0 1 -55 108 fffe9506 1
0 0 1 69 54 fffe7dd2 1
0 0 1 -97 -37 fffe8c60 1
0 0 1 96 -25 fffe9a65 1
0 0 1 -80 -61 fffe9105 1
0 0 1 48 57 fffea415 1
0 0 1 11 92 fffeaec5 1
0 0 1 124 -68 fffeb2b9 1
0 0 1 -39 92 fffe91c9 1
0 0 1 40 -110 fffe83c5 1
0 0 1 79 114 fffe7295 1
0 0 1 25 46 fffe95c3 1
0 0 1 118 -127 fffe9a41 1
0 0 1 -126 -80 fffe5fb7 1
0 0 1 85 57 fffe8717 1
0 0 1 107 69 fffe9a04 1
0 0 1 69 -66 fffeb6db 1
0 0 1 -14 24 fffea511 1
0 0 1 108 -5 fffea3c1 1
0 0 1 -62 -113 fffea1a5 1
0 0 1 -94 81 fffebd03 1
0 0 1 -109 -5 fffe9f45 1
0 0 0 37 -83 fffea166 1
0 0 0 -49 72 fffea166 0
