1 0 0 0 0 00000000 0
1 0 0 0 0 00000000 0
1 0 0 0 0 00000000 0
0 0 1 125 104 00000000 0
0 0 1 62 -77 000032c8 1
0 0 1 -104 -105 00002022 1
0 0 1 78 0 00004aca 1
0 0 1 -91 -27 00004aca 1
0 0 1 8 -63 00005463 1
0 0 1 -58 0 0000526b 1
0 0 1 -25 -47 0000526b 1
0 0 1 -122 8 00005702 1
0 0 1 0 -72 00005332 1
0 0 1 -79 -105 00005332 1
0 0 1 3 25 00007399 1
0 0 1 74 6 000073e4 1
0 0 1 0 -32 000075a0 1
0 0 1 5 -20 000075a0 1
0 0 1 -95 -23 0000753c 1
0 0 1 84 0 00007dc5 1
0 0 1 100 102 00007dc5 1
0 0 1 41 69 0000a59d 1
0 0 1 97 0 0000b0aa 1
0 0 1 63 15 0000b0aa 1
0 0 1 -16 -29 0000b45b 1
0 0 1 60 97 0000b62b 1
0 0 1 0 -66 0000cce7 1
0 0 1 100 48 0000cce7 1
0 0 1 -12 2 0000dfa7 1
0 0 1 0 69 0000df8f 1
0 0 1 -15 -25 0000df8f 1
0 0 1 -54 -119 0000e106 1
0 0 1 37 0 0000fa20 1
0 0 1 44 20 0000fa20 1
0 0 1 43 106 0000fd90 1
0 0 1 78 -96 00010f5e 1
0 0 1 0 13 0000f21e 1
0 0 1 -100 41 0000f21e 1
0 0 1 -4 -56 0000e21a 1
0 0 1 0 83 0000e2fa 1
0 0 1 57 -38 0000e2fa 1
0 0 1 -109 -55 0000da84 1
0 0 1 -23 0 0000f1ef 1
0 0 1 78 -77 0000f1ef 1
0 0 1 37 66 0000da79 1
0 0 1 123 110 0000e403 1
0 0 1 0 28 000118dd 1
0 0 1 102 60 000118dd 1
0 0 1 124 -101 000130c5 1
0 0 1 0 -18 0000ffd9 1
0 0 1 111 -19 0000ffd9 1
0 0 1 -39 -16 0000f79c 1
0 0 1 0 -103 0000fa0c 1
0 0 1 104 -8 0000fa0c 1
0 0 1 121 62 0000f6cc 1
0 0 1 53 -40 0001141a 1
0 0 1 0 -59 00010bd2 1
0 0 1 -14 -96 00010bd2 1
0 0 1 92 54 00011112 1
0 0 1 -87 0 0001247a 1
0 0 1 23 -82 0001247a 1
0 0 1 80 -81 00011d1c 1
0 0 1 0 -65 000103cc 1
0 0 1 -116 16 000103cc 1
0 0 1 111 -105 0000fc8c 1
0 0 1 -86 -36 0000cf05 1
0 0 1 -126 0 0000db1d 1
0 0 1 -75 76 0000db1d 1
0 0 1 27 43 0000c4d9 1
0 0 1 0 108 0000c962 1
0 0 1 86 -29 0000c962 1
0 0 1 41 -82 0000bfa4 1
0 0 1 59 0 0000b282 1
0 0 1 9 -27 0000b282 1
0 0 1 -85 -51 0000b18f 1
0 0 1 -24 -60 0000c27e 1
0 0 1 63 0 0000c81e 1
0 0 1 30 -46 0000c81e 1
0 0 1 21 -109 0000c2ba 1
0 0 1 -74 0 0000b9c9 1
0 0 1 91 -118 0000b9c9 1
0 0 1 -87 -2 00008fd7 1
0 0 1 112 0 00009085 1
0 0 1 56 81 00009085 1
0 0 1 55 -108 0000a23d 1
0 0 1 59 -29 00008b09 1
0 0 1 37 0 0000845a 1
0 0 1 -84 49 0000845a 1
0 0 1 -45 -22 00007446 1
0 0 1 0 75 00007824 1
0 0 1 88 8 00007824 1
0 0 1 -120 113 00007ae4 1
0 0 1 0 -48 000045ec 1
0 0 1 -43 102 000045ec 1
0 0 1 106 -117 000034ca 1
0 0 1 -36 -126 00000458 1
0 0 1 0 2 00001610 1
0 0 1 4 37 00001610 1
0 0 1 57 -54 000016a4 1
0 0 1 0 63 00000a9e 1
0 0 1 1 -55 00000a9e 1
0 0 1 80 60 00000a67 1
0 0 1 0 -11 00001d27 1
0 0 1 118 75 00001d27 1
0 0 1 -108 109 00003fb9 1
0 0 1 84 100 000011bd 1
0 0 1 -64 0 0000328d 1
0 0 1 124 26 0000328d 1
0 0 1 -60 -117 00003f25 1
0 0 1 0 -117 00005a91 1
0 0 1 -24 18 00005a91 1
0 0 1 -24 -7 000058e1 1
0 0 1 0 -45 00005989 1
0 0 1 70 -105 00005989 1
0 0 1 117 -70 00003cd3 1
0 0 1 48 82 00001cd5 1
0 0 1 112 0 00002c35 1
0 0 1 105 15 00002c35 1
0 0 1 71 -74 0000325c 1
0 0 1 0 102 00001dd6 1
0 0 1 -84 -4 00001dd6 1
0 0 1 -107 7 00001f26 1
0 0 1 0 7 00001c39 1
0 0 1 75 41 00001c39 1
0 0 1 124 -103 0000283c 1
0 0 1 49 117 fffff658 1
0 0 1 0 55 00000cbd 1
0 0 1 -39 15 00000cbd 1
0 0 1 56 108 00000a74 1
0 0 1 0 46 00002214 1
0 0 1 45 -122 00002214 1
0 0 1 -122 -47 00000ca2 1
0 0 1 0 59 00002308 1
0 0 1 -62 -90 00002308 1
0 0 1 -38 -11 000038d4 1
0 0 1 83 31 00003a76 1
0 0 1 0 15 00004483 1
0 0 1 -113 123 00004483 1
0 0 1 3 -62 00000e38 1
0 0 1 0 118 00000d7e 1
0 0 1 -89 -90 00000d7e 1
0 0 1 -112 1 00002cc8 1
0 0 1 -10 0 00002c58 1
0 0 1 27 11 00002c58 1
0 0 1 -16 -26 00002d81 1
0 0 1 84 -106 00002f21 1
0 0 1 0 10 00000c59 1
0 0 1 -73 114 00000c59 1
0 0 1 -85 99 ffffebd7 1
0 0 1 0 -25 ffffcaf8 1
0 0 1 28 -77 ffffcaf8 1
0 0 1 -69 122 ffffc28c 1
0 0 1 1 0 ffffa1aa 1
0 0 1 62 51 ffffa1aa 1
0 0 1 -49 68 ffffae04 1
0 0 1 48 -120 ffffa100 1
0 0 1 23 0 ffff8a80 1
0 0 1 47 -96 ffff8a80 1
0 0 1 59 -102 ffff78e0 1
0 0 1 0 -65 ffff615e 1
0 0 1 60 106 ffff615e 1
0 0 1 -4 -23 ffff7a36 1
0 0 1 0 31 ffff7a92 1
0 0 1 -124 -94 ffff7a92 1
0 0 1 94 51 ffffa81a 1
0 0 1 39 55 ffffbad4 1
0 0 1 0 -123 ffffc335 1
0 0 1 60 -61 ffffc335 1
0 0 1 40 -76 ffffb4e9 1
0 0 1 0 -101 ffffa909 1
0 0 1 52 -65 ffffa909 1
0 0 1 -40 102 ffff9bd5 1
0 0 1 42 0 ffff8be5 1
0 0 1 83 -40 ffff8be5 1
0 0 1 -85 -20 ffff7eed 1
0 0 1 44 49 ffff8591 1
0 0 1 0 23 ffff8dfd 1
0 0 1 -78 5 ffff8dfd 1
0 0 1 55 29 ffff8c77 1
0 0 1 0 -112 ffff92b2 1
0 0 1 83 93 ffff92b2 1
0 0 1 -15 5 ffffb0d9 1
0 0 1 0 -58 ffffb08e 1
0 0 1 6 89 ffffb08e 1
0 0 1 20 105 ffffb2a4 1
0 0 1 -34 111 ffffbad8 1
0 0 1 0 47 ffffac1a 1
0 0 1 23 -53 ffffac1a 1
0 0 1 102 33 ffffa757 1
0 0 1 0 -119 ffffb47d 1
0 0 1 35 -119 ffffb47d 1
0 0 1 -95 106 ffffa438 1
0 0 1 0 -103 ffff7ce2 1
0 0 1 95 -41 ffff7ce2 1
0 0 1 33 -21 ffff6dab 1
0 0 1 60 -109 ffff6af6 1
0 0 1 0 90 ffff516a 1
0 0 1 41 121 ffff516a 1
0 0 1 79 -106 ffff64cb 1
0 0 1 0 17 ffff4415 1
0 0 1 65 -46 ffff4415 1
0 0 1 67 -28 ffff3867 1
0 0 1 0 87 ffff3113 1
0 0 1 33 -110 ffff3113 1
0 0 1 -84 -79 ffff22e5 1
0 0 1 -9 -21 ffff3cd1 1
0 0 1 0 122 ffff3d8e 1
0 0 1 -116 -113 ffff3d8e 1
0 0 1 23 50 ffff70c2 1
0 0 1 -92 0 ffff7540 1
0 0 1 1 88 ffff7540 1
0 0 1 26 -126 ffff7598 1
0 0 1 0 -103 ffff68cc 1
0 0 1 11 54 ffff68cc 1
0 0 1 -79 34 ffff6b1e 1
0 0 1 112 -81 ffff60a0 1
0 0 1 107 0 ffff3d30 1
0 0 1 -46 -94 ffff3d30 1
0 0 1 80 -81 ffff4e14 1
0 0 1 0 58 ffff34c4 1
0 0 1 -36 -10 ffff34c4 1
0 0 1 -56 -48 ffff362c 1
0 0 1 0 -82 ffff40ac 1
0 0 1 -27 1 ffff40ac 1
0 0 1 -79 1 ffff4091 1
0 0 1 101 119 ffff4042 1
0 0 1 3 0 ffff6f35 1
0 0 1 106 96 ffff6f35 1
0 0 1 -99 60 ffff96f5 1
0 0 1 40 0 ffff7fc1 1
0 0 1 -74 -85 ffff7fc1 1
0 0 1 -120 -67 ffff9853 1
0 0 1 0 78 ffffb7bb 1
0 0 1 78 -110 ffffb7bb 1
0 0 1 -63 23 ffff9637 1
0 0 1 28 39 ffff908e 1
0 0 1 0 -58 ffff94d2 1
0 0 1 -76 -59 ffff94d2 1
0 0 1 71 -95 ffffa656 1
0 0 1 0 -73 ffff8bfd 1
0 0 1 -39 -33 ffff8bfd 1
0 0 1 -77 95 ffff9104 1
0 0 1 0 14 ffff7471 1
0 0 1 115 32 ffff7471 1
0 0 1 -94 -3 ffff82d1 1
0 0 1 -33 -32 ffff83eb 1
0 0 1 0 -92 ffff880b 1
0 0 1 90 121 ffff880b 1
0 0 1 5 -13 ffffb295 1
0 0 1 -50 0 ffffb254 1
0 0 1 -2 47 ffffb254 1
0 0 1 7 -122 ffffb1f6 1
0 0 1 0 -72 ffffaea0 1
0 0 1 -125 40 ffffaea0 1
0 0 1 -62 98 ffff9b18 1
0 0 1 -68 -41 ffff835c 1
0 0 1 76 0 ffff8e40 1
0 0 1 2 -53 ffff8e40 1
0 0 1 -17 -27 ffff8dd6 1
0 0 1 -33 0 ffff8fa1 1
0 0 1 124 24 ffff8fa1 1
0 0 1 98 -63 ffff9b41 1
0 0 1 0 -35 ffff8323 1
0 0 1 -81 -72 ffff8323 1
0 0 1 123 -90 ffff99eb 1
0 0 1 -27 -88 ffff6ead 1
0 0 1 0 82 ffff77f5 1
0 0 1 97 114 ffff77f5 1
0 0 1 -13 33 ffffa327 1
0 0 1 0 75 ffffa17a 1
0 0 1 53 -71 ffffa17a 1
0 0 1 10 94 ffff92c7 1
0 0 1 121 0 ffff9673 1
0 0 1 -68 -126 ffff9673 1
0 0 1 -21 -29 ffffb7eb 1
0 0 1 -120 5 ffffba4c 1
0 0 1 0 5 ffffb7f4 1
0 0 1 110 29 ffffb7f4 1
0 0 1 83 -112 ffffc46a 1
0 0 1 0 40 ffffa01a 1
0 0 1 64 -86 ffffa01a 1
0 0 1 -120 12 ffff8a9a 1
0 0 1 0 97 ffff84fa 1
0 0 1 -120 -21 ffff84fa 1
0 0 1 77 81 ffff8ed2 1
0 0 1 3 -17 ffffa72f 1
0 0 1 0 -6 ffffa6fc 1
0 0 1 -29 -3 ffffa6fc 1
0 0 1 -108 18 ffffa753 1
0 0 1 42 0 ffff9fbb 1
0 0 1 69 115 ffff9fbb 1
0 0 1 58 -55 ffffbeba 1
0 0 1 0 80 ffffb244 1
0 0 1 -43 -62 ffffb244 1
0 0 1 -59 -46 ffffbcae 1
0 0 1 82 107 ffffc748 1
0 0 1 97 0 ffffe98e 1
0 0 1 -110 37 ffffe98e 1
0 0 1 82 -10 ffffd9a8 1
0 0 1 0 -47 ffffd674 1
0 0 1 -84 -50 ffffd674 1
0 0 1 -52 96 ffffe6dc 1
0 0 1 -85 0 ffffd35c 1
0 0 1 -79 7 ffffd35c 1
0 0 1 -103 -117 ffffd133 1
0 0 1 -89 53 00000046 1
0 0 1 0 -61 ffffedd9 1
0 0 1 120 72 ffffedd9 1
0 0 1 -3 -111 00000f99 1
0 0 1 -55 0 000010e6 1
0 0 1 23 -99 000010e6 1
0 0 1 123 -59 00000801 1
0 0 1 -24 0 ffffeba8 1
0 0 1 124 -87 ffffeba8 1
0 0 1 83 41 ffffc184 1
0 0 1 107 -38 ffffcecf 1
0 0 1 0 -30 ffffbeed 1
0 0 1 30 -54 ffffbeed 1
0 0 1 52 -106 ffffb899 1
0 0 1 0 57 ffffa311 1
0 0 1 125 -21 ffffa311 1
0 0 1 -109 -10 ffff98d0 1
0 0 1 -104 0 ffff9d12 1
0 0 1 -44 87 ffff9d12 1
0 0 1 32 91 ffff8e1e 1
0 0 1 -68 72 ffff997e 1
0 0 1 0 71 ffff865e 1
0 0 1 34 121 ffff865e 1
0 0 1 -72 -37 ffff9670 1
0 0 1 -38 0 ffffa0d8 1
0 0 1 -37 -80 ffffa0d8 1
0 0 1 -112 -110 ffffac68 1
0 0 1 -60 0 ffffdc88 1
0 0 1 -101 116 ffffdc88 1
0 0 1 38 -62 ffffaec4 1
0 0 1 34 -105 ffffa590 1
0 0 1 71 0 ffff979e 1
0 0 1 -85 -31 ffff979e 1
0 0 1 -100 -12 ffffa1e9 1
0 0 1 0 -113 ffffa699 1
0 0 1 123 -36 ffffa699 1
0 0 1 23 5 ffff954d 1
0 0 1 9 0 ffff95c0 1
0 0 1 -64 95 ffff95c0 1
0 0 1 -127 -62 ffff7e00 1
0 0 1 96 3 ffff9cc2 1
0 0 1 0 -12 ffff9de2 1
0 0 1 -38 -95 ffff9de2 1
0 0 1 61 -63 ffffabfc 1
0 0 1 111 0 ffff9cf9 1
0 0 1 87 -74 ffff9cf9 1
0 0 1 -38 -52 ffff83d3 1
0 0 1 0 99 ffff8b8b 1
0 0 1 -34 -80 ffff8b8b 1
0 0 1 77 64 ffff962b 1
0 0 1 -1 67 ffffa96b 1
0 0 1 -69 0 ffffa928 1
0 0 1 -63 -91 ffffa928 1
0 0 1 60 38 ffffbf8d 1
0 0 1 0 52 ffffc875 1
0 0 1 -102 -111 ffffc875 1
0 0 1 -58 71 fffff4af 1
0 0 1 0 29 ffffe499 1
0 0 1 -59 -15 ffffe499 1
0 0 1 -81 72 ffffe80e 1
0 0 1 92 -31 ffffd146 1
0 0 1 91 0 ffffc622 1
0 0 1 109 -127 ffffc622 1
0 0 1 -127 -106 ffff900f 1
0 0 1 90 0 ffffc4a5 1
0 0 1 122 103 ffffc4a5 1
0 0 1 -24 97 fffff5bb 1
0 0 1 47 0 ffffeca3 1
0 0 1 -53 104 ffffeca3 1
0 0 1 86 -98 ffffd71b 1
0 0 1 -119 17 ffffb62f 1
0 0 1 0 97 ffffae48 1
0 0 1 97 -27 ffffae48 1
0 0 1 101 119 ffffa40d 1
0 0 1 -86 0 ffffd300 1
0 0 1 69 -96 ffffd300 1
0 0 1 120 -56 ffffb920 1
0 0 1 -79 0 ffff9ee0 1
0 0 1 35 82 ffff9ee0 1
0 0 1 113 -109 ffffaa16 1
0 0 1 -123 -7 ffff79f9 1
0 0 1 -108 0 ffff7d56 1
0 0 1 -93 111 ffff7d56 1
0 0 1 -87 115 ffff5503 1
0 0 1 0 76 ffff2dee 1
0 0 1 -13 -19 ffff2dee 1
0 0 1 -9 40 ffff2ee5 1
0 0 1 41 0 ffff2d7d 1
0 0 1 45 24 ffff2d7d 1
0 0 1 34 -96 ffff31b5 1
0 0 1 51 -103 ffff24f5 1
0 0 1 98 0 ffff1070 1
0 0 1 72 40 ffff1070 1
0 0 1 121 78 ffff1bb0 1
0 0 1 0 80 ffff408e 1
0 0 1 -18 9 ffff408e 1
0 0 1 123 -109 ffff3fec 1
0 0 1 41 0 ffff0b8d 1
0 0 1 89 119 ffff0b8d 1
0 0 1 -32 -117 ffff34ec 1
0 0 1 -8 4 ffff438c 1
0 0 1 0 3 ffff436c 1
0 0 1 -69 37 ffff436c 1
0 0 1 -123 -116 ffff3973 1
0 0 1 35 0 ffff712f 1
0 0 1 -17 -98 ffff712f 1
0 0 1 127 -125 ffff77b1 1
0 0 1 0 -70 ffff39ae 1
0 0 1 87 61 ffff39ae 1
0 0 1 -27 64 ffff4e69 1
0 0 1 100 114 ffff47a9 1
0 0 1 0 -59 ffff7431 1
0 0 1 -72 101 ffff7431 1
0 0 1 91 5 ffff57c9 1
0 0 1 0 25 ffff5990 1
0 0 1 -74 91 ffff5990 1
0 0 1 80 -70 ffff3f42 1
0 0 1 0 -82 ffff2962 1
0 0 1 17 -60 ffff2962 1
0 0 1 -52 -61 ffff2566 1
0 0 1 28 2 ffff31ca 1
0 0 1 0 -58 ffff3202 1
0 0 1 -125 -104 ffff3202 1
0 0 1 -97 50 ffff64ca 1
0 0 1 0 13 ffff51d8 1
0 0 1 127 -20 ffff51d8 1
0 0 1 -124 35 ffff47ec 1
0 0 1 -36 0 ffff36f8 1
0 0 1 49 68 ffff36f8 1
0 0 1 93 -126 ffff43fc 1
0 0 1 118 -65 ffff1636 1
0 0 1 73 0 fffef840 1
0 0 1 -84 92 fffef840 1
0 0 1 -93 -70 fffeda10 1
0 0 1 -82 0 fffef37e 1
0 0 1 68 -88 fffef37e 1
0 0 1 99 33 fffedc1e 1
0 0 1 0 -5 fffee8e1 1
0 0 1 48 71 fffee8e1 1
0 0 1 -13 -2 fffef631 1
0 0 1 -93 45 fffef64b 1
0 0 1 0 -70 fffee5f2 1
0 0 1 41 52 fffee5f2 1
0 0 1 42 92 fffeee46 1
0 0 1 0 -5 fffefd5e 1
0 0 1 -61 21 fffefd5e 1
0 0 1 -101 -67 fffef85d 1
0 0 1 0 119 ffff12cc 1
0 0 1 -63 -28 ffff12cc 1
0 0 1 -74 -5 ffff19b0 1
0 0 1 67 15 ffff1b22 1
0 0 1 0 17 ffff1f0f 1
0 0 1 -121 99 ffff1f0f 1
0 0 1 -117 -22 fffef044 1
0 0 1 50 0 fffefa52 1
0 0 1 77 -36 fffefa52 1
0 0 1 26 -73 fffeef7e 1
0 0 1 0 -9 fffee814 1
0 0 1 117 -81 fffee814 1
0 0 1 49 91 fffec30f 1
0 0 1 -107 -18 fffed47a 1
0 0 1 -56 0 fffedc00 1
0 0 1 -118 -52 fffedc00 1
0 0 1 -59 97 fffef3f8 1
0 0 1 69 0 fffedd9d 1
0 0 1 89 52 fffedd9d 1
0 0 1 -16 75 fffeefb1 1
0 0 1 8 0 fffeeb01 1
0 0 1 -110 -90 fffeeb01 1
0 0 1 100 -91 ffff11ad 1
0 0 1 -99 -26 fffeee21 1
0 0 1 -46 0 fffef82f 1
0 0 1 -115 -10 fffef82f 1
0 0 1 91 -125 fffefcad 1
0 0 1 76 0 fffed03e 1
0 0 1 -75 -80 fffed03e 1
0 0 1 55 -128 fffee7ae 1
0 0 1 0 53 fffecc2e 1
0 0 1 -116 48 fffecc2e 1
0 0 1 -118 -43 fffeb66e 1
0 0 1 113 -119 fffeca40 1
0 0 1 33 0 fffe95b9 1
0 0 1 36 -59 fffe95b9 1
0 0 1 -85 -64 fffe8d6d 1
0 0 1 0 -67 fffea2ad 1
0 0 1 126 44 fffea2ad 1
0 0 1 -69 124 fffeb855 1
0 0 1 0 56 fffe96e9 1
0 0 1 45 -42 fffe96e9 1
0 0 1 -45 13 fffe8f87 1
0 0 1 -71 -123 fffe8d3e 1
0 0 1 0 76 fffeaf5b 1
0 0 1 -90 -90 fffeaf5b 1
0 0 1 56 -68 fffeceff 1
0 0 1 0 45 fffec01f 1
0 0 1 94 81 fffec01f 1
0 0 1 33 -73 fffedddd 1
0 0 1 84 0 fffed474 1
0 0 1 30 114 fffed474 1
0 0 1 95 -4 fffee1d0 1
0 0 1 -98 -60 fffee054 1
0 0 1 0 7 fffef74c 1
0 0 1 120 -76 fffef74c 1
0 0 1 -68 32 fffed3ac 1
0 0 1 -91 0 fffecb2c 1
0 0 1 -106 -121 fffecb2c 1
0 0 1 -79 93 fffefd46 1
0 0 1 73 0 fffee093 1
0 0 1 127 -20 fffee093 1
0 0 1 98 -2 fffed6a7 1
0 0 1 -59 -91 fffed5e3 1
0 0 1 0 105 fffeeadc 1
0 0 1 2 118 fffeeadc 1
0 0 1 -96 -122 fffeebc8 1
0 0 1 48 0 ffff1988 1
0 0 1 9 -86 ffff1988 1
0 0 1 93 5 ffff1682 1
0 0 1 0 -74 ffff1853 1
0 0 1 94 -105 ffff1853 1
0 0 1 -76 65 fffef1c5 1
0 0 1 5 55 fffede79 1
0 0 1 0 -86 fffedf8c 1
0 0 1 68 -118 fffedf8c 1
0 0 1 124 -48 fffec034 1
0 0 1 20 0 fffea8f4 1
0 0 1 -38 -9 fffea8f4 1
0 0 1 45 29 fffeaa4a 1
0 0 1 -89 0 fffeaf63 1
0 0 1 -126 98 fffeaf63 1
0 0 1 -51 -94 fffe7f27 1
0 0 1 78 14 fffe91e1 1
0 0 1 0 126 fffe9625 1
0 0 1 -23 -91 fffe9625 1
0 0 1 -122 6 fffe9e52 1
0 0 1 78 0 fffe9b76 1
0 0 1 19 107 fffe9b76 1
0 0 1 25 83 fffea367 1
0 0 1 -115 0 fffeab82 1
0 0 1 16 -13 fffeab82 1
0 0 1 -122 36 fffeaab2 1
0 0 1 41 -115 fffe998a 1
0 0 1 93 0 fffe871f 1
0 0 1 -41 -42 fffe871f 1
0 0 1 61 -43 fffe8dd9 1
0 0 1 0 -126 fffe839a 1
0 0 1 45 -46 fffe839a 1
0 0 1 1 -21 fffe7b84 1
0 0 1 111 0 fffe7b6f 1
0 0 1 8 108 fffe7b6f 1
0 0 1 -128 -101 fffe7ecf 1
0 0 1 -30 -26 fffeb14f 1
0 0 1 113 0 fffeb45b 1
0 0 1 69 49 fffeb45b 1
0 0 1 -67 -11 fffec190 1
0 0 1 -89 0 fffec471 1
0 0 1 37 79 fffec471 1
0 0 1 -67 104 fffecfdc 1
0 0 1 82 0 fffeb4a4 1
0 0 1 -91 -20 fffeb4a4 1
0 0 1 66 -82 fffebbc0 1
0 0 1 -15 21 fffea69c 1
0 0 1 95 0 fffea561 1
0 0 1 123 -7 fffea561 1
0 0 1 -99 122 fffea204 1
0 0 1 0 -89 fffe72d6 1
0 0 1 -72 -43 fffe72d6 1
0 0 1 29 72 fffe7eee 1
0 0 1 28 0 fffe8716 1
0 0 1 30 -117 fffe8716 1
0 0 1 -27 -115 fffe7960 1
0 0 1 5 125 fffe8581 1
0 0 1 0 88 fffe87f2 1
0 0 1 -68 126 fffe87f2 1
0 0 1 16 23 fffe667a 1
0 0 1 0 -104 fffe67ea 1
0 0 1 99 -32 fffe67ea 1
0 0 1 123 -40 fffe5b8a 1
0 0 1 0 117 fffe4852 1
0 0 1 -72 -13 fffe4852 1
0 0 1 40 -89 fffe4bfa 1
0 0 1 -64 -70 fffe3e12 1
0 0 1 0 -4 fffe4f92 1
0 0 1 -89 -46 fffe4f92 1
0 0 1 -127 48 fffe5f90 1
0 0 1 39 0 fffe47c0 1
0 0 1 87 -38 fffe47c0 1
0 0 1 -28 -93 fffe3ad6 1
0 0 1 0 54 fffe4502 1
0 0 1 118 117 fffe4502 1
0 0 1 -2 -83 fffe7af0 1
0 0 1 112 -69 fffe7b96 1
0 0 1 -23 0 fffe5d66 1
0 0 1 5 33 fffe5d66 1
0 0 1 90 -93 fffe5e0b 1
0 0 1 63 0 fffe3d59 1
0 0 1 88 -37 fffe3d59 1
0 0 1 10 34 fffe30a1 1
0 0 1 57 0 fffe31f5 1
0 0 1 -11 -96 fffe31f5 1
0 0 1 24 42 fffe3615 1
0 0 1 114 20 fffe3a05 1
0 0 1 0 20 fffe42ed 1
0 0 1 47 -122 fffe42ed 1
0 0 1 68 99 fffe2c87 1
0 0 1 -97 0 fffe46d3 1
0 0 1 116 -53 fffe46d3 1
0 0 1 -107 -84 fffe2ecf 1
0 0 1 0 -19 fffe51eb 1
0 0 1 94 46 fffe51eb 1
0 0 1 -64 -66 fffe62cf 1
0 0 1 19 114 fffe734f 1
0 0 1 -77 0 fffe7bc5 1
0 0 1 -1 76 fffe7bc5 1
0 0 1 -115 39 fffe7b79 1
0 0 1 0 111 fffe69f4 1
0 0 1 -54 -65 fffe69f4 1
0 0 1 -75 -103 fffe77aa 1
0 0 1 -7 0 fffe95d7 1
0 0 1 -61 -65 fffe95d7 1
0 0 1 -66 -41 fffea554 1
0 0 1 -122 120 fffeafe6 1
0 0 1 0 -127 fffe76b6 1
0 0 1 25 69 fffe76b6 1
0 0 1 -84 55 fffe7d73 1
0 0 1 -90 0 fffe6b67 1
0 0 1 24 -44 fffe6b67 1
0 0 1 -128 -20 fffe6747 1
0 0 1 -21 0 fffe7147 1
0 0 1 -31 -114 fffe7147 1
0 0 1 106 41 fffe7f15 1
0 0 1 -110 -4 fffe900f 1
0 0 1 0 -9 fffe91c7 1
0 0 1 -93 97 fffe91c7 1
0 0 1 -67 72 fffe6e8a 1
0 0 1 0 68 fffe5bb2 1
0 0 1 40 108 fffe5bb2 1
0 0 1 68 -122 fffe6c92 1
0 0 1 -119 0 fffe4c2a 1
0 0 1 43 127 fffe4c2a 1
0 0 1 59 -32 fffe617f 1
0 0 1 -115 80 fffe5a1f 1
0 0 1 -49 0 fffe362f 1
0 0 1 -72 -11 fffe362f 1
0 0 1 42 -92 fffe3947 1
0 0 1 0 8 fffe2a2f 1
0 0 1 -11 -60 fffe2a2f 1
0 0 1 52 -49 fffe2cc3 1
0 0 1 0 -117 fffe22cf 1
0 0 1 -92 -99 fffe22cf 1
0 0 1 57 99 fffe4663 1
0 0 1 6 -83 fffe5c6e 1
0 0 1 0 -41 fffe5a7c 1
0 0 1 -105 71 fffe5a7c 1
0 0 1 124 -90 fffe3d5d 1
0 0 1 0 -108 fffe11c5 1
0 0 1 103 -104 fffe11c5 1
0 0 1 -102 -85 fffde7ed 1
0 0 1 -54 0 fffe09cb 1
0 0 1 -4 109 fffe09cb 1
0 0 1 -81 -30 fffe0817 1
0 0 1 95 -59 fffe1195 1
0 0 1 -6 0 fffdfbb0 1
0 0 1 126 49 fffdfbb0 1
0 0 1 85 -107 fffe13ce 1
0 0 1 0 -14 fffdf047 1
0 0 1 7 -80 fffdf047 1
0 0 1 -82 79 fffdee17 1
0 0 1 28 0 fffdd4c9 1
0 0 1 96 64 fffdd4c9 1
0 0 1 35 48 fffdecc9 1
0 0 1 17 125 fffdf359 1
0 0 1 0 91 fffdfba6 1
0 0 1 -13 -100 fffdfba6 1
0 0 1 68 -42 fffe00ba 1
0 0 1 70 0 fffdf592 1
0 0 1 -99 112 fffdf592 1
0 0 1 92 119 fffdca42 1
0 0 1 0 45 fffdf506 1
0 0 1 83 -122 fffdf506 1
0 0 1 -32 -119 fffdcd78 1
0 0 1 59 -111 fffddc58 1
0 0 1 -87 0 fffdc2c3 1
0 0 1 100 15 fffdc2c3 1
0 0 1 14 -50 fffdc89f 1
0 0 1 0 91 fffdc5e3 1
0 0 1 5 82 fffdc5e3 1
0 0 1 -102 122 fffdc77d 1
0 0 1 59 0 fffd96e1 1
0 0 1 28 -53 fffd96e1 1
0 0 1 -43 -74 fffd9115 1
0 0 1 4 34 fffd9d83 1
0 0 1 -60 0 fffd9e0b 1
0 0 1 75 22 fffd9e0b 1
0 0 1 -48 33 fffda47d 1
0 0 1 -20 0 fffd9e4d 1
0 0 1 -20 -110 fffd9e4d 1
0 0 1 64 113 fffda6e5 1
0 0 1 91 0 fffdc325 1
0 0 1 -55 -81 fffdc325 1
0 0 1 10 -14 fffdd48c 1
0 0 1 -17 -94 fffdd400 1
0 0 1 0 -96 fffdda3e 1
0 0 1 -9 37 fffdda3e 1
0 0 1 116 -39 fffdd8f1 1
0 0 1 0 -82 fffdc745 1
0 0 1 95 76 fffdc745 1
0 0 1 -37 -62 fffde379 1
0 0 1 -42 0 fffdec6f 1
0 0 1 59 38 fffdec6f 1
0 0 1 82 -41 fffdf531 1
0 0 1 104 -40 fffde80f 1
0 0 1 0 13 fffdd7cf 1
0 0 1 -67 8 fffdd7cf 1
0 0 1 -52 91 fffdd5b7 1
0 0 1 -115 0 fffdc33b 1
0 0 1 -110 15 fffdc33b 1
0 0 1 47 9 fffdbcc9 1
0 0 1 0 -88 fffdbe70 1
0 0 1 50 36 fffdbe70 1
0 0 1 -120 112 fffdc578 1
0 0 1 126 82 fffd90f8 1
0 0 1 0 95 fffdb954 1
0 0 1 67 124 fffdb954 1
0 0 1 -115 -71 fffdd9c8 1
0 0 1 -48 0 fffdf9ad 1
0 0 1 79 -35 fffdf9ad 1
0 0 1 3 35 fffdeee0 1
0 0 1 12 0 fffdef49 1
0 0 1 -15 -39 fffdef49 1
0 0 1 101 -64 fffdf192 1
0 0 1 -56 25 fffdd852 1
0 0 1 0 -44 fffdd2da 1
0 0 1 28 58 fffdd2da 1
0 0 1 -119 44 fffdd932 1
0 0 1 0 29 fffdc4be 1
0 0 1 -35 30 fffdc4be 1
0 0 1 9 -74 fffdc0a4 1
0 0 1 0 -55 fffdbe0a 1
0 0 1 76 5 fffdbe0a 1
0 0 1 67 -9 fffdbf86 1
0 0 1 -75 49 fffdbd2b 1
0 0 1 68 0 fffdaed0 1
0 0 1 -38 112 fffdaed0 1
0 0 1 66 87 fffd9e30 1
0 0 1 0 56 fffdb49e 1
0 0 1 99 -42 fffdb49e 1
0 0 1 6 127 fffda460 1
0 0 1 -96 0 fffda75a 1
0 0 1 40 51 fffda75a 1
0 0 1 43 65 fffdaf52 1
0 0 1 -88 -75 fffdba3d 1
0 0 1 0 86 fffdd405 1
0 0 1 28 65 fffdd405 1
0 0 1 -23 110 fffddb21 1
0 0 1 53 0 fffdd13f 1
0 0 1 107 -28 fffdd13f 1
0 0 1 -46 118 fffdc58b 1
0 0 1 0 51 fffdb057 1
0 0 1 -92 -85 fffdb057 1
0 0 1 30 -107 fffdcee3 1
0 0 1 121 95 fffdc259 1
0 0 1 59 0 fffdef40 1
0 0 1 -65 37 fffdef40 1
0 0 1 73 84 fffde5db 1
0 0 1 -116 0 fffdfdcf 1
0 0 1 79 -56 fffdfdcf 1
0 0 1 -76 -104 fffdec87 1
0 0 1 0 -39 fffe0b67 1
0 0 1 -44 -21 fffe0b67 1
0 0 1 78 100 fffe0f03 1
0 0 1 74 62 fffe2d7b 1
0 0 1 0 56 fffe3f67 1
0 0 1 86 91 fffe3f67 1
0 0 1 98 -113 fffe5df9 1
0 0 1 79 0 fffe32b7 1
0 0 1 36 69 fffe32b7 1
0 0 1 -119 -7 fffe3c6b 1
0 0 1 0 118 fffe3fac 1
0 0 1 -2 -82 fffe3fac 1
0 0 1 51 82 fffe4050 1
0 0 1 3 26 fffe50a6 1
0 0 1 -119 0 fffe50f4 1
0 0 1 -116 10 fffe50f4 1
0 0 1 -84 20 fffe4c6c 1
0 0 1 0 -120 fffe45dc 1
0 0 1 80 -115 fffe45dc 1
0 0 1 -32 -118 fffe21ec 1
0 0 1 -48 0 fffe30ac 1
0 0 1 -16 21 fffe30ac 1
0 0 1 -77 -11 fffe2f5c 1
0 0 1 -64 65 fffe32ab 1
0 0 1 99 0 fffe226b 1
0 0 1 21 -40 fffe226b 1
0 0 1 -22 116 fffe1f23 1
0 0 1 -97 0 fffe152b 1
0 0 1 -38 6 fffe152b 1
0 0 1 80 -63 fffe1447 1
0 0 1 -60 0 fffe0097 1
0 0 1 87 -110 fffe0097 1
0 0 1 -10 -82 fffddb35 1
0 0 1 -114 -51 fffdde69 1
0 0 1 49 0 fffdf51f 1
0 0 1 -96 -13 fffdf51f 1
0 0 1 48 -75 fffdf9ff 1
0 0 1 0 17 fffdebef 1
0 0 1 71 4 fffdebef 1
0 0 1 89 70 fffded0b 1
0 0 1 0 4 fffe0561 1
0 0 1 28 -5 fffe0561 1
0 0 1 20 36 fffe04d5 1
0 0 1 36 -21 fffe07a5 1
0 0 1 0 117 fffe04b1 1
0 0 1 91 -5 fffe04b1 1
0 0 1 -12 17 fffe02ea 1
0 0 1 -118 0 fffe021e 1
0 0 1 3 109 fffe021e 1
0 0 1 110 122 fffe0365 1
0 0 1 86 0 fffe37d1 1
0 0 1 20 68 fffe37d1 1
0 0 1 -8 -128 fffe3d21 1
0 0 1 -106 -82 fffe4121 1
0 0 1 0 49 fffe6315 1
0 0 1 98 50 fffe6315 1
0 0 1 9 -102 fffe7639 1
0 0 1 -62 0 fffe72a3 1
0 0 1 47 22 fffe72a3 1
0 0 1 11 15 fffe76ad 1
0 0 1 -7 0 fffe7752 1
0 0 1 -6 23 fffe7752 1
0 0 1 -3 82 fffe76c8 1
0 0 1 42 -2 fffe75d2 1
0 0 1 -60 0 fffe757e 1
0 0 1 -121 -112 fffe757e 1
0 0 1 57 109 fffeaa6e 1
0 0 1 0 -39 fffec2b3 1
0 0 1 86 -85 fffec2b3 1
0 0 1 62 -119 fffea625 1
0 0 1 83 0 fffe8953 1
0 0 1 -81 106 fffe8953 1
0 0 1 -112 -29 fffe67c9 1
0 0 1 -86 75 fffe7479 1
0 0 1 0 16 fffe5b47 1
0 0 1 24 40 fffe5b47 1
0 0 1 81 -41 fffe5f07 1
0 0 1 73 0 fffe520e 1
0 0 1 -10 -99 fffe520e 1
0 0 1 75 24 fffe55ec 1
0 0 1 0 81 fffe5cf4 1
0 0 1 -123 -111 fffe5cf4 1
0 0 1 -48 96 fffe9249 1
0 0 1 -42 -90 fffe8049 1
0 0 1 0 27 fffe8f0d 1
0 0 1 29 17 fffe8f0d 1
0 0 1 48 113 fffe90fa 1
0 0 1 0 122 fffea62a 1
0 0 1 -44 68 fffea62a 1
0 0 1 -107 106 fffe9a7a 1
0 0 1 0 -121 fffe6e2c 1
0 0 1 -31 68 fffe6e2c 1
0 0 1 -18 -109 fffe65f0 1
0 0 1 -45 118 fffe6d9a 1
0 0 1 58 0 fffe58dc 1
0 0 1 110 113 fffe58dc 1
0 0 1 -22 -51 fffe896a 1
0 0 1 -113 0 fffe8dcc 1
0 0 1 4 -3 fffe8dcc 1
0 0 1 -94 17 fffe8dc0 1
0 0 1 0 29 fffe8782 1
0 0 1 93 31 fffe8782 1
0 0 1 -82 28 fffe92c5 1
0 0 1 20 109 fffe89cd 1
0 0 1 -93 0 fffe9251 1
0 0 1 -33 18 fffe9251 1
0 0 1 105 1 fffe8fff 1
0 0 1 -128 0 fffe9068 1
0 0 1 123 -124 fffe9068 1
0 0 1 -107 -63 fffe54d4 1
0 0 1 0 25 fffe6f29 1
0 0 1 83 42 fffe6f29 1
0 0 1 53 -18 fffe7cc7 1
0 0 1 48 8 fffe790d 1
0 0 1 1 0 fffe7a8d 1
0 0 1 -34 115 fffe7a8d 1
0 0 1 -44 -124 fffe6b47 1
0 0 1 0 -44 fffe8097 1
0 0 1 83 -63 fffe8097 1
0 0 1 -101 -31 fffe6c2a 1
0 0 1 -15 0 fffe7865 1
0 0 1 102 35 fffe7865 1
0 0 1 -84 -15 fffe8657 1
0 0 1 41 47 fffe8b43 1
0 0 1 98 0 fffe92ca 1
0 0 1 -101 -127 fffe92ca 1
0 0 1 -99 -32 fffec4e5 1
0 0 1 0 -122 fffed145 1
0 0 1 -2 -54 fffed145 1
0 0 1 75 -53 fffed1b1 1
0 0 1 0 45 fffec22a 1
0 0 1 43 -21 fffec22a 1
0 0 1 -42 60 fffebea3 1
0 0 1 -56 52 fffeb4cb 1
0 0 1 -124 0 fffea96b 1
0 0 1 118 100 fffea96b 1
0 0 1 -118 34 fffed783 1
0 0 1 0 126 fffec7d7 1
0 0 1 52 84 fffec7d7 1
0 0 1 -84 68 fffed8e7 1
0 0 1 -41 0 fffec297 1
0 0 1 11 46 fffec297 1
0 0 1 -109 60 fffec491 1
0 0 1 -34 -84 fffeab05 1
0 0 1 78 0 fffeb62d 1
0 0 1 -27 -121 fffeb62d 1
0 0 1 -121 126 fffec2f0 1
0 0 1 28 0 fffe8762 1
0 0 1 60 13 fffe8762 1
0 0 1 76 80 fffe8a6e 1
0 0 1 0 -81 fffea22e 1
0 0 1 -111 51 fffea22e 1
0 0 1 -8 102 fffe8c11 1
0 0 1 81 -18 fffe88e1 1
0 0 1 20 0 fffe832f 1
0 0 1 3 -71 fffe832f 1
0 0 1 73 -75 fffe825a 1
0 0 1 0 92 fffe6cf7 1
0 0 1 -29 16 fffe6cf7 1
0 0 1 39 123 fffe6b27 1
0 0 1 -71 0 fffe7de4 1
0 0 1 122 14 fffe7de4 1
0 0 1 -126 126 fffe8490 1
0 0 1 45 -23 fffe468c 1
0 0 1 100 0 fffe4281 1
0 0 1 77 -127 fffe4281 1
0 0 1 113 -83 fffe1c4e 1
0 0 1 0 43 fffdf7ab 1
0 0 1 -55 -56 fffdf7ab 1
0 0 1 68 -61 fffe03b3 1
0 0 1 0 -105 fffdf37f 1
0 0 1 -60 59 fffdf37f 1
0 0 1 52 52 fffde5ab 1
0 0 1 -64 -121 fffdf03b 1
0 0 1 0 37 fffe0e7b 1
0 0 1 122 89 fffe0e7b 1
0 0 1 35 98 fffe38e5 1
0 0 1 9 0 fffe464b 1
0 0 1 7 90 fffe464b 1
0 0 1 93 -23 fffe48c1 1
0 0 1 126 0 fffe4066 1
0 0 1 -113 43 fffe4066 1
0 0 1 111 -20 fffe2d6b 1
0 0 1 -30 -102 fffe24bf 1
0 0 1 0 49 fffe30b3 1
0 0 1 86 16 fffe30b3 1
0 0 1 81 104 fffe3613 1
0 0 1 -46 0 fffe56fb 1
0 0 1 -49 -70 fffe56fb 1
0 0 1 63 51 fffe6461 1
0 0 1 0 104 fffe70ee 1
0 0 1 -33 92 fffe70ee 1
0 0 1 95 77 fffe6512 1
0 0 1 -2 -64 fffe81a5 1
0 0 1 8 0 fffe8225 1
0 0 1 8 2 fffe8225 1
0 0 1 5 -89 fffe8235 1
0 0 1 -95 0 fffe8078 1
0 0 1 -84 69 fffe8078 1
0 0 1 -44 82 fffe69d4 1
0 0 1 0 61 fffe5bbc 1
0 0 1 81 75 fffe5bbc 1
0 0 1 -119 8 fffe7377 1
0 0 1 105 -7 fffe6fbf 1
0 0 1 0 -65 fffe6ce0 1
0 0 1 77 78 fffe6ce0 1
0 0 1 126 -68 fffe8456 1
0 0 1 0 39 fffe62de 1
0 0 1 124 -64 fffe62de 1
0 0 1 -118 -31 fffe43de 1
0 0 1 0 55 fffe5228 1
0 0 1 94 -89 fffe5228 1
0 0 1 -98 50 fffe317a 1
0 0 1 22 81 fffe1e56 1
0 0 1 0 -20 fffe254c 1
0 0 1 -99 82 fffe254c 1
0 0 1 75 108 fffe0596 1
0 0 1 0 11 fffe253a 1
0 0 1 117 -57 fffe253a 1
0 0 1 73 -93 fffe0b2d 1
0 0 1 0 29 fffdf0a8 1
0 0 1 16 24 fffdf0a8 1
0 0 1 40 56 fffdf228 1
0 0 1 -3 -41 fffdfae8 1
0 0 1 0 -88 fffdfb63 1
0 0 1 39 20 fffdfb63 1
0 0 1 -57 -59 fffdfe6f 1
0 0 1 70 0 fffe0b92 1
0 0 1 75 -114 fffe0b92 1
0 0 1 126 52 fffdea2c 1
0 0 1 46 0 fffe03c4 1
0 0 0 37 -83 fffe03c4 1
0 0 0 -49 72 fffe03c4 0
