1 0 0 0 0 00000000 0
1 0 0 0 0 00000000 0
1 0 0 0 0 00000000 0
0 0 1 -99 122 00000000 0
0 0 1 0 -14 ffffd0d2 1
0 0 1 0 -127 ffffd0d2 1
0 0 1 0 -59 ffffd0d2 1
0 0 1 -36 -126 ffffd0d2 1
0 0 1 -71 0 ffffe28a 1
0 0 1 5 -13 ffffe28a 1
0 0 1 0 -123 ffffe249 1
0 0 1 -91 -20 ffffe249 1
0 0 1 -86 75 ffffe965 1
0 0 1 43 -21 ffffd033 1
0 0 1 0 -82 ffffccac 1
0 0 1 -2 -82 ffffccac 1
0 0 1 -43 -74 ffffcd50 1
0 0 1 0 117 ffffd9be 1
0 0 1 123 -7 ffffd9be 1
0 0 1 -79 34 ffffd661 1
0 0 1 -68 72 ffffcbe3 1
0 0 1 -1 67 ffffb8c3 1
0 0 1 77 64 ffffb880 1
0 0 1 -89 -46 ffffcbc0 1
0 0 1 35 82 ffffdbbe 1
0 0 1 0 -86 ffffe6f4 1
0 0 1 -120 -21 ffffe6f4 1
0 0 1 0 -18 fffff0cc 1
0 0 1 -53 104 fffff0cc 1
0 0 1 19 107 ffffdb44 1
0 0 1 0 -92 ffffe335 1
0 0 1 41 0 ffffe335 1
0 0 1 100 48 ffffe335 1
0 0 1 -33 -32 fffff5f5 1
0 0 1 -72 101 fffffa15 1
0 0 1 83 -40 ffffddad 1
0 0 1 16 23 ffffd0b5 1
0 0 1 79 -35 ffffd225 1
0 0 1 104 -40 ffffc758 1
0 0 1 -2 47 ffffb718 1
0 0 1 -72 -43 ffffb6ba 1
0 0 1 -10 -82 ffffc2d2 1
0 0 1 47 22 ffffc606 1
0 0 1 0 78 ffffca10 1
0 0 1 0 37 ffffca10 1
0 0 1 40 -89 ffffca10 1
0 0 1 -69 0 ffffbc28 1
0 0 1 58 0 ffffbc28 1
0 0 1 7 -80 ffffbc28 1
0 0 1 -84 -50 ffffb9f8 1
0 0 1 20 0 ffffca60 1
0 0 1 82 107 ffffca60 1
0 0 1 52 -49 ffffeca6 1
0 0 1 -85 -20 ffffe2b2 1
0 0 1 110 122 ffffe956 1
0 0 1 0 -89 00001dc2 1
0 0 1 6 89 00001dc2 1
0 0 1 98 -113 00001fd8 1
0 0 1 -104 -105 fffff496 1
0 0 1 117 -57 00001f3e 1
0 0 1 -68 -41 00000531 1
0 0 1 -15 5 00001015 1
0 0 1 -96 -122 00000fca 1
0 0 1 -79 0 00003d8a 1
0 0 1 91 -125 00003d8a 1
0 0 1 126 49 0000111b 1
0 0 1 0 -82 00002939 1
0 0 1 87 -110 00002939 1
0 0 1 0 -32 000003d7 1
0 0 1 0 -39 000003d7 1
0 0 1 -127 -106 000003d7 1
0 0 1 23 -99 0000386d 1
0 0 1 123 -90 00002f88 1
0 0 1 0 -121 0000044a 1
0 0 1 -99 82 0000044a 1
0 0 1 105 15 ffffe494 1
0 0 1 -85 99 ffffeabb 1
0 0 1 -41 -42 ffffc9dc 1
0 0 1 57 99 ffffd096 1
0 0 1 -91 0 ffffe6a1 1
0 0 1 5 125 ffffe6a1 1
0 0 1 -54 -119 ffffe912 1
0 0 1 -122 36 0000022c 1
0 0 1 122 89 fffff104 1
0 0 1 -124 0 00001b6e 1
0 0 1 95 0 00001b6e 1
0 0 1 0 -119 00001b6e 1
0 0 1 0 53 00001b6e 1
0 0 1 -38 -9 00001b6e 1
0 0 1 34 -105 00001cc4 1
0 0 1 0 -44 00000ed2 1
0 0 1 10 -14 00000ed2 1
0 0 1 76 5 00000e46 1
0 0 1 28 0 00000fc2 1
0 0 1 28 39 00000fc2 1
0 0 1 0 49 00001406 1
0 0 1 44 49 00001406 1
0 0 1 107 0 00001c72 1
0 0 1 82 0 00001c72 1
0 0 1 -115 0 00001c72 1
0 0 1 -38 -52 00001c72 1
0 0 1 -56 -48 0000242a 1
0 0 1 -111 51 00002eaa 1
0 0 1 59 -32 0000188d 1
0 0 1 0 71 0000112d 1
0 0 1 -15 21 0000112d 1
0 0 1 -120 112 00000ff2 1
0 0 1 -120 -67 ffffdb72 1
0 0 1 78 0 fffffada 1
0 0 1 0 28 fffffada 1
0 0 1 113 -109 fffffada 1
0 0 1 0 -9 ffffcabd 1
0 0 1 0 17 ffffcabd 1
0 0 1 79 -106 ffffcabd 1
0 0 1 106 -117 ffffaa07 1
0 0 1 101 119 ffff7995 1
0 0 1 -127 48 ffffa888 1
0 0 1 0 23 ffff90b8 1
0 0 1 -6 23 ffff90b8 1
0 0 1 8 -63 ffff902e 1
0 0 1 34 121 ffff8e36 1
0 0 1 -96 0 ffff9e48 1
0 0 1 0 54 ffff9e48 1
0 0 1 -16 21 ffff9e48 1
0 0 1 -89 -90 ffff9cf8 1
0 0 1 -11 -60 ffffbc42 1
0 0 1 24 40 ffffbed6 1
0 0 1 -34 115 ffffc296 1
0 0 1 42 -92 ffffb350 1
0 0 1 -57 -59 ffffa438 1
0 0 1 39 123 ffffb15b 1
0 0 1 124 24 ffffc418 1
0 0 1 124 26 ffffcfb8 1
0 0 1 -112 1 ffffdc50 1
0 0 1 -97 0 ffffdbe0 1
0 0 1 -3 -111 ffffdbe0 1
0 0 1 -60 0 ffffdd2d 1
0 0 1 -18 9 ffffdd2d 1
0 0 1 -120 12 ffffdc8b 1
0 0 1 -56 0 ffffd6eb 1
0 0 1 -124 35 ffffd6eb 1
0 0 1 -84 55 ffffc5f7 1
0 0 1 -63 23 ffffb3eb 1
0 0 1 -4 -23 ffffae42 1
0 0 1 67 -28 ffffae9e 1
0 0 1 4 37 ffffa74a 1
0 0 1 88 -37 ffffa7de 1
0 0 1 88 8 ffff9b26 1
0 0 1 3 -71 ffff9de6 1
0 0 1 -84 68 ffff9d11 1
0 0 1 35 98 ffff86c1 1
0 0 1 0 -30 ffff9427 1
0 0 1 68 99 ffff9427 1
0 0 1 0 80 ffffae73 1
0 0 1 73 0 ffffae73 1
0 0 1 0 -101 ffffae73 1
0 0 1 86 16 ffffae73 1
0 0 1 58 -55 ffffb3d3 1
0 0 1 -35 30 ffffa75d 1
0 0 1 -31 -114 ffffa343 1
0 0 1 -93 111 ffffb111 1
0 0 1 41 0 ffff88be 1
0 0 1 -16 -29 ffff88be 1
0 0 1 91 0 ffff8a8e 1
0 0 1 11 15 ffff8a8e 1
0 0 1 -29 -3 ffff8b33 1
0 0 1 59 0 ffff8b8a 1
0 0 1 -95 -23 ffff8b8a 1
0 0 1 0 95 ffff9413 1
0 0 1 -92 -99 ffff9413 1
0 0 1 -39 -16 ffffb7a7 1
0 0 1 59 0 ffffba17 1
0 0 1 57 109 ffffba17 1
0 0 1 63 0 ffffd25c 1
0 0 1 -68 126 ffffd25c 1
0 0 1 94 81 ffffb0e4 1
0 0 1 -108 18 ffffcea2 1
0 0 1 122 103 ffffc70a 1
0 0 1 -123 -116 fffff820 1
0 0 1 40 -76 00002fdc 1
0 0 1 42 -2 000023fc 1
0 0 1 8 0 000023a8 1
0 0 1 47 0 000023a8 1
0 0 1 26 -73 000023a8 1
0 0 1 0 20 00001c3e 1
0 0 1 0 -59 00001c3e 1
0 0 1 93 -23 00001c3e 1
0 0 1 -86 -36 000013e3 1
0 0 1 -9 -21 00001ffb 1
0 0 1 0 13 000020b8 1
0 0 1 -63 -91 000020b8 1
0 0 1 87 61 0000371d 1
0 0 1 -21 0 00004bd8 1
0 0 1 25 83 00004bd8 1
0 0 1 0 10 000053f3 1
0 0 1 -64 -70 000053f3 1
0 0 1 2 118 00006573 1
0 0 1 0 52 0000665f 1
0 0 1 -128 -20 0000665f 1
0 0 1 -23 0 0000705f 1
0 0 1 0 13 0000705f 1
0 0 1 1 -55 0000705f 1
0 0 1 48 0 00007028 1
0 0 1 -118 -43 00007028 1
0 0 1 -121 99 000083fa 1
0 0 1 0 -70 0000552f 1
0 0 1 -60 0 0000552f 1
0 0 1 63 0 0000552f 1
0 0 1 83 93 0000552f 1
0 0 1 -8 4 00007356 1
0 0 1 20 36 00007336 1
0 0 1 -74 91 00007606 1
0 0 1 94 46 00005bb8 1
0 0 1 -30 -26 00006c9c 1
0 0 1 -29 16 00006fa8 1
0 0 1 -76 -59 00006dd8 1
0 0 1 -119 17 00007f5c 1
0 0 1 62 51 00007775 1
0 0 1 -99 112 000083cf 1
0 0 1 0 104 0000587f 1
0 0 1 3 25 0000587f 1
0 0 1 -54 -65 000058ca 1
0 0 1 68 -118 00006680 1
0 0 1 -20 -110 00004728 1
0 0 1 124 -64 00004fc0 1
0 0 1 45 -122 000030c0 1
0 0 1 70 -105 00001b4e 1
0 0 1 -102 -85 fffffe98 1
0 0 1 -66 -41 00002076 1
0 0 1 -16 -26 00002b08 1
0 0 1 49 68 00002ca8 1
0 0 1 61 -43 000039ac 1
0 0 1 24 42 00002f6d 1
0 0 1 -116 10 0000335d 1
0 0 1 93 31 00002ed5 1
0 0 1 0 -120 00003a18 1
0 0 1 86 91 00003a18 1
0 0 1 -82 0 000058aa 1
0 0 1 75 24 000058aa 1
0 0 1 -118 -52 00005fb2 1
0 0 1 -8 102 000077aa 1
0 0 1 41 47 0000747a 1
0 0 1 6 127 00007c01 1
0 0 1 -56 52 00007efb 1
0 0 1 86 -29 0000739b 1
0 0 1 -68 32 000069dd 1
0 0 1 -17 -98 0000615d 1
0 0 1 5 55 000067df 1
0 0 1 -31 68 000068f2 1
0 0 1 -27 -121 000060b6 1
0 0 1 78 -96 00006d79 1
0 0 1 -10 0 00005039 1
0 0 1 42 0 00005039 1
0 0 1 0 -58 00005039 1
0 0 1 124 -90 00005039 1
0 0 1 8 2 000024a1 1
0 0 1 0 -117 000024b1 1
0 0 1 0 105 000024b1 1
0 0 1 126 0 000024b1 1
0 0 1 -48 96 000024b1 1
0 0 1 -36 0 000012b1 1
0 0 1 0 39 000012b1 1
0 0 1 30 114 000012b1 1
0 0 1 77 -36 0000200d 1
0 0 1 0 46 00001539 1
0 0 1 9 0 00001539 1
0 0 1 124 -48 00001539 1
0 0 1 0 8 fffffdf9 1
0 0 1 77 81 fffffdf9 1
0 0 1 81 -41 00001656 1
0 0 1 83 42 0000095d 1
0 0 1 0 -73 000016fb 1
0 0 1 47 9 000016fb 1
0 0 1 -90 0 000018a2 1
0 0 1 -69 37 000018a2 1
0 0 1 -24 0 00000ea9 1
0 0 1 0 -6 00000ea9 1
0 0 1 -24 97 00000ea9 1
0 0 1 -67 -11 00000591 1
0 0 1 -118 -31 00000872 1
0 0 1 102 33 000016bc 1
0 0 1 19 114 000023e2 1
0 0 1 39 20 00002c58 1
0 0 1 -79 7 00002f64 1
0 0 1 -95 106 00002d3b 1
0 0 1 90 0 000005e5 1
0 0 1 -84 92 000005e5 1
0 0 1 36 -59 ffffe7b5 1
0 0 1 95 76 ffffdf69 1
0 0 1 -93 97 fffffb9d 1
0 0 1 73 -75 ffffd860 1
0 0 1 -88 -75 ffffc2fd 1
0 0 1 48 8 ffffdcc5 1
0 0 1 0 119 ffffde45 1
0 0 1 -56 25 ffffde45 1
0 0 1 -2 -83 ffffd8cd 1
0 0 1 86 -85 ffffd973 1
0 0 1 -73 114 ffffbce5 1
0 0 1 -116 48 ffff9c63 1
0 0 1 -64 65 ffff86a3 1
0 0 1 -45 13 ffff7663 1
0 0 1 8 0 ffff741a 1
0 0 1 -108 0 ffff741a 1
0 0 1 0 -96 ffff741a 1
0 0 1 69 -96 ffff741a 1
0 0 1 87 -74 ffff5a3a 1
0 0 1 -8 -128 ffff4114 1
0 0 1 116 -39 ffff4514 1
0 0 1 123 -59 ffff3368 1
0 0 1 0 15 ffff170f 1
0 0 1 7 90 ffff170f 1
0 0 1 9 -74 ffff1985 1
0 0 1 0 17 ffff16eb 1
0 0 1 -128 -101 ffff16eb 1
0 0 1 -110 15 ffff496b 1
0 0 1 0 -72 ffff42f9 1
0 0 1 -61 -65 ffff42f9 1
0 0 1 -24 -60 ffff5276 1
0 0 1 106 41 ffff5816 1
0 0 1 84 0 ffff6910 1
0 0 1 -17 -94 ffff6910 1
0 0 1 121 95 ffff6f4e 1
0 0 1 17 -60 ffff9c35 1
0 0 1 51 -103 ffff9839 1
0 0 1 -81 -30 ffff83b4 1
0 0 1 -33 92 ffff8d32 1
0 0 1 -54 0 ffff8156 1
0 0 1 93 -126 ffff8156 1
0 0 1 -122 6 ffff5390 1
0 0 1 56 -68 ffff50b4 1
0 0 1 0 -5 ffff41d4 1
0 0 1 71 4 ffff41d4 1
0 0 1 33 0 ffff42f0 1
0 0 1 10 34 ffff42f0 1
0 0 1 118 100 ffff4444 1
0 0 1 99 -32 ffff725c 1
0 0 1 0 56 ffff65fc 1
0 0 1 0 -61 ffff65fc 1
0 0 1 84 -106 ffff65fc 1
0 0 1 -109 60 ffff4334 1
0 0 1 -34 -84 ffff29a8 1
0 0 1 82 -41 ffff34d0 1
0 0 1 0 3 ffff27ae 1
0 0 1 68 -122 ffff27ae 1
0 0 1 20 0 ffff0746 1
0 0 1 0 -82 ffff0746 1
0 0 1 100 15 ffff0746 1
0 0 1 0 80 ffff0d22 1
0 0 1 94 51 ffff0d22 1
0 0 1 -24 18 ffff1fdc 1
0 0 1 118 -65 ffff1e2c 1
0 0 1 -114 -51 ffff0036 1
0 0 1 0 -108 ffff16ec 1
0 0 1 -119 44 ffff16ec 1
0 0 1 0 58 ffff0278 1
0 0 1 56 108 ffff0278 1
0 0 1 34 -96 ffff1a18 1
0 0 1 0 118 ffff0d58 1
0 0 1 0 49 ffff0d58 1
0 0 1 -94 -3 ffff0d58 1
0 0 1 -23 -91 ffff0e72 1
0 0 1 115 32 ffff169f 1
0 0 1 41 -115 ffff24ff 1
0 0 1 53 -40 ffff1294 1
0 0 1 100 -91 ffff0a4c 1
0 0 1 0 59 fffee6c0 1
0 0 1 107 -38 fffee6c0 1
0 0 1 25 69 fffed6de 1
0 0 1 -44 87 fffedd9b 1
0 0 1 28 -53 fffecea7 1
0 0 1 -38 -95 fffec8db 1
0 0 1 39 55 fffed6f5 1
0 0 1 12 0 fffedf56 1
0 0 1 41 -82 fffedf56 1
0 0 1 98 50 fffed234 1
0 0 1 66 -82 fffee558 1
0 0 1 -33 0 fffed034 1
0 0 1 -79 93 fffed034 1
0 0 1 0 90 fffeb381 1
0 0 1 80 -63 fffeb381 1
0 0 1 95 -59 fffe9fd1 1
0 0 1 0 87 fffe89ec 1
0 0 1 -119 0 fffe89ec 1
0 0 1 86 0 fffe89ec 1
0 0 1 76 0 fffe89ec 1
0 0 1 0 82 fffe89ec 1
0 0 1 11 46 fffe89ec 1
0 0 1 -115 0 fffe8be6 1
0 0 1 0 -65 fffe8be6 1
0 0 1 126 44 fffe8be6 1
0 0 1 81 104 fffea18e 1
0 0 1 80 -115 fffec276 1
0 0 1 57 0 fffe9e86 1
0 0 1 -17 -27 fffe9e86 1
0 0 1 -106 -82 fffea051 1
0 0 1 50 0 fffec245 1
0 0 1 -125 -104 fffec245 1
0 0 1 40 108 fffef50d 1
0 0 1 0 -11 ffff05ed 1
0 0 1 -91 -27 ffff05ed 1
0 0 1 66 87 ffff0f86 1
0 0 1 0 7 ffff25f4 1
0 0 1 -99 -26 ffff25f4 1
0 0 1 0 117 ffff3002 1
0 0 1 75 108 ffff3002 1
0 0 1 -62 -90 ffff4fa6 1
0 0 1 -93 45 ffff6572 1
0 0 1 0 17 ffff5519 1
0 0 1 112 -81 ffff5519 1
0 0 1 -59 -46 ffff31a9 1
0 0 1 78 -77 ffff3c43 1
0 0 1 -81 -72 ffff24cd 1
0 0 1 123 -109 ffff3b95 1
0 0 1 -12 2 ffff0736 1
0 0 1 21 -40 ffff071e 1
0 0 1 5 -89 ffff03d6 1
0 0 1 -68 -126 ffff0219 1
0 0 1 23 -53 ffff2391 1
0 0 1 64 -86 ffff1ece 1
0 0 1 83 31 ffff094e 1
0 0 1 92 119 ffff135b 1
0 0 1 -84 -79 ffff3e1f 1
0 0 1 126 -68 ffff580b 1
0 0 1 0 51 ffff3693 1
0 0 1 102 60 ffff3693 1
0 0 1 -105 71 ffff4e7b 1
0 0 1 -59 -91 ffff315c 1
0 0 1 0 13 ffff4655 1
0 0 1 -112 -110 ffff4655 1
0 0 1 -117 -22 ffff7675 1
0 0 1 -72 -13 ffff8083 1
0 0 1 0 97 ffff842b 1
0 0 1 2 -53 ffff842b 1
0 0 1 83 -63 ffff83c1 1
0 0 1 55 -108 ffff6f54 1
0 0 1 -96 -13 ffff5820 1
0 0 1 0 81 ffff5d00 1
0 0 1 9 -102 ffff5d00 1
0 0 1 -27 -88 ffff596a 1
0 0 1 124 -103 ffff62b2 1
0 0 1 75 -53 ffff30ce 1
0 0 1 0 -67 ffff2147 1
0 0 1 91 0 ffff2147 1
0 0 1 -1 76 ffff2147 1
0 0 1 28 65 ffff20fb 1
0 0 1 0 29 ffff2817 1
0 0 1 -38 0 ffff2817 1
0 0 1 -2 -64 ffff2817 1
0 0 1 76 80 ffff2897 1
0 0 1 81 -18 ffff4057 1
0 0 1 -125 40 ffff3aa5 1
0 0 1 -85 -31 ffff271d 1
0 0 1 62 -119 ffff3168 1
0 0 1 110 29 ffff1496 1
0 0 1 -113 0 ffff210c 1
0 0 1 80 -81 ffff210c 1
0 0 1 -84 20 ffff07bc 1
0 0 1 78 -110 ffff012c 1
0 0 1 -51 -94 fffedfa8 1
0 0 1 0 29 fffef262 1
0 0 1 80 -70 fffef262 1
0 0 1 0 -103 fffedc82 1
0 0 1 21 -109 fffedc82 1
0 0 1 -48 0 fffed391 1
0 0 1 -107 -18 fffed391 1
0 0 1 84 100 fffedb17 1
0 0 1 -60 -117 fffefbe7 1
0 0 1 -67 104 ffff1753 1
0 0 1 47 -96 fffefc1b 1
0 0 1 -122 -47 fffeea7b 1
0 0 1 47 -122 ffff00e1 1
0 0 1 -44 82 fffeea7b 1
0 0 1 0 45 fffedc63 1
0 0 1 37 79 fffedc63 1
0 0 1 -4 109 fffee7ce 1
0 0 1 0 -9 fffee61a 1
0 0 1 0 55 fffee61a 1
0 0 1 -37 -62 fffee61a 1
0 0 1 0 -4 fffeef10 1
0 0 1 0 -5 fffeef10 1
0 0 1 73 0 fffeef10 1
0 0 1 -72 -37 fffeef10 1
0 0 1 97 -27 fffef978 1
0 0 1 -101 -127 fffeef3d 1
0 0 1 43 65 ffff2158 1
0 0 1 -20 0 ffff2c43 1
0 0 1 36 -21 ffff2c43 1
0 0 1 78 14 ffff294f 1
0 0 1 -123 -111 ffff2d93 1
0 0 1 52 52 ffff62e8 1
0 0 1 -44 -21 ffff6d78 1
0 0 1 -100 -12 ffff7114 1
0 0 1 -81 106 ffff75c4 1
0 0 1 -63 -28 ffff543a 1
0 0 1 0 83 ffff5b1e 1
0 0 1 121 78 ffff5b1e 1
0 0 1 -82 28 ffff7ffc 1
0 0 1 3 0 ffff7704 1
0 0 1 -120 113 ffff7704 1
0 0 1 0 -103 ffff420c 1
0 0 1 -122 8 ffff420c 1
0 0 1 0 29 ffff3e3c 1
0 0 1 44 20 ffff3e3c 1
0 0 1 72 40 ffff41ac 1
0 0 1 71 -95 ffff4cec 1
0 0 1 93 5 ffff3293 1
0 0 1 0 -25 ffff3464 1
0 0 1 -55 -81 ffff3464 1
0 0 1 -93 0 ffff45cb 1
0 0 1 45 -42 ffff45cb 1
0 0 1 -97 0 ffff3e69 1
0 0 1 68 -88 ffff3e69 1
0 0 1 124 -87 ffff2709 1
0 0 1 68 -61 fffefce5 1
0 0 1 116 -53 fffeecb1 1
0 0 1 -40 102 fffed4ad 1
0 0 1 42 0 fffec4bd 1
0 0 1 0 16 fffec4bd 1
0 0 1 0 -12 fffec4bd 1
0 0 1 74 6 fffec4bd 1
0 0 1 112 0 fffec679 1
0 0 1 0 88 fffec679 1
0 0 1 -113 123 fffec679 1
0 0 1 33 -110 fffe902e 1
0 0 1 48 -75 fffe8200 1
0 0 1 7 -122 fffe73f0 1
0 0 1 -113 43 fffe709a 1
0 0 1 79 0 fffe5d9f 1
0 0 1 -43 102 fffe5d9f 1
0 0 1 41 121 fffe4c7d 1
0 0 1 71 -74 fffe5fde 1
0 0 1 -50 0 fffe4b58 1
0 0 1 94 -89 fffe4b58 1
0 0 1 77 -127 fffe2aaa 1
0 0 1 0 -45 fffe0477 1
0 0 1 -99 -32 fffe0477 1
0 0 1 -103 -117 fffe10d7 1
0 0 1 0 99 fffe3fea 1
0 0 1 -69 124 fffe3fea 1
0 0 1 0 14 fffe1e7e 1
0 0 1 68 0 fffe1e7e 1
0 0 1 0 76 fffe1e7e 1
0 0 1 -58 0 fffe1e7e 1
0 0 1 125 104 fffe1e7e 1
0 0 1 -38 112 fffe5146 1
0 0 1 -62 98 fffe40a6 1
0 0 1 0 68 fffe28ea 1
0 0 1 -41 0 fffe28ea 1
0 0 1 0 56 fffe28ea 1
0 0 1 53 -18 fffe28ea 1
0 0 1 105 1 fffe2530 1
0 0 1 103 -104 fffe2599 1
0 0 1 120 72 fffdfbc1 1
0 0 1 98 -2 fffe1d81 1
0 0 1 118 117 fffe1cbd 1
0 0 1 -12 17 fffe52ab 1
0 0 1 71 0 fffe51df 1
0 0 1 101 -64 fffe51df 1
0 0 1 0 -65 fffe389f 1
0 0 1 100 102 fffe389f 1
0 0 1 0 92 fffe6077 1
0 0 1 4 34 fffe6077 1
0 0 1 -116 0 fffe60ff 1
0 0 1 -3 82 fffe60ff 1
0 0 1 45 -46 fffe6009 1
0 0 1 78 0 fffe57f3 1
0 0 1 109 -127 fffe57f3 1
0 0 1 84 0 fffe21e0 1
0 0 1 -109 -10 fffe21e0 1
0 0 1 98 -63 fffe2622 1
0 0 1 -21 -29 fffe0e04 1
0 0 1 0 56 fffe1065 1
0 0 1 123 110 fffe1065 1
0 0 1 59 -111 fffe453f 1
0 0 1 -76 65 fffe2baa 1
0 0 1 0 97 fffe185e 1
0 0 1 59 -102 fffe185e 1
0 0 1 -122 120 fffe00dc 1
0 0 1 97 0 fffdc7ac 1
0 0 1 -15 -25 fffdc7ac 1
0 0 1 -36 -10 fffdc923 1
0 0 1 -119 -7 fffdca8b 1
0 0 1 101 119 fffdcdcc 1
0 0 1 -85 -64 fffdfcbf 1
0 0 1 -55 -56 fffe11ff 1
0 0 1 -116 16 fffe1e07 1
0 0 1 0 -58 fffe16c7 1
0 0 1 104 -8 fffe16c7 1
0 0 1 43 106 fffe1387 1
0 0 1 98 0 fffe2555 1
0 0 1 0 122 fffe2555 1
0 0 1 51 82 fffe2555 1
0 0 1 -126 98 fffe35ab 1
0 0 1 0 -19 fffe056f 1
0 0 1 48 -120 fffe056f 1
0 0 1 111 0 fffdeeef 1
0 0 1 77 78 fffdeeef 1
0 0 1 -13 -2 fffe0665 1
0 0 1 0 -112 fffe067f 1
0 0 1 127 -125 fffe067f 1
0 0 1 80 60 fffdc87c 1
0 0 1 92 -31 fffddb3c 1
0 0 1 89 70 fffdd018 1
0 0 1 -87 -2 fffde86e 1
0 0 1 3 -17 fffde91c 1
0 0 1 91 -5 fffde8e9 1
0 0 1 78 100 fffde722 1
0 0 1 0 -88 fffe059a 1
0 0 1 -128 0 fffe059a 1
0 0 1 -86 0 fffe059a 1
0 0 1 49 117 fffe059a 1
0 0 1 -110 -90 fffe1bff 1
0 0 1 -52 91 fffe42ab 1
0 0 1 0 57 fffe302f 1
0 0 1 53 -71 fffe302f 1
0 0 1 17 125 fffe217c 1
0 0 1 99 33 fffe29c9 1
0 0 1 78 0 fffe368c 1
0 0 1 3 35 fffe368c 1
0 0 1 -75 76 fffe36f5 1
0 0 1 61 -63 fffe20b1 1
0 0 1 -67 72 fffe11ae 1
0 0 1 35 -119 fffdfed6 1
0 0 1 -101 -67 fffdee91 1
0 0 1 69 0 fffe0900 1
0 0 1 114 20 fffe0900 1
0 0 1 0 -66 fffe11e8 1
0 0 1 0 -104 fffe11e8 1
0 0 1 60 38 fffe11e8 1
0 0 1 3 109 fffe1ad0 1
0 0 1 53 0 fffe1c17 1
0 0 1 40 56 fffe1c17 1
0 0 1 -3 -41 fffe24d7 1
0 0 1 89 119 fffe2552 1
0 0 1 -65 37 fffe4eb1 1
0 0 1 0 86 fffe454c 1
0 0 1 -75 49 fffe454c 1
0 0 1 0 43 fffe36f1 1
0 0 1 -118 34 fffe36f1 1
0 0 1 -61 21 fffe2745 1
0 0 1 113 -83 fffe2244 1
0 0 1 79 -56 fffdfda1 1
0 0 1 -27 1 fffdec59 1
0 0 1 -79 1 fffdec3e 1
0 0 1 -93 -70 fffdebef 1
0 0 1 -85 0 fffe055d 1
0 0 1 -64 0 fffe055d 1
0 0 1 16 -13 fffe055d 1
0 0 1 23 5 fffe048d 1
0 0 1 23 0 fffe0500 1
0 0 1 -112 -29 fffe0500 1
0 0 1 32 91 fffe11b0 1
0 0 1 -74 0 fffe1d10 1
0 0 1 28 -5 fffe1d10 1
0 0 1 102 35 fffe1c84 1
0 0 1 -98 50 fffe2a76 1
0 0 1 -119 8 fffe1752 1
0 0 1 83 -112 fffe139a 1
0 0 1 70 0 fffdef4a 1
0 0 1 57 -38 fffdef4a 1
0 0 1 27 11 fffde6d4 1
0 0 1 -49 68 fffde7fd 1
0 0 1 0 -88 fffddaf9 1
0 0 1 0 45 fffddaf9 1
0 0 1 0 91 fffddaf9 1
0 0 1 5 -20 fffddaf9 1
0 0 1 73 84 fffdda95 1
0 0 1 60 -109 fffdf289 1
0 0 1 99 -42 fffdd8fd 1
0 0 1 96 64 fffdc8bf 1
0 0 1 68 -42 fffde0bf 1
0 0 1 43 127 fffdd597 1
0 0 1 -116 -113 fffdeaec 1
0 0 1 -100 41 fffe1e20 1
0 0 1 -75 -103 fffe0e1c 1
0 0 1 -59 -15 fffe2c49 1
0 0 1 30 -107 fffe2fbe 1
0 0 1 0 -44 fffe2334 1
0 0 1 0 25 fffe2334 1
0 0 1 -84 -15 fffe2334 1
0 0 1 -84 -4 fffe2820 1
0 0 1 0 -117 fffe2970 1
0 0 1 -81 72 fffe2970 1
0 0 1 127 -20 fffe12a8 1
0 0 1 0 118 fffe08bc 1
0 0 1 107 -28 fffe08bc 1
0 0 1 -115 -10 fffdfd08 1
0 0 1 39 0 fffe0186 1
0 0 1 -99 60 fffe0186 1
0 0 1 -79 -105 fffdea52 1
0 0 1 110 113 fffe0ab9 1
0 0 1 91 5 fffe3b47 1
0 0 1 -77 95 fffe3d0e 1
0 0 1 38 -62 fffe207b 1
0 0 1 -25 -47 fffe1747 1
0 0 1 -87 115 fffe1bde 1
0 0 1 10 94 fffdf4c9 1
0 0 1 73 0 fffdf875 1
0 0 1 117 -81 fffdf875 1
0 0 1 0 4 fffdd370 1
0 0 1 -16 75 fffdd370 1
0 0 1 -32 -117 fffdcec0 1
0 0 1 -118 0 fffddd60 1
0 0 1 -76 -104 fffddd60 1
0 0 1 -52 -61 fffdfc40 1
0 0 1 -7 0 fffe08a4 1
0 0 1 0 27 fffe08a4 1
0 0 1 -60 0 fffe08a4 1
0 0 1 -18 -109 fffe08a4 1
0 0 1 -13 -100 fffe104e 1
0 0 1 45 24 fffe1562 1
0 0 1 -38 -11 fffe199a 1
0 0 1 106 96 fffe1b3c 1
0 0 1 -75 -80 fffe42fc 1
0 0 1 94 -105 fffe5a6c 1
0 0 1 98 0 fffe33de 1
0 0 1 69 115 fffe33de 1
0 0 1 0 91 fffe52dd 1
0 0 1 1 0 fffe52dd 1
0 0 1 -84 69 fffe52dd 1
0 0 1 127 -20 fffe3c39 1
0 0 1 0 -39 fffe324d 1
0 0 1 0 -81 fffe324d 1
0 0 1 1 0 fffe324d 1
0 0 1 0 63 fffe324d 1
0 0 1 -110 37 fffe324d 1
0 0 1 -43 -62 fffe2267 1
0 0 1 100 114 fffe2cd1 1
0 0 1 -11 -96 fffe5959 1
0 0 1 0 31 fffe5d79 1
0 0 1 -71 -123 fffe5d79 1
0 0 1 -49 -70 fffe7f96 1
0 0 1 0 -65 fffe8cfc 1
0 0 1 0 122 fffe8cfc 1
0 0 1 0 -126 fffe8cfc 1
0 0 1 -72 -11 fffe8cfc 1
0 0 1 -89 53 fffe9014 1
0 0 1 46 0 fffe7da7 1
0 0 1 -109 -55 fffe7da7 1
0 0 1 0 -55 fffe9512 1
0 0 1 29 72 fffe9512 1
0 0 1 -58 71 fffe9d3a 1
0 0 1 52 84 fffe8d24 1
0 0 1 73 -93 fffe9e34 1
0 0 1 100 0 fffe83af 1
0 0 1 -127 -62 fffe83af 1
0 0 1 49 91 fffea271 1
0 0 1 0 -41 fffeb3dc 1
0 0 1 126 52 fffeb3dc 1
0 0 1 0 47 fffecd74 1
0 0 1 45 -23 fffecd74 1
0 0 1 -106 -121 fffec969 1
0 0 1 -115 80 fffefb83 1
0 0 1 -6 0 fffed793 1
0 0 1 97 0 fffed793 1
0 0 1 99 0 fffed793 1
0 0 1 113 -119 fffed793 1
0 0 1 -77 0 fffea30c 1
0 0 1 113 0 fffea30c 1
0 0 1 60 97 fffea30c 1
0 0 1 0 -20 fffeb9c8 1
0 0 1 62 -77 fffeb9c8 1
0 0 1 -15 -39 fffea722 1
0 0 1 52 -106 fffea96b 1
0 0 1 -92 -85 fffe93e3 1
0 0 1 -98 -60 fffeb26f 1
0 0 1 -119 0 fffec967 1
0 0 1 -37 -80 fffec967 1
0 0 1 85 -107 fffed4f7 1
0 0 1 0 5 fffeb170 1
0 0 1 0 45 fffeb170 1
0 0 1 -23 110 fffeb170 1
0 0 1 28 -77 fffea78e 1
0 0 1 86 -98 fffe9f22 1
0 0 1 0 29 fffe7e36 1
0 0 1 60 106 fffe7e36 1
0 0 1 11 54 fffe970e 1
0 0 1 8 108 fffe9960 1
0 0 1 89 52 fffe9cc0 1
0 0 1 48 82 fffeaed4 1
0 0 1 -64 -121 fffebe34 1
0 0 1 -2 -54 fffedc74 1
0 0 1 5 33 fffedce0 1
0 0 1 45 29 fffedd85 1
0 0 1 40 51 fffee29e 1
0 0 1 117 -70 fffeea96 1
0 0 1 -9 40 fffeca98 1
0 0 1 63 15 fffec930 1
0 0 1 4 -3 fffecce1 1
0 0 1 -48 0 fffeccd5 1
0 0 1 -67 8 fffeccd5 1
0 0 1 0 -105 fffecabd 1
0 0 1 90 121 fffecabd 1
0 0 1 60 -61 fffef547 1
0 0 1 -34 -80 fffee6fb 1
0 0 1 42 92 fffef19b 1
0 0 1 -126 126 ffff00b3 1
0 0 1 121 62 fffec2af 1
0 0 1 123 -40 fffedffd 1
0 0 1 -38 6 fffeccc5 1
0 0 1 -104 0 fffecbe1 1
0 0 1 26 -126 fffecbe1 1
0 0 1 70 0 fffebf15 1
0 0 1 48 113 fffebf15 1
0 0 1 -121 126 fffed445 1
0 0 1 1 -21 fffe98b7 1
0 0 1 35 48 fffe98a2 1
0 0 1 -69 122 fffe9f32 1
0 0 1 -28 -93 fffe7e50 1
0 0 1 -82 79 fffe887c 1
0 0 1 52 -65 fffe6f2e 1
0 0 1 0 126 fffe61fa 1
0 0 1 67 -9 fffe61fa 1
0 0 1 -64 95 fffe5f9f 1
0 0 1 -92 0 fffe47df 1
0 0 1 118 75 fffe47df 1
0 0 1 0 7 fffe6a71 1
0 0 1 -59 97 fffe6a71 1
0 0 1 0 111 fffe5416 1
0 0 1 0 76 fffe5416 1
0 0 1 -32 -118 fffe5416 1
0 0 1 0 -72 fffe62d6 1
0 0 1 83 -122 fffe62d6 1
0 0 1 5 82 fffe3b48 1
0 0 1 -77 -11 fffe3ce2 1
0 0 1 -89 0 fffe4031 1
0 0 1 111 0 fffe4031 1
0 0 1 123 -124 fffe4031 1
0 0 1 111 -105 fffe049d 1
0 0 1 -22 -51 fffdd716 1
0 0 1 -107 7 fffddb78 1
0 0 1 126 82 fffdd88b 1
0 0 1 -39 15 fffe00e7 1
0 0 1 105 -7 fffdfe9e 1
0 0 1 -94 17 fffdfbbf 1
0 0 1 -27 64 fffdf581 1
0 0 1 30 -46 fffdeec1 1
0 0 1 -60 59 fffde95d 1
0 0 1 121 0 fffddb89 1
0 0 1 67 15 fffddb89 1
0 0 1 -121 -112 fffddf76 1
0 0 1 37 66 fffe1466 1
0 0 1 -55 0 fffe1df0 1
0 0 1 1 88 fffe1df0 1
0 0 1 74 62 fffe1e48 1
0 0 1 60 13 fffe3034 1
0 0 1 81 75 fffe3340 1
0 0 1 48 71 fffe4afb 1
0 0 1 -126 0 fffe584b 1
0 0 1 -44 -124 fffe584b 1
0 0 1 -42 60 fffe6d9b 1
0 0 1 83 41 fffe63c3 1
0 0 1 -95 0 fffe710e 1
0 0 1 95 77 fffe710e 1
0 0 1 -24 -7 fffe8da1 1
0 0 1 0 -74 fffe8e49 1
0 0 1 65 -46 fffe8e49 1
0 0 1 0 -113 fffe829b 1
0 0 1 -15 0 fffe829b 1
0 0 1 -44 68 fffe829b 1
0 0 1 122 14 fffe76eb 1
0 0 1 3 -62 fffe7d97 1
0 0 1 91 -118 fffe7cdd 1
0 0 1 -46 118 fffe52eb 1
0 0 1 59 -29 fffe3db7 1
0 0 1 75 22 fffe3708 1
0 0 1 0 -103 fffe3d7a 1
0 0 1 3 26 fffe3d7a 1
0 0 1 112 0 fffe3dc8 1
0 0 1 40 0 fffe3dc8 1
0 0 1 82 -10 fffe3dc8 1
0 0 1 -74 -5 fffe3a94 1
0 0 1 -60 0 fffe3c06 1
0 0 1 123 -36 fffe3c06 1
0 0 1 -33 18 fffe2aba 1
0 0 1 33 -21 fffe2868 1
0 0 1 -14 -96 fffe25b3 1
0 0 1 41 52 fffe2af3 1
0 0 1 28 0 fffe3347 1
0 0 1 29 17 fffe3347 1
0 0 1 97 114 fffe3534 1
0 0 1 16 24 fffe6066 1
0 0 1 -85 -51 fffe61e6 1
0 0 1 -46 0 fffe72d5 1
0 0 1 -48 33 fffe72d5 1
0 0 1 0 126 fffe6ca5 1
0 0 1 125 -21 fffe6ca5 1
0 0 1 -27 -115 fffe6264 1
0 0 1 -7 0 fffe6e85 1
0 0 1 -115 -71 fffe6e85 1
0 0 1 28 58 fffe8e6a 1
0 0 1 -97 50 fffe94c2 1
0 0 1 49 0 fffe81d0 1
0 0 1 -13 -19 fffe81d0 1
0 0 1 0 -35 fffe82c7 1
0 0 1 120 -56 fffe82c7 1
0 0 1 0 -47 fffe6887 1
0 0 1 -107 106 fffe6887 1
0 0 1 27 43 fffe3c39 1
0 0 1 0 75 fffe40c2 1
0 0 1 112 -69 fffe40c2 1
0 0 1 -46 -94 fffe2292 1
0 0 1 33 -73 fffe3376 1
0 0 1 0 -122 fffe2a0d 1
0 0 1 87 -38 fffe2a0d 1
0 0 1 -34 111 fffe1d23 1
0 0 1 23 50 fffe0e65 1
0 0 1 55 29 fffe12e3 1
0 0 1 -23 0 fffe191e 1
0 0 1 111 -19 fffe191e 1
0 0 1 -49 0 fffe10e1 1
0 0 1 -64 -66 fffe10e1 1
0 0 1 92 54 fffe2161 1
0 0 1 -4 -56 fffe34c9 1
0 0 1 -120 5 fffe35a9 1
0 0 1 -124 -94 fffe3351 1
0 0 1 30 -117 fffe60d9 1
0 0 1 93 0 fffe5323 1
0 0 1 -101 116 fffe5323 1
0 0 1 59 38 fffe255f 1
0 0 1 -62 0 fffe2e21 1
0 0 1 0 11 fffe2e21 1
0 0 1 -87 0 fffe2e21 1
0 0 1 14 -50 fffe2e21 1
0 0 1 59 0 fffe2b65 1
0 0 1 30 -54 fffe2b65 1
0 0 1 -107 -84 fffe2511 1
0 0 1 0 25 fffe482d 1
0 0 1 96 3 fffe482d 1
0 0 1 0 -48 fffe494d 1
0 0 1 6 -83 fffe494d 1
0 0 1 63 51 fffe475b 1
0 0 1 69 49 fffe53e8 1
0 0 1 -46 0 fffe611d 1
0 0 1 55 -128 fffe611d 1
0 0 1 -123 -7 fffe459d 1
0 0 1 -102 122 fffe48fa 1
0 0 1 -13 33 fffe185e 1
0 0 1 0 -58 fffe16b1 1
0 0 1 20 105 fffe16b1 1
0 0 1 0 40 fffe1ee5 1
0 0 1 -108 109 fffe1ee5 1
0 0 1 -84 49 fffdf0e9 1
0 0 1 -89 0 fffde0d5 1
0 0 1 20 68 fffde0d5 1
0 0 1 124 -101 fffde625 1
0 0 1 37 0 fffdb539 1
0 0 1 -101 -31 fffdb539 1
0 0 1 28 0 fffdc174 1
0 0 1 120 -76 fffdc174 1
0 0 1 64 113 fffd9dd4 1
0 0 1 0 2 fffdba14 1
0 0 1 -32 -119 fffdba14 1
0 0 1 -87 0 fffdc8f4 1
0 0 1 95 -4 fffdc8f4 1
0 0 1 41 69 fffdc778 1
0 0 1 9 -86 fffdd285 1
0 0 1 -110 -4 fffdcf7f 1
0 0 1 36 69 fffdd137 1
0 0 1 -90 -90 fffddaeb 1
0 0 1 80 -81 fffdfa8f 1
0 0 1 9 0 fffde13f 1
0 0 1 -9 37 fffde13f 1
0 0 1 57 -54 fffddff2 1
0 0 1 111 -20 fffdd3ec 1
0 0 1 20 109 fffdcb40 1
0 0 1 -78 5 fffdd3c4 1
0 0 1 22 81 fffdd23e 1
0 0 1 83 0 fffdd934 1
0 0 1 -45 -22 fffdd934 1
0 0 1 0 55 fffddd12 1
0 0 1 -42 -90 fffddd12 1
0 0 1 -45 118 fffdebd6 1
0 0 1 -102 -111 fffdd718 1
0 0 1 0 61 fffe0352 1
0 0 1 0 75 fffe0352 1
0 0 1 95 -41 fffe0352 1
0 0 1 0 -70 fffdf41b 1
0 0 1 0 102 fffdf41b 1
0 0 1 -42 0 fffdf41b 1
0 0 1 90 -93 fffdf41b 1
0 0 1 67 124 fffdd369 1
0 0 1 76 0 fffdf3dd 1
0 0 1 -107 -63 fffdf3dd 1
0 0 1 28 2 fffe0e32 1
0 0 1 50 36 fffe0e6a 1
0 0 1 0 69 fffe1572 1
0 0 1 -52 96 fffe1572 1
0 0 1 -22 116 fffe01f2 1
0 0 1 37 0 fffdf7fa 1
0 0 1 -30 -102 fffdf7fa 1
0 0 1 56 81 fffe03ee 1
0 0 1 9 -27 fffe15a6 1
0 0 1 35 0 fffe14b3 1
0 0 1 -115 39 fffe14b3 1
0 0 1 -74 -85 fffe032e 1
0 0 1 75 41 fffe1bc0 1
0 0 1 -10 -99 fffe27c3 1
0 0 1 75 -114 fffe2ba1 1
0 0 1 24 -44 fffe0a3b 1
0 0 1 0 108 fffe061b 1
0 0 1 -39 -33 fffe061b 1
0 0 1 23 -82 fffe0b22 1
0 0 0 37 -83 fffe03c4 1
0 0 0 -49 72 fffe03c4 0
