1 0 0 0 0 00000000 0
1 0 0 0 0 00000000 0
1 0 0 0 0 00000000 0
0 0 1 91 51 00000000 0
0 0 1 -63 0 00001221 1
0 0 1 36 22 00001221 1
0 0 1 0 109 00001539 1
0 0 1 49 0 00001539 1
0 0 1 43 76 00001539 1
0 0 1 0 -77 000021fd 1
0 0 1 -107 -97 000021fd 1
0 0 1 0 -82 00004a88 1
0 0 1 -50 0 00004a88 1
0 0 1 41 91 00004a88 1
0 0 1 103 0 0000591b 1
0 0 1 14 123 0000591b 1
0 0 1 0 -34 00005fd5 1
0 0 1 0 -61 00005fd5 1
0 0 1 -113 125 00005fd5 1
0 0 1 0 -115 000028a8 1
0 0 1 1 27 000028a8 1
0 0 1 0 74 000028c3 1
0 0 1 0 -126 000028c3 1
0 0 1 -31 81 000028c3 1
0 0 1 -22 0 00001ef4 1
0 0 1 -34 121 00001ef4 1
0 0 1 0 -70 00000ee2 1
0 0 1 -117 0 00000ee2 1
0 0 1 53 29 00000ee2 1
0 0 1 -71 0 000014e3 1
0 0 1 102 5 000014e3 1
0 0 1 -105 0 000016e1 1
0 0 1 0 -115 000016e1 1
0 0 1 79 25 000016e1 1
0 0 1 -83 0 00001e98 1
0 0 1 -51 61 00001e98 1
0 0 1 -67 0 00001271 1
0 0 1 -122 0 00001271 1
0 0 1 65 33 00001271 1
0 0 1 0 -126 00001ad2 1
0 0 1 4 37 00001ad2 1
0 0 1 39 0 00001b66 1
0 0 1 -86 0 00001b66 1
0 0 1 -84 -95 00001b66 1
0 0 1 51 0 00003a92 1
0 0 1 -65 14 00003a92 1
0 0 1 0 -4 00003704 1
0 0 1 -106 0 00003704 1
0 0 1 125 -67 00003704 1
0 0 1 0 56 0000164d 1
0 0 1 127 57 0000164d 1
0 0 1 0 -46 00003294 1
0 0 1 103 0 00003294 1
0 0 1 9 -104 00003294 1
0 0 1 59 0 00002eec 1
0 0 1 43 -58 00002eec 1
0 0 1 7 0 0000252e 1
0 0 1 -48 0 0000252e 1
0 0 1 7 50 0000252e 1
0 0 1 0 34 0000268c 1
0 0 1 25 -27 0000268c 1
0 0 1 0 77 000023e9 1
0 0 1 0 124 000023e9 1
0 0 1 97 92 000023e9 1
0 0 1 -59 0 000046c5 1
0 0 1 -40 33 000046c5 1
0 0 1 0 -97 0000419d 1
0 0 1 0 106 0000419d 1
0 0 1 73 -69 0000419d 1
0 0 1 74 0 00002df0 1
0 0 1 -33 62 00002df0 1
0 0 1 0 -55 000025f2 1
0 0 1 0 104 000025f2 1
0 0 1 -102 -125 000025f2 1
0 0 1 0 97 000057c0 1
0 0 1 -47 97 000057c0 1
0 0 1 0 -93 000045f1 1
0 0 1 0 50 000045f1 1
0 0 1 56 2 000045f1 1
0 0 1 0 -26 00004661 1
0 0 1 110 -13 00004661 1
0 0 1 0 55 000040cb 1
0 0 1 92 0 000040cb 1
0 0 1 90 -119 000040cb 1
0 0 1 0 13 000016f5 1
0 0 1 10 3 000016f5 1
0 0 1 0 -29 00001713 1
0 0 1 112 0 00001713 1
0 0 1 -128 -84 00001713 1
0 0 1 0 -64 00004113 1
0 0 1 -25 118 00004113 1
0 0 1 10 0 0000358d 1
0 0 1 -6 0 0000358d 1
0 0 1 -56 119 0000358d 1
0 0 1 -36 0 00001b85 1
0 0 1 -36 102 00001b85 1
0 0 1 0 36 00000d2d 1
0 0 1 78 0 00000d2d 1
0 0 1 -106 -15 00000d2d 1
0 0 1 0 -115 00001363 1
0 0 1 -71 -17 00001363 1
0 0 1 -25 0 0000181a 1
0 0 1 0 -34 0000181a 1
0 0 1 62 20 0000181a 1
0 0 1 34 0 00001cf2 1
0 0 1 -124 29 00001cf2 1
0 0 1 0 10 00000ee6 1
0 0 1 0 86 00000ee6 1
0 0 1 -12 107 00000ee6 1
0 0 1 6 0 000009e2 1
0 0 1 -20 -109 000009e2 1
0 0 1 -5 0 00001266 1
0 0 1 -71 0 00001266 1
0 0 1 20 28 00001266 1
0 0 1 0 -35 00001496 1
0 0 1 -72 -114 00001496 1
0 0 1 0 -24 000034a6 1
0 0 1 -23 0 000034a6 1
0 0 1 -5 91 000034a6 1
0 0 1 -99 0 000032df 1
0 0 1 109 89 000032df 1
0 0 1 -57 0 000058c4 1
0 0 1 0 -59 000058c4 1
0 0 1 116 -43 000058c4 1
0 0 1 -14 0 00004548 1
0 0 1 -24 -90 00004548 1
0 0 1 122 0 00004db8 1
0 0 1 0 -12 00004db8 1
0 0 1 52 -35 00004db8 1
0 0 1 -80 0 0000469c 1
0 0 1 95 -60 0000469c 1
0 0 1 0 7 00003058 1
0 0 1 -66 0 00003058 1
0 0 1 64 -103 00003058 1
0 0 1 0 66 00001698 1
0 0 1 -120 20 00001698 1
0 0 1 0 -49 00000d38 1
0 0 1 -20 0 00000d38 1
0 0 1 36 93 00000d38 1
0 0 1 92 0 00001a4c 1
0 0 1 124 -105 00001a4c 1
0 0 1 0 21 ffffe770 1
0 0 1 0 -115 ffffe770 1
0 0 1 -48 -43 ffffe770 1
0 0 1 0 -127 ffffef80 1
0 0 1 -102 -14 ffffef80 1
0 0 1 0 115 fffff514 1
0 0 1 0 -31 fffff514 1
0 0 1 9 72 fffff514 1
0 0 1 0 106 fffff79c 1
0 0 1 -100 -48 fffff79c 1
0 0 1 55 0 00000a5c 1
0 0 1 0 -91 00000a5c 1
0 0 1 -12 44 00000a5c 1
0 0 1 -38 0 0000084c 1
0 0 1 -35 -79 0000084c 1
0 0 1 0 -98 00001319 1
0 0 1 54 0 00001319 1
0 0 1 97 108 00001319 1
0 0 1 0 -61 00003c05 1
0 0 1 45 42 00003c05 1
0 0 1 50 0 00004367 1
0 0 1 0 28 00004367 1
0 0 1 -41 62 00004367 1
0 0 1 36 0 00003979 1
0 0 1 -2 -64 00003979 1
0 0 1 0 73 000039f9 1
0 0 1 0 107 000039f9 1
0 0 1 -25 -120 000039f9 1
0 0 1 0 -2 000045b1 1
0 0 1 72 23 000045b1 1
0 0 1 -113 0 00004c29 1
0 0 1 0 56 00004c29 1
0 0 1 21 89 00004c29 1
0 0 1 -27 0 00005376 1
0 0 1 70 -94 00005376 1
0 0 1 0 -92 000039c2 1
0 0 1 33 0 000039c2 1
0 0 1 -109 15 000039c2 1
0 0 1 125 0 0000335f 1
0 0 1 -110 108 0000335f 1
0 0 1 0 100 000004f7 1
0 0 1 -94 0 000004f7 1
0 0 1 -37 -73 000004f7 1
0 0 1 0 4 00000f84 1
0 0 1 -4 64 00000f84 1
0 0 1 -79 0 00000e84 1
0 0 1 0 71 00000e84 1
0 0 1 -117 99 00000e84 1
0 0 1 0 124 ffffe145 1
0 0 1 -38 -58 ffffe145 1
0 0 1 0 55 ffffe9e1 1
0 0 1 91 0 ffffe9e1 1
0 0 1 -15 93 ffffe9e1 1
0 0 1 0 52 ffffe46e 1
0 0 1 -79 -57 ffffe46e 1
0 0 1 40 0 fffff605 1
0 0 1 -22 0 fffff605 1
0 0 1 -2 -111 fffff605 1
0 0 1 -51 0 fffff6e3 1
0 0 1 88 -114 fffff6e3 1
0 0 1 0 -25 ffffcfb3 1
0 0 1 106 0 ffffcfb3 1
0 0 1 -82 33 ffffcfb3 1
0 0 1 0 42 ffffc521 1
0 0 1 121 82 ffffc521 1
0 0 1 0 3 ffffebe3 1
0 0 1 0 57 ffffebe3 1
0 0 1 -54 -100 ffffebe3 1
0 0 1 0 -10 000000fb 1
0 0 1 75 -87 000000fb 1
0 0 1 -57 0 ffffe77e 1
0 0 1 -42 0 ffffe77e 1
0 0 1 121 -50 ffffe77e 1
0 0 1 0 115 ffffcfdc 1
0 0 1 41 -5 ffffcfdc 1
0 0 1 0 -57 ffffcf0f 1
0 0 1 0 -34 ffffcf0f 1
0 0 1 -23 -90 ffffcf0f 1
0 0 1 0 -88 ffffd725 1
0 0 1 54 -97 ffffd725 1
0 0 1 93 0 ffffc2af 1
0 0 1 0 55 ffffc2af 1
0 0 1 -36 69 ffffc2af 1
0 0 1 95 0 ffffb8fb 1
0 0 1 -95 -79 ffffb8fb 1
0 0 1 0 -6 ffffd64c 1
0 0 1 0 -89 ffffd64c 1
0 0 1 -97 49 ffffd64c 1
0 0 1 0 -86 ffffc3bb 1
0 0 1 -96 -102 ffffc3bb 1
0 0 1 0 118 ffffe9fb 1
0 0 1 0 -20 ffffe9fb 1
0 0 1 -78 117 ffffe9fb 1
0 0 1 -13 0 ffffc655 1
0 0 1 56 -41 ffffc655 1
0 0 1 0 -20 ffffbd5d 1
0 0 1 35 0 ffffbd5d 1
0 0 1 8 -17 ffffbd5d 1
0 0 1 -83 0 ffffbcd5 1
0 0 1 -74 -14 ffffbcd5 1
0 0 1 0 11 ffffc0e1 1
0 0 1 -51 0 ffffc0e1 1
0 0 1 54 31 ffffc0e1 1
0 0 1 47 0 ffffc76b 1
0 0 1 -30 -117 ffffc76b 1
0 0 1 0 120 ffffd521 1
0 0 1 -74 0 ffffd521 1
0 0 1 97 -16 ffffd521 1
0 0 1 115 0 ffffcf11 1
0 0 1 -126 48 ffffcf11 1
0 0 1 13 0 ffffb771 1
0 0 1 53 0 ffffb771 1
0 0 1 61 -101 ffffb771 1
0 0 1 0 44 ffff9f60 1
0 0 1 118 -55 ffff9f60 1
0 0 1 0 -79 ffff8606 1
0 0 1 0 -9 ffff8606 1
0 0 1 -81 -89 ffff8606 1
0 0 1 0 -124 ffffa22f 1
0 0 1 70 -15 ffffa22f 1
0 0 1 0 68 ffff9e15 1
0 0 1 81 0 ffff9e15 1
0 0 1 -77 76 ffff9e15 1
0 0 1 0 3 ffff8739 1
0 0 1 94 -16 ffff8739 1
0 0 1 -5 0 ffff8159 1
0 0 1 0 -68 ffff8159 1
0 0 1 -31 -70 ffff8159 1
0 0 1 -26 0 ffff89d3 1
0 0 1 11 -113 ffff89d3 1
0 0 1 0 86 ffff84f8 1
0 0 1 0 60 ffff84f8 1
0 0 1 15 -47 ffff84f8 1
0 0 1 121 0 ffff8237 1
0 0 1 -8 70 ffff8237 1
0 0 1 115 0 ffff8007 1
0 0 1 -115 0 ffff8007 1
0 0 1 -60 -46 ffff8007 1
0 0 1 93 0 ffff8acf 1
0 0 1 -86 68 ffff8acf 1
0 0 1 0 -14 ffff73f7 1
0 0 1 0 12 ffff73f7 1
0 0 1 58 76 ffff73f7 1
0 0 1 0 -38 ffff852f 1
0 0 1 -25 49 ffff852f 1
0 0 1 -101 0 ffff8066 1
0 0 1 0 -63 ffff8066 1
0 0 1 -90 -69 ffff8066 1
0 0 1 0 -85 ffff98a8 1
0 0 1 18 -91 ffff98a8 1
0 0 1 0 -114 ffff9242 1
0 0 1 0 95 ffff9242 1
0 0 1 -65 -2 ffff9242 1
0 0 1 5 0 ffff92c4 1
0 0 1 52 105 ffff92c4 1
0 0 1 -72 0 ffffa818 1
0 0 1 0 93 ffffa818 1
0 0 1 -27 73 ffffa818 1
0 0 1 42 0 ffffa065 1
0 0 1 -67 -8 ffffa065 1
0 0 1 0 -125 ffffa27d 1
0 0 1 122 0 ffffa27d 1
0 0 1 21 97 ffffa27d 1
0 0 1 -63 0 ffffaa72 1
0 0 1 -99 -55 ffffaa72 1
0 0 1 -106 0 ffffbfb7 1
0 0 1 0 121 ffffbfb7 1
0 0 1 51 -120 ffffbfb7 1
0 0 1 64 0 ffffa7cf 1
0 0 1 2 -30 ffffa7cf 1
0 0 1 0 -50 ffffa793 1
0 0 1 0 -87 ffffa793 1
0 0 1 -56 -43 ffffa793 1
0 0 1 -4 0 ffffb0fb 1
0 0 1 24 -56 ffffb0fb 1
0 0 1 0 31 ffffabbb 1
0 0 1 0 27 ffffabbb 1
0 0 1 15 -100 ffffabbb 1
0 0 1 0 48 ffffa5df 1
0 0 1 100 -58 ffffa5df 1
0 0 1 0 8 ffff8f37 1
0 0 1 99 0 ffff8f37 1
0 0 1 57 -55 ffff8f37 1
0 0 1 -125 0 ffff82f8 1
0 0 1 -45 -67 ffff82f8 1
0 0 1 -126 0 ffff8ebf 1
0 0 1 0 65 ffff8ebf 1
0 0 1 113 99 ffff8ebf 1
0 0 1 53 0 ffffba72 1
0 0 1 66 25 ffffba72 1
0 0 1 0 49 ffffc0e4 1
0 0 1 0 123 ffffc0e4 1
0 0 1 -93 -119 ffffc0e4 1
0 0 1 0 -110 ffffec1f 1
0 0 1 -82 112 ffffec1f 1
0 0 1 -42 0 ffffc83f 1
0 0 1 0 42 ffffc83f 1
0 0 1 102 91 ffffc83f 1
0 0 1 0 30 ffffec81 1
0 0 1 -98 -47 ffffec81 1
0 0 1 0 -32 fffffe7f 1
0 0 1 0 94 fffffe7f 1
0 0 1 63 59 fffffe7f 1
0 0 1 123 0 00000d04 1
0 0 1 92 -24 00000d04 1
0 0 1 1 0 00000464 1
0 0 1 7 0 00000464 1
0 0 1 -13 -33 00000464 1
0 0 1 -29 0 00000611 1
0 0 1 70 -113 00000611 1
0 0 1 39 0 ffffe72b 1
0 0 1 0 104 ffffe72b 1
0 0 1 -50 10 ffffe72b 1
0 0 1 111 0 ffffe537 1
0 0 1 -20 -100 ffffe537 1
0 0 1 0 -124 ffffed07 1
0 0 1 19 0 ffffed07 1
0 0 1 109 -37 ffffed07 1
0 0 1 44 0 ffffdd46 1
0 0 1 -40 76 ffffdd46 1
0 0 1 0 9 ffffd166 1
0 0 1 56 0 ffffd166 1
0 0 1 -39 -13 ffffd166 1
0 0 1 -9 0 ffffd361 1
0 0 1 -76 -43 ffffd361 1
0 0 1 -29 0 ffffe025 1
0 0 1 -71 0 ffffe025 1
0 0 1 -23 -72 ffffe025 1
0 0 1 0 -91 ffffe69d 1
0 0 1 -79 -87 ffffe69d 1
0 0 1 -55 0 00000176 1
0 0 1 -41 0 00000176 1
0 0 1 87 82 00000176 1
0 0 1 0 76 00001d54 1
0 0 1 -83 109 00001d54 1
0 0 1 0 17 fffff9fd 1
0 0 1 -56 0 fffff9fd 1
0 0 1 -3 125 fffff9fd 1
0 0 1 0 -101 fffff886 1
0 0 1 -64 -21 fffff886 1
0 0 1 0 41 fffffdc6 1
0 0 1 0 -36 fffffdc6 1
0 0 1 -17 75 fffffdc6 1
0 0 1 0 10 fffff8cb 1
0 0 1 -55 -60 fffff8cb 1
0 0 1 0 30 000005af 1
0 0 1 0 112 000005af 1
0 0 1 -52 -71 000005af 1
0 0 1 -13 0 0000141b 1
0 0 1 112 57 0000141b 1
0 0 1 -35 0 00002d0b 1
0 0 1 0 -41 00002d0b 1
0 0 1 -78 14 00002d0b 1
0 0 1 20 0 000028c7 1
0 0 1 -89 -123 000028c7 1
0 0 1 51 0 0000538a 1
0 0 1 0 -4 0000538a 1
0 0 1 64 -25 0000538a 1
0 0 1 -30 0 00004d4a 1
0 0 1 -43 111 00004d4a 1
0 0 1 0 126 00003aa5 1
0 0 1 -108 0 00003aa5 1
0 0 1 -1 -108 00003aa5 1
0 0 1 0 -20 00003b11 1
0 0 1 -40 9 00003b11 1
0 0 1 29 0 000039a9 1
0 0 1 -71 0 000039a9 1
0 0 1 52 -88 000039a9 1
0 0 1 0 -47 000027c9 1
0 0 1 31 109 000027c9 1
0 0 1 0 -43 000034fc 1
0 0 1 0 -50 000034fc 1
0 0 1 -124 -116 000034fc 1
0 0 1 -61 0 00006d2c 1
0 0 1 -47 -5 00006d2c 1
0 0 1 30 0 00006e17 1
0 0 1 0 12 00006e17 1
0 0 1 74 -27 00006e17 1
0 0 1 0 34 00006649 1
0 0 1 88 119 00006649 1
0 0 1 0 -94 00008f31 1
0 0 1 0 -41 00008f31 1
0 0 1 -77 46 00008f31 1
0 0 1 -35 0 0000815b 1
0 0 1 78 96 0000815b 1
0 0 1 -14 0 00009e9b 1
0 0 1 -10 0 00009e9b 1
0 0 1 1 25 00009e9b 1
0 0 1 0 59 00009eb4 1
0 0 1 -16 -59 00009eb4 1
0 0 1 70 0 0000a264 1
0 0 1 78 0 0000a264 1
0 0 1 -121 57 0000a264 1
0 0 1 -50 0 00008773 1
0 0 1 -124 97 00008773 1
0 0 1 8 0 00005877 1
0 0 1 0 125 00005877 1
0 0 1 -112 -70 00005877 1
0 0 1 0 44 00007717 1
0 0 1 36 16 00007717 1
0 0 1 85 0 00007957 1
0 0 1 0 67 00007957 1
0 0 1 -112 -66 00007957 1
0 0 1 75 0 00009637 1
0 0 1 -9 80 00009637 1
0 0 1 0 -123 00009367 1
0 0 1 69 0 00009367 1
0 0 1 -96 20 00009367 1
0 0 1 80 0 00008be7 1
0 0 1 110 21 00008be7 1
0 0 1 0 5 000094ed 1
0 0 1 -69 0 000094ed 1
0 0 1 -94 19 000094ed 1
0 0 1 -50 0 00008df3 1
0 0 1 25 48 00008df3 1
0 0 1 0 -55 000092a3 1
0 0 1 55 0 000092a3 1
0 0 1 -74 27 000092a3 1
0 0 1 121 0 00008ad5 1
0 0 1 -21 42 00008ad5 1
0 0 1 0 56 00008763 1
0 0 1 0 -60 00008763 1
0 0 1 123 -114 00008763 1
0 0 1 24 0 0000509d 1
0 0 1 -76 -12 0000509d 1
0 0 1 0 -70 0000542d 1
0 0 1 0 118 0000542d 1
0 0 1 -79 -31 0000542d 1
0 0 1 3 0 00005dbe 1
0 0 1 75 82 00005dbe 1
0 0 1 0 -56 000075c4 1
0 0 1 -1 0 000075c4 1
0 0 1 -11 12 000075c4 1
0 0 1 58 0 00007540 1
0 0 1 -72 107 00007540 1
0 0 1 0 123 00005728 1
0 0 1 0 52 00005728 1
0 0 1 -13 -76 00005728 1
0 0 1 -111 0 00005b04 1
0 0 1 70 -61 00005b04 1
0 0 1 101 0 00004a56 1
0 0 1 0 -3 00004a56 1
0 0 1 84 -29 00004a56 1
0 0 1 0 92 000040d2 1
0 0 1 44 -21 000040d2 1
0 0 1 0 -112 00003d36 1
0 0 1 0 -70 00003d36 1
0 0 1 106 92 00003d36 1
0 0 1 0 -82 0000634e 1
0 0 1 -18 -9 0000634e 1
0 0 1 -35 0 000063f0 1
0 0 1 0 70 000063f0 1
0 0 1 111 33 000063f0 1
0 0 1 -7 0 0000723f 1
0 0 1 -47 -69 0000723f 1
0 0 1 -119 0 00007eea 1
0 0 1 0 16 00007eea 1
0 0 1 -89 125 00007eea 1
0 0 1 54 0 00005375 1
0 0 1 30 -34 00005375 1
0 0 1 49 0 00004f79 1
0 0 1 -100 0 00004f79 1
0 0 1 97 -15 00004f79 1
0 0 1 28 0 000049ca 1
0 0 1 78 -66 000049ca 1
0 0 1 0 77 000035ae 1
0 0 1 103 0 000035ae 1
0 0 1 83 59 000035ae 1
0 0 1 0 -113 000048cf 1
0 0 1 -112 13 000048cf 1
0 0 1 35 0 0000431f 1
0 0 1 67 0 0000431f 1
0 0 1 58 115 0000431f 1
0 0 1 -78 0 00005d2d 1
0 0 1 125 -46 00005d2d 1
0 0 1 3 0 000046b7 1
0 0 1 0 -109 000046b7 1
0 0 1 -107 6 000046b7 1
0 0 1 0 -24 00004435 1
0 0 1 -101 80 00004435 1
0 0 1 0 101 000024a5 1
0 0 1 0 -6 000024a5 1
0 0 1 -45 -46 000024a5 1
0 0 1 0 70 00002cbb 1
0 0 1 -7 123 00002cbb 1
0 0 1 0 -70 0000295e 1
0 0 1 0 39 0000295e 1
0 0 1 -87 93 0000295e 1
0 0 1 0 64 000009c3 1
0 0 1 29 -20 000009c3 1
0 0 1 35 0 0000077f 1
0 0 1 0 55 0000077f 1
0 0 1 39 -11 0000077f 1
0 0 1 -8 0 000005d2 1
0 0 1 -40 46 000005d2 1
0 0 1 81 0 fffffea2 1
0 0 1 -14 0 fffffea2 1
0 0 1 85 -56 fffffea2 1
0 0 1 1 0 ffffec0a 1
0 0 1 -5 -104 ffffec0a 1
0 0 1 28 0 ffffee12 1
0 0 1 0 108 ffffee12 1
0 0 1 61 -22 ffffee12 1
0 0 1 -102 0 ffffe8d4 1
0 0 1 6 59 ffffe8d4 1
0 0 1 -82 0 ffffea36 1
0 0 1 -71 0 ffffea36 1
0 0 1 -120 -18 ffffea36 1
0 0 1 0 78 fffff2a6 1
0 0 1 -82 -101 fffff2a6 1
0 0 1 56 0 00001300 1
0 0 1 118 0 00001300 1
0 0 1 106 -104 00001300 1
0 0 1 -67 0 ffffe7f0 1
0 0 1 36 124 ffffe7f0 1
0 0 1 0 30 fffff960 1
0 0 1 -22 0 fffff960 1
0 0 1 -10 83 fffff960 1
0 0 1 -7 0 fffff622 1
0 0 1 -25 63 fffff622 1
0 0 1 0 26 ffffeffb 1
0 0 1 0 -104 ffffeffb 1
0 0 1 83 32 ffffeffb 1
0 0 1 -127 0 fffffa5b 1
0 0 1 12 72 fffffa5b 1
0 0 1 0 -20 fffffdbb 1
0 0 1 0 5 fffffdbb 1
0 0 1 -69 -128 fffffdbb 1
0 0 1 0 -39 0000203b 1
0 0 1 -10 -114 0000203b 1
0 0 1 -28 0 000024af 1
0 0 1 0 -21 000024af 1
0 0 1 -109 77 000024af 1
0 0 1 -51 0 000003e6 1
0 0 1 -100 46 000003e6 1
0 0 1 -9 0 fffff1ee 1
0 0 1 -84 0 fffff1ee 1
0 0 1 -111 103 fffff1ee 1
0 0 1 65 0 ffffc545 1
0 0 1 94 66 ffffc545 1
0 0 1 -29 0 ffffdd81 1
0 0 1 -74 0 ffffdd81 1
0 0 1 73 101 ffffdd81 1
0 0 1 0 48 fffffa4e 1
0 0 1 -45 -105 fffffa4e 1
0 0 1 59 0 00000cc3 1
0 0 1 74 0 00000cc3 1
0 0 1 86 86 00000cc3 1
0 0 1 7 0 000029a7 1
0 0 1 -98 46 000029a7 1
0 0 1 0 -95 0000180b 1
0 0 1 -108 0 0000180b 1
0 0 1 67 96 0000180b 1
0 0 1 0 -63 0000312b 1
0 0 1 -124 91 0000312b 1
0 0 1 0 -24 00000517 1
0 0 1 0 -49 00000517 1
0 0 1 86 22 00000517 1
0 0 1 0 84 00000c7b 1
0 0 1 -49 95 00000c7b 1
0 0 1 0 -110 fffffa4c 1
0 0 1 105 0 fffffa4c 1
0 0 1 -16 -38 fffffa4c 1
0 0 1 -30 0 fffffcac 1
0 0 1 -63 -43 fffffcac 1
0 0 1 -72 0 00000741 1
0 0 1 0 101 00000741 1
0 0 1 -127 96 00000741 1
0 0 1 0 -52 ffffd7a1 1
0 0 1 35 -113 ffffd7a1 1
0 0 1 75 0 ffffc82e 1
0 0 1 -29 0 ffffc82e 1
0 0 1 -119 13 ffffc82e 1
0 0 1 0 120 ffffc223 1
0 0 1 72 96 ffffc223 1
0 0 1 31 0 ffffdd23 1
0 0 1 0 84 ffffdd23 1
0 0 1 -92 -36 ffffdd23 1
0 0 1 0 -1 ffffea13 1
0 0 1 60 -72 ffffea13 1
0 0 1 0 43 ffffd933 1
0 0 1 57 0 ffffd933 1
0 0 1 7 17 ffffd933 1
0 0 1 -56 0 ffffd9aa 1
0 0 1 90 15 ffffd9aa 1
0 0 1 0 99 ffffdef0 1
0 0 1 0 13 ffffdef0 1
0 0 1 92 86 ffffdef0 1
0 0 1 17 0 fffffdd8 1
0 0 1 -122 66 fffffdd8 1
0 0 1 83 0 ffffde64 1
0 0 1 -88 0 ffffde64 1
0 0 1 -78 87 ffffde64 1
0 0 1 -51 0 ffffc3e2 1
0 0 1 48 126 ffffc3e2 1
0 0 1 105 0 ffffdb82 1
0 0 1 0 77 ffffdb82 1
0 0 1 122 121 ffffdb82 1
0 0 1 0 -59 0000152c 1
0 0 1 -84 106 0000152c 1
0 0 1 0 -68 fffff264 1
0 0 1 0 40 fffff264 1
0 0 1 33 13 fffff264 1
0 0 1 0 87 fffff411 1
0 0 1 5 113 fffff411 1
0 0 1 0 118 fffff646 1
0 0 1 83 0 fffff646 1
0 0 1 77 -2 fffff646 1
0 0 1 0 -34 fffff5ac 1
0 0 1 -55 -94 fffff5ac 1
0 0 1 95 0 000009de 1
0 0 1 0 -25 000009de 1
0 0 1 100 120 000009de 1
0 0 1 10 0 000038be 1
0 0 1 3 53 000038be 1
0 0 1 77 0 0000395d 1
0 0 1 14 0 0000395d 1
0 0 1 11 121 0000395d 1
0 0 1 0 32 00003e90 1
0 0 1 -112 79 00003e90 1
0 0 1 44 0 00001c00 1
0 0 1 0 42 00001c00 1
0 0 1 122 11 00001c00 1
0 0 1 -123 0 0000213e 1
0 0 1 -2 -9 0000213e 1
0 0 1 98 0 00002150 1
0 0 1 0 112 00002150 1
0 0 1 -21 -78 00002150 1
0 0 1 0 -39 000027b6 1
0 0 1 119 125 000027b6 1
0 0 1 -45 0 000061d1 1
0 0 1 0 92 000061d1 1
0 0 1 -31 -96 000061d1 1
0 0 1 0 -35 00006d71 1
0 0 1 -96 16 00006d71 1
0 0 1 0 19 00006771 1
0 0 1 62 0 00006771 1
0 0 1 105 -96 00006771 1
0 0 1 0 -64 00004011 1
0 0 1 -57 112 00004011 1
0 0 1 0 62 00002721 1
0 0 1 47 0 00002721 1
0 0 1 47 97 00002721 1
0 0 1 0 -100 000038f0 1
0 0 1 124 -69 000038f0 1
0 0 1 0 13 00001784 1
0 0 1 0 29 00001784 1
0 0 1 95 37 00001784 1
0 0 1 -108 0 0000253f 1
0 0 1 36 -69 0000253f 1
0 0 1 0 -97 00001b8b 1
0 0 1 0 4 00001b8b 1
0 0 1 -36 -61 00001b8b 1
0 0 1 -71 0 0000241f 1
0 0 1 -112 68 0000241f 1
0 0 1 0 -52 0000065f 1
0 0 1 16 0 0000065f 1
0 0 1 -81 -93 0000065f 1
0 0 1 0 10 000023cc 1
0 0 1 -122 -58 000023cc 1
0 0 1 -116 0 00003f70 1
0 0 1 -77 0 00003f70 1
0 0 1 36 75 00003f70 1
0 0 1 0 11 000049fc 1
0 0 1 73 -10 000049fc 1
0 0 1 0 -62 00004722 1
0 0 1 0 -44 00004722 1
0 0 1 -114 -108 00004722 1
0 0 1 8 0 0000773a 1
0 0 1 -125 -23 0000773a 1
0 0 1 0 45 00008275 1
0 0 1 0 58 00008275 1
0 0 1 37 76 00008275 1
0 0 1 -82 0 00008d71 1
0 0 1 -21 68 00008d71 1
0 0 1 0 -78 000087dd 1
0 0 1 0 121 000087dd 1
0 0 1 -12 -63 000087dd 1
0 0 1 115 0 00008ad1 1
0 0 1 75 -88 00008ad1 1
0 0 1 -106 0 00007109 1
0 0 1 102 0 00007109 1
0 0 1 -83 73 00007109 1
0 0 1 8 0 0000595e 1
0 0 1 73 94 0000595e 1
0 0 1 -127 0 0000742c 1
0 0 1 0 91 0000742c 1
0 0 1 18 -32 0000742c 1
0 0 1 0 -53 000071ec 1
0 0 1 -52 108 000071ec 1
0 0 1 99 0 00005bfc 1
0 0 1 47 0 00005bfc 1
0 0 1 63 -72 00005bfc 1
0 0 1 -54 0 00004a44 1
0 0 1 -83 38 00004a44 1
0 0 1 0 46 00003df2 1
0 0 1 6 0 00003df2 1
0 0 1 105 -88 00003df2 1
0 0 1 99 0 000019da 1
0 0 1 79 17 000019da 1
0 0 1 0 -108 00001f19 1
0 0 1 0 -25 00001f19 1
0 0 1 -113 -127 00001f19 1
0 0 1 64 0 00005728 1
0 0 1 -31 -90 00005728 1
0 0 1 -33 0 0000620e 1
0 0 1 0 78 0000620e 1
0 0 1 40 15 0000620e 1
0 0 1 48 0 00006466 1
0 0 1 -76 116 00006466 1
0 0 1 0 -83 000041f6 1
0 0 1 -63 0 000041f6 1
0 0 1 25 119 000041f6 1
0 0 1 0 -17 00004d95 1
0 0 1 85 -31 00004d95 1
0 0 1 0 103 0000434a 1
0 0 1 0 79 0000434a 1
0 0 1 -26 -107 0000434a 1
0 0 1 99 0 00004e28 1
0 0 1 7 -82 00004e28 1
0 0 1 -66 0 00004bea 1
0 0 1 83 0 00004bea 1
0 0 1 -118 -81 00004bea 1
0 0 1 -61 0 00007140 1
0 0 1 -102 107 00007140 1
0 0 1 70 0 0000469e 1
0 0 1 0 -82 0000469e 1
0 0 1 -35 9 0000469e 1
0 0 1 72 0 00004563 1
0 0 1 38 -126 00004563 1
0 0 1 67 0 000032af 1
0 0 1 -83 0 000032af 1
0 0 1 -100 95 000032af 1
0 0 1 0 -79 00000d93 1
0 0 1 63 55 00000d93 1
0 0 1 0 75 00001b1c 1
0 0 1 -1 0 00001b1c 1
0 0 1 13 126 00001b1c 1
0 0 1 0 -90 00002182 1
0 0 1 -47 114 00002182 1
0 0 1 0 -104 00000c94 1
0 0 1 71 0 00000c94 1
0 0 1 46 123 00000c94 1
0 0 1 89 0 000022ae 1
0 0 1 -14 -43 000022ae 1
0 0 1 0 -52 00002508 1
0 0 1 0 116 00002508 1
0 0 1 32 77 00002508 1
0 0 1 0 -61 00002ea8 1
0 0 1 -62 109 00002ea8 1
0 0 1 0 5 00001442 1
0 0 1 0 77 00001442 1
0 0 1 52 -113 00001442 1
0 0 1 12 0 fffffd4e 1
0 0 1 -126 60 fffffd4e 1
0 0 1 -119 0 ffffdfc6 1
0 0 1 -6 0 ffffdfc6 1
0 0 1 -120 8 ffffdfc6 1
0 0 1 60 0 ffffdc06 1
0 0 1 -70 48 ffffdc06 1
0 0 1 81 0 ffffcee6 1
0 0 1 -85 0 ffffcee6 1
0 0 1 126 -118 ffffcee6 1
0 0 1 0 81 ffff94d2 1
0 0 1 -2 -16 ffff94d2 1
0 0 1 0 30 ffff94f2 1
0 0 1 111 0 ffff94f2 1
0 0 1 120 -111 ffff94f2 1
0 0 1 0 20 ffff60ea 1
0 0 1 80 -11 ffff60ea 1
0 0 1 19 0 ffff5d7a 1
0 0 1 0 112 ffff5d7a 1
0 0 1 -36 109 ffff5d7a 1
0 0 1 0 -59 ffff4e26 1
0 0 1 75 66 ffff4e26 1
0 0 1 0 16 ffff617c 1
0 0 1 34 0 ffff617c 1
0 0 1 80 -11 ffff617c 1
0 0 1 0 -85 ffff5e0c 1
0 0 1 -44 72 ffff5e0c 1
0 0 1 -38 0 ffff51ac 1
0 0 1 -38 0 ffff51ac 1
0 0 1 35 -88 ffff51ac 1
0 0 1 -94 0 ffff45a4 1
0 0 1 -73 -84 ffff45a4 1
0 0 1 114 0 ffff5d98 1
0 0 1 -97 0 ffff5d98 1
0 0 1 96 127 ffff5d98 1
0 0 1 0 50 ffff8d38 1
0 0 1 -39 120 ffff8d38 1
0 0 1 -78 0 ffff7af0 1
0 0 1 27 0 ffff7af0 1
0 0 1 -119 -98 ffff7af0 1
0 0 1 70 0 ffffa87e 1
0 0 1 37 -59 ffffa87e 1
0 0 1 0 -106 ffff9ff7 1
0 0 1 -75 0 ffff9ff7 1
0 0 1 -93 48 ffff9ff7 1
0 0 1 103 0 ffff8e87 1
0 0 1 -113 -85 ffff8e87 1
0 0 1 -92 0 ffffb40c 1
0 0 1 -124 0 ffffb40c 1
0 0 1 96 -67 ffffb40c 1
0 0 1 0 74 ffff9aec 1
0 0 1 -75 -96 ffff9aec 1
0 0 1 -118 0 ffffb70c 1
0 0 1 0 23 ffffb70c 1
0 0 1 88 10 ffffb70c 1
0 0 1 0 29 ffffba7c 1
0 0 1 -84 -111 ffffba7c 1
0 0 1 -47 0 ffffdee8 1
0 0 1 73 0 ffffdee8 1
0 0 1 89 -98 ffffdee8 1
0 0 1 7 0 ffffbcd6 1
0 0 1 -71 19 ffffbcd6 1
0 0 1 -14 0 ffffb791 1
0 0 1 60 0 ffffb791 1
0 0 1 -100 113 ffffb791 1
0 0 1 -89 0 ffff8b6d 1
0 0 1 -83 -76 ffff8b6d 1
0 0 1 0 -44 ffffa411 1
0 0 1 -94 0 ffffa411 1
0 0 1 4 42 ffffa411 1
0 0 1 -5 0 ffffa4b9 1
0 0 1 51 31 ffffa4b9 1
0 0 1 65 0 ffffaae6 1
0 0 1 -27 0 ffffaae6 1
0 0 1 -100 71 ffffaae6 1
0 0 1 0 -63 ffff8f2a 1
0 0 1 -80 64 ffff8f2a 1
0 0 1 0 100 ffff7b2a 1
0 0 1 0 104 ffff7b2a 1
0 0 1 52 107 ffff7b2a 1
0 0 1 -91 0 ffff90e6 1
0 0 1 66 88 ffff90e6 1
0 0 1 0 -5 ffffa796 1
0 0 1 46 0 ffffa796 1
0 0 1 -88 8 ffffa796 1
0 0 1 87 0 ffffa4d6 1
0 0 1 -4 109 ffffa4d6 1
0 0 1 123 0 ffffa322 1
0 0 1 17 0 ffffa322 1
0 0 1 -65 -55 ffffa322 1
0 0 1 0 -104 ffffb119 1
0 0 1 -110 -91 ffffb119 1
0 0 1 0 49 ffffd833 1
0 0 1 -93 0 ffffd833 1
0 0 1 -86 58 ffffd833 1
0 0 1 0 56 ffffc4b7 1
0 0 1 -23 34 ffffc4b7 1
0 0 1 -86 0 ffffc1a9 1
0 0 1 0 -18 ffffc1a9 1
0 0 1 -11 -41 ffffc1a9 1
0 0 1 0 -111 ffffc36c 1
0 0 1 48 125 ffffc36c 1
0 0 1 102 0 ffffdadc 1
0 0 1 -125 0 ffffdadc 1
0 0 1 -77 -74 ffffdadc 1
0 0 1 107 0 fffff11e 1
0 0 1 67 -89 fffff11e 1
0 0 1 -74 0 ffffd9d3 1
0 0 1 -80 0 ffffd9d3 1
0 0 1 45 -63 ffffd9d3 1
0 0 1 -70 0 ffffcec0 1
0 0 1 49 -39 ffffcec0 1
0 0 1 0 110 ffffc749 1
0 0 1 0 30 ffffc749 1
0 0 1 18 -42 ffffc749 1
0 0 1 21 0 ffffc455 1
0 0 1 -110 -14 ffffc455 1
0 0 1 0 99 ffffca59 1
0 0 1 0 -66 ffffca59 1
0 0 1 -35 101 ffffca59 1
0 0 1 0 -60 ffffbc8a 1
0 0 1 12 -76 ffffbc8a 1
0 0 1 0 30 ffffb8fa 1
0 0 1 115 0 ffffb8fa 1
0 0 1 -88 46 ffffb8fa 1
0 0 1 -64 0 ffffa92a 1
0 0 1 92 -92 ffffa92a 1
0 0 1 -37 0 ffff881a 1
0 0 1 0 23 ffff881a 1
0 0 1 -5 75 ffff881a 1
0 0 1 3 0 ffff86a3 1
0 0 1 -10 -128 ffff86a3 1
0 0 1 0 -22 ffff8ba3 1
0 0 1 0 -90 ffff8ba3 1
0 0 1 12 -117 ffff8ba3 1
0 0 1 -113 0 ffff8627 1
0 0 1 -114 5 ffff8627 1
0 0 1 0 84 ffff83ed 1
0 0 1 0 7 ffff83ed 1
0 0 1 21 127 ffff83ed 1
0 0 1 0 91 ffff8e58 1
0 0 1 65 -118 ffff8e58 1
0 0 1 -66 0 ffff7062 1
0 0 1 -29 0 ffff7062 1
0 0 1 81 -24 ffff7062 1
0 0 1 0 112 ffff68ca 1
0 0 1 77 103 ffff68ca 1
0 0 1 0 122 ffff87c5 1
0 0 1 0 21 ffff87c5 1
0 0 1 -125 35 ffff87c5 1
0 0 1 0 24 ffff76ae 1
0 0 1 13 13 ffff76ae 1
0 0 1 0 -45 ffff7757 1
0 0 1 -51 0 ffff7757 1
0 0 1 83 24 ffff7757 1
0 0 1 -20 0 ffff7f1f 1
0 0 1 121 -16 ffff7f1f 1
0 0 1 60 0 ffff778f 1
0 0 1 -98 0 ffff778f 1
0 0 1 -84 -14 ffff778f 1
0 0 1 -65 0 ffff7c27 1
0 0 1 36 98 ffff7c27 1
0 0 1 8 0 ffff89ef 1
0 0 1 0 -41 ffff89ef 1
0 0 1 -107 -112 ffff89ef 1
0 0 1 0 66 ffffb8bf 1
0 0 1 65 51 ffffb8bf 1
0 0 1 -101 0 ffffc5b2 1
0 0 1 0 112 ffffc5b2 1
0 0 1 54 108 ffffc5b2 1
0 0 1 0 -120 ffffdc7a 1
0 0 1 49 8 ffffdc7a 1
0 0 1 -23 0 ffffde02 1
0 0 1 0 4 ffffde02 1
0 0 1 -101 -43 ffffde02 1
0 0 1 0 -114 ffffeef9 1
0 0 1 104 33 ffffeef9 1
0 0 1 -3 0 fffffc61 1
0 0 1 0 -73 fffffc61 1
0 0 1 -45 8 fffffc61 1
0 0 1 0 111 fffffaf9 1
0 0 1 -127 -67 fffffaf9 1
0 0 1 0 14 00001c36 1
0 0 1 0 51 00001c36 1
0 0 1 -128 -48 00001c36 1
0 0 1 0 -104 00003436 1
0 0 1 91 115 00003436 1
0 0 1 -42 0 00005d17 1
0 0 1 0 16 00005d17 1
0 0 1 -15 -20 00005d17 1
0 0 1 0 29 00005e43 1
0 0 1 -12 33 00005e43 1
0 0 1 0 -125 00005cb7 1
0 0 1 -43 0 00005cb7 1
0 0 1 -82 -108 00005cb7 1
0 0 1 18 0 00007f4f 1
0 0 1 -119 50 00007f4f 1
0 0 1 13 0 00006811 1
0 0 1 -32 0 00006811 1
0 0 1 -93 -108 00006811 1
0 0 1 -69 0 00008f4d 1
0 0 1 65 -94 00008f4d 1
0 0 1 0 -49 0000776f 1
0 0 1 58 0 0000776f 1
0 0 1 -123 -33 0000776f 1
0 0 1 -22 0 0000874a 1
0 0 1 33 78 0000874a 1
0 0 1 0 83 00009158 1
0 0 1 40 0 00009158 1
0 0 0 37 -83 00009158 1
0 0 0 -49 72 00009158 0
