1 0 0 0 0 00000000 0
1 0 0 0 0 00000000 0
1 0 0 0 0 00000000 0
0 0 1 123 0 00000000 0
0 0 1 0 111 00000000 1
0 0 1 109 0 00000000 1
0 0 1 -119 0 00000000 1
0 0 1 0 34 00000000 1
0 0 1 0 -100 00000000 1
0 0 1 0 117 00000000 1
0 0 1 -3 0 00000000 1
0 0 1 0 -27 00000000 1
0 0 1 22 0 00000000 1
0 0 1 -120 0 00000000 1
0 0 1 0 57 00000000 1
0 0 1 77 0 00000000 1
0 0 1 -35 0 00000000 1
0 0 1 -66 0 00000000 1
0 0 1 0 16 00000000 1
0 0 1 55 0 00000000 1
0 0 1 0 -77 00000000 1
0 0 1 -106 0 00000000 1
0 0 1 8 0 00000000 1
0 0 1 0 -92 00000000 1
0 0 1 24 0 00000000 1
0 0 1 0 -4 00000000 1
0 0 1 -121 0 00000000 1
0 0 1 0 -16 00000000 1
0 0 1 0 -110 00000000 1
0 0 1 -51 0 00000000 1
0 0 1 54 0 00000000 1
0 0 1 0 -125 00000000 1
0 0 1 0 -30 00000000 1
0 0 1 0 60 00000000 1
0 0 1 0 -91 00000000 1
0 0 1 -93 0 00000000 1
0 0 1 0 30 00000000 1
0 0 1 -108 0 00000000 1
0 0 1 -28 0 00000000 1
0 0 1 36 0 00000000 1
0 0 1 0 15 00000000 1
0 0 1 100 0 00000000 1
0 0 1 0 -13 00000000 1
0 0 1 -7 0 00000000 1
0 0 1 -117 0 00000000 1
0 0 1 100 0 00000000 1
0 0 1 0 124 00000000 1
0 0 1 0 123 00000000 1
0 0 1 0 83 00000000 1
0 0 1 0 30 00000000 1
0 0 1 0 -113 00000000 1
0 0 1 103 0 00000000 1
0 0 1 0 -4 00000000 1
0 0 1 42 0 00000000 1
0 0 1 0 10 00000000 1
0 0 1 0 27 00000000 1
0 0 1 0 47 00000000 1
0 0 1 0 -103 00000000 1
0 0 1 0 127 00000000 1
0 0 1 0 77 00000000 1
0 0 1 -111 0 00000000 1
0 0 1 -79 0 00000000 1
0 0 1 0 -80 00000000 1
0 0 1 -28 0 00000000 1
0 0 1 0 57 00000000 1
0 0 1 -43 0 00000000 1
0 0 1 0 105 00000000 1
0 0 1 83 0 00000000 1
0 0 1 -78 0 00000000 1
0 0 1 103 0 00000000 1
0 0 1 0 91 00000000 1
0 0 1 0 30 00000000 1
0 0 1 0 42 00000000 1
0 0 1 109 0 00000000 1
0 0 1 6 0 00000000 1
0 0 1 111 0 00000000 1
0 0 1 0 33 00000000 1
0 0 1 120 0 00000000 1
0 0 1 0 56 00000000 1
0 0 1 -85 0 00000000 1
0 0 1 0 41 00000000 1
0 0 1 0 85 00000000 1
0 0 1 127 0 00000000 1
0 0 1 107 0 00000000 1
0 0 1 0 -77 00000000 1
0 0 1 -69 0 00000000 1
0 0 1 0 -8 00000000 1
0 0 1 0 127 00000000 1
0 0 1 0 117 00000000 1
0 0 1 36 0 00000000 1
0 0 1 -35 0 00000000 1
0 0 1 0 -68 00000000 1
0 0 1 -127 0 00000000 1
0 0 1 -4 0 00000000 1
0 0 1 26 0 00000000 1
0 0 1 0 97 00000000 1
0 0 1 -17 0 00000000 1
0 0 1 69 0 00000000 1
0 0 1 -65 0 00000000 1
0 0 1 0 -110 00000000 1
0 0 1 0 -67 00000000 1
0 0 1 0 -45 00000000 1
0 0 1 0 99 00000000 1
0 0 1 0 -81 00000000 1
0 0 1 0 -122 00000000 1
0 0 1 -112 0 00000000 1
0 0 1 0 -70 00000000 1
0 0 1 52 0 00000000 1
0 0 1 -15 0 00000000 1
0 0 1 0 -10 00000000 1
0 0 1 0 39 00000000 1
0 0 1 -113 0 00000000 1
0 0 1 0 2 00000000 1
0 0 1 0 -57 00000000 1
0 0 1 -95 0 00000000 1
0 0 1 0 64 00000000 1
0 0 1 0 -61 00000000 1
0 0 1 0 49 00000000 1
0 0 1 0 111 00000000 1
0 0 1 -35 0 00000000 1
0 0 1 43 0 00000000 1
0 0 1 0 21 00000000 1
0 0 1 -15 0 00000000 1
0 0 1 0 16 00000000 1
0 0 1 11 0 00000000 1
0 0 1 0 15 00000000 1
0 0 1 -8 0 00000000 1
0 0 1 0 -78 00000000 1
0 0 1 0 39 00000000 1
0 0 1 0 42 00000000 1
0 0 1 0 3 00000000 1
0 0 1 0 18 00000000 1
0 0 1 4 0 00000000 1
0 0 1 0 -63 00000000 1
0 0 1 -76 0 00000000 1
0 0 1 0 29 00000000 1
0 0 1 -98 0 00000000 1
0 0 1 -36 0 00000000 1
0 0 1 0 119 00000000 1
0 0 1 100 0 00000000 1
0 0 1 0 -128 00000000 1
0 0 1 0 -79 00000000 1
0 0 1 97 0 00000000 1
0 0 1 24 0 00000000 1
0 0 1 -15 0 00000000 1
0 0 1 0 98 00000000 1
0 0 1 0 -79 00000000 1
0 0 1 98 0 00000000 1
0 0 1 102 0 00000000 1
0 0 1 -122 0 00000000 1
0 0 1 12 0 00000000 1
0 0 1 54 0 00000000 1
0 0 1 -41 0 00000000 1
0 0 1 -21 0 00000000 1
0 0 1 0 -98 00000000 1
0 0 1 0 -91 00000000 1
0 0 1 89 0 00000000 1
0 0 1 13 0 00000000 1
0 0 1 -128 0 00000000 1
0 0 1 0 29 00000000 1
0 0 1 -30 0 00000000 1
0 0 1 109 0 00000000 1
0 0 1 65 0 00000000 1
0 0 1 0 31 00000000 1
0 0 1 0 -76 00000000 1
0 0 1 0 -106 00000000 1
0 0 1 0 28 00000000 1
0 0 1 0 50 00000000 1
0 0 1 -118 0 00000000 1
0 0 1 127 0 00000000 1
0 0 1 0 -21 00000000 1
0 0 1 110 0 00000000 1
0 0 1 0 99 00000000 1
0 0 1 56 0 00000000 1
0 0 1 0 14 00000000 1
0 0 1 0 -10 00000000 1
0 0 1 0 47 00000000 1
0 0 1 0 -5 00000000 1
0 0 1 0 9 00000000 1
0 0 1 -12 0 00000000 1
0 0 1 -42 0 00000000 1
0 0 1 0 -70 00000000 1
0 0 1 0 -10 00000000 1
0 0 1 0 113 00000000 1
0 0 1 0 -94 00000000 1
0 0 1 0 17 00000000 1
0 0 1 -25 0 00000000 1
0 0 1 -59 0 00000000 1
0 0 1 0 -20 00000000 1
0 0 1 0 74 00000000 1
0 0 1 0 44 00000000 1
0 0 1 0 37 00000000 1
0 0 1 38 0 00000000 1
0 0 1 0 24 00000000 1
0 0 1 -76 0 00000000 1
0 0 1 51 0 00000000 1
0 0 1 -59 0 00000000 1
0 0 1 -86 0 00000000 1
0 0 1 0 96 00000000 1
0 0 1 -97 0 00000000 1
0 0 1 0 112 00000000 1
0 0 1 0 -40 00000000 1
0 0 1 0 -124 00000000 1
0 0 1 0 27 00000000 1
0 0 1 0 -44 00000000 1
0 0 1 43 0 00000000 1
0 0 1 0 6 00000000 1
0 0 1 0 -77 00000000 1
0 0 1 -19 0 00000000 1
0 0 1 121 0 00000000 1
0 0 1 0 64 00000000 1
0 0 1 -26 0 00000000 1
0 0 1 113 0 00000000 1
0 0 1 -54 0 00000000 1
0 0 1 4 0 00000000 1
0 0 1 38 0 00000000 1
0 0 1 96 0 00000000 1
0 0 1 118 0 00000000 1
0 0 1 0 -123 00000000 1
0 0 1 73 0 00000000 1
0 0 1 -107 0 00000000 1
0 0 1 -25 0 00000000 1
0 0 1 0 -28 00000000 1
0 0 1 0 14 00000000 1
0 0 1 0 97 00000000 1
0 0 1 0 33 00000000 1
0 0 1 87 0 00000000 1
0 0 1 93 0 00000000 1
0 0 1 -5 0 00000000 1
0 0 1 0 98 00000000 1
0 0 1 0 -69 00000000 1
0 0 1 122 0 00000000 1
0 0 1 -80 0 00000000 1
0 0 1 0 -127 00000000 1
0 0 1 39 0 00000000 1
0 0 1 -62 0 00000000 1
0 0 1 0 -9 00000000 1
0 0 1 113 0 00000000 1
0 0 1 -89 0 00000000 1
0 0 1 43 0 00000000 1
0 0 1 -28 0 00000000 1
0 0 1 30 0 00000000 1
0 0 1 -77 0 00000000 1
0 0 1 -47 0 00000000 1
0 0 1 0 -74 00000000 1
0 0 1 -93 0 00000000 1
0 0 1 -27 0 00000000 1
0 0 1 13 0 00000000 1
0 0 1 53 0 00000000 1
0 0 1 0 -77 00000000 1
0 0 1 -120 0 00000000 1
0 0 1 0 -94 00000000 1
0 0 1 0 -13 00000000 1
0 0 1 -67 0 00000000 1
0 0 1 0 19 00000000 1
0 0 1 0 -51 00000000 1
0 0 1 0 81 00000000 1
0 0 1 -28 0 00000000 1
0 0 1 0 -84 00000000 1
0 0 1 68 0 00000000 1
0 0 1 0 -69 00000000 1
0 0 1 0 -1 00000000 1
0 0 1 0 71 00000000 1
0 0 1 0 -101 00000000 1
0 0 1 0 -69 00000000 1
0 0 1 0 14 00000000 1
0 0 1 0 -31 00000000 1
0 0 1 0 6 00000000 1
0 0 1 0 93 00000000 1
0 0 1 0 -124 00000000 1
0 0 1 -54 0 00000000 1
0 0 1 67 0 00000000 1
0 0 1 58 0 00000000 1
0 0 1 0 -74 00000000 1
0 0 1 0 -87 00000000 1
0 0 1 7 0 00000000 1
0 0 1 -86 0 00000000 1
0 0 1 0 -84 00000000 1
0 0 1 -74 0 00000000 1
0 0 1 75 0 00000000 1
0 0 1 55 0 00000000 1
0 0 1 0 -26 00000000 1
0 0 1 -81 0 00000000 1
0 0 1 0 -41 00000000 1
0 0 1 0 -59 00000000 1
0 0 1 -28 0 00000000 1
0 0 1 54 0 00000000 1
0 0 1 0 -55 00000000 1
0 0 1 122 0 00000000 1
0 0 1 0 73 00000000 1
0 0 1 -50 0 00000000 1
0 0 1 70 0 00000000 1
0 0 1 0 -38 00000000 1
0 0 1 0 68 00000000 1
0 0 1 0 15 00000000 1
0 0 1 -112 0 00000000 1
0 0 1 0 -97 00000000 1
0 0 1 -38 0 00000000 1
0 0 1 0 -78 00000000 1
0 0 1 -109 0 00000000 1
0 0 1 120 0 00000000 1
0 0 1 101 0 00000000 1
0 0 1 0 -116 00000000 1
0 0 1 61 0 00000000 1
0 0 1 0 -115 00000000 1
0 0 1 45 0 00000000 1
0 0 1 0 -48 00000000 1
0 0 1 -93 0 00000000 1
0 0 1 0 27 00000000 1
0 0 1 0 -26 00000000 1
0 0 1 0 -33 00000000 1
0 0 1 0 -64 00000000 1
0 0 1 0 -51 00000000 1
0 0 1 -2 0 00000000 1
0 0 1 0 -123 00000000 1
0 0 1 0 -70 00000000 1
0 0 1 0 -103 00000000 1
0 0 1 0 115 00000000 1
0 0 1 0 -38 00000000 1
0 0 1 0 87 00000000 1
0 0 1 45 0 00000000 1
0 0 1 56 0 00000000 1
0 0 1 -126 0 00000000 1
0 0 1 34 0 00000000 1
0 0 1 0 -22 00000000 1
0 0 1 0 107 00000000 1
0 0 1 0 -123 00000000 1
0 0 1 0 -62 00000000 1
0 0 1 106 0 00000000 1
0 0 1 -112 0 00000000 1
0 0 1 0 -46 00000000 1
0 0 1 0 39 00000000 1
0 0 1 2 0 00000000 1
0 0 1 55 0 00000000 1
0 0 1 89 0 00000000 1
0 0 1 0 5 00000000 1
0 0 1 62 0 00000000 1
0 0 1 0 -52 00000000 1
0 0 1 0 82 00000000 1
0 0 1 0 -30 00000000 1
0 0 1 0 59 00000000 1
0 0 1 0 -66 00000000 1
0 0 1 -120 0 00000000 1
0 0 1 -96 0 00000000 1
0 0 1 25 0 00000000 1
0 0 1 -3 0 00000000 1
0 0 1 0 -32 00000000 1
0 0 1 0 -24 00000000 1
0 0 1 125 0 00000000 1
0 0 1 0 2 00000000 1
0 0 1 106 0 00000000 1
0 0 1 41 0 00000000 1
0 0 1 -27 0 00000000 1
0 0 1 0 -108 00000000 1
0 0 1 108 0 00000000 1
0 0 1 0 -113 00000000 1
0 0 1 3 0 00000000 1
0 0 1 -128 0 00000000 1
0 0 1 0 9 00000000 1
0 0 1 0 73 00000000 1
0 0 1 -126 0 00000000 1
0 0 1 0 -4 00000000 1
0 0 1 19 0 00000000 1
0 0 1 -96 0 00000000 1
0 0 1 -126 0 00000000 1
0 0 1 0 -25 00000000 1
0 0 1 0 70 00000000 1
0 0 1 84 0 00000000 1
0 0 1 0 90 00000000 1
0 0 1 0 -23 00000000 1
0 0 1 -1 0 00000000 1
0 0 1 -66 0 00000000 1
0 0 1 12 0 00000000 1
0 0 1 0 -44 00000000 1
0 0 1 0 -22 00000000 1
0 0 1 0 -81 00000000 1
0 0 1 98 0 00000000 1
0 0 1 -15 0 00000000 1
0 0 1 0 -19 00000000 1
0 0 1 -123 0 00000000 1
0 0 1 7 0 00000000 1
0 0 1 0 -63 00000000 1
0 0 1 0 102 00000000 1
0 0 1 -8 0 00000000 1
0 0 1 0 -44 00000000 1
0 0 1 96 0 00000000 1
0 0 1 0 55 00000000 1
0 0 1 0 43 00000000 1
0 0 1 0 46 00000000 1
0 0 1 65 0 00000000 1
0 0 1 0 -38 00000000 1
0 0 1 -122 0 00000000 1
0 0 1 0 6 00000000 1
0 0 1 0 -39 00000000 1
0 0 1 0 24 00000000 1
0 0 1 -53 0 00000000 1
0 0 1 0 82 00000000 1
0 0 1 118 0 00000000 1
0 0 1 -83 0 00000000 1
0 0 1 -94 0 00000000 1
0 0 1 -58 0 00000000 1
0 0 1 -18 0 00000000 1
0 0 1 97 0 00000000 1
0 0 1 0 14 00000000 1
0 0 1 0 107 00000000 1
0 0 1 0 15 00000000 1
0 0 1 -125 0 00000000 1
0 0 1 0 7 00000000 1
0 0 1 22 0 00000000 1
0 0 1 8 0 00000000 1
0 0 1 42 0 00000000 1
0 0 1 0 -89 00000000 1
0 0 1 0 85 00000000 1
0 0 1 -24 0 00000000 1
0 0 1 -114 0 00000000 1
0 0 1 0 52 00000000 1
0 0 1 68 0 00000000 1
0 0 1 0 -13 00000000 1
0 0 1 0 8 00000000 1
0 0 1 -63 0 00000000 1
0 0 1 77 0 00000000 1
0 0 1 -90 0 00000000 1
0 0 1 -41 0 00000000 1
0 0 1 -54 0 00000000 1
0 0 1 0 6 00000000 1
0 0 1 0 -90 00000000 1
0 0 1 0 -53 00000000 1
0 0 1 0 121 00000000 1
0 0 1 0 -81 00000000 1
0 0 1 14 0 00000000 1
0 0 1 0 -60 00000000 1
0 0 1 0 -55 00000000 1
0 0 1 0 77 00000000 1
0 0 1 0 -53 00000000 1
0 0 1 105 0 00000000 1
0 0 1 -21 0 00000000 1
0 0 1 -37 0 00000000 1
0 0 1 -36 0 00000000 1
0 0 1 0 80 00000000 1
0 0 1 0 81 00000000 1
0 0 1 79 0 00000000 1
0 0 1 0 -113 00000000 1
0 0 1 0 -69 00000000 1
0 0 1 0 -104 00000000 1
0 0 1 -78 0 00000000 1
0 0 1 8 0 00000000 1
0 0 1 0 114 00000000 1
0 0 1 0 77 00000000 1
0 0 1 36 0 00000000 1
0 0 1 0 -108 00000000 1
0 0 1 0 85 00000000 1
0 0 1 0 47 00000000 1
0 0 1 115 0 00000000 1
0 0 1 86 0 00000000 1
0 0 1 0 97 00000000 1
0 0 1 68 0 00000000 1
0 0 1 0 -59 00000000 1
0 0 1 0 -14 00000000 1
0 0 1 31 0 00000000 1
0 0 1 -63 0 00000000 1
0 0 1 0 102 00000000 1
0 0 1 0 21 00000000 1
0 0 1 66 0 00000000 1
0 0 1 73 0 00000000 1
0 0 1 -59 0 00000000 1
0 0 1 -76 0 00000000 1
0 0 1 0 -44 00000000 1
0 0 1 0 -57 00000000 1
0 0 1 109 0 00000000 1
0 0 1 -117 0 00000000 1
0 0 1 -98 0 00000000 1
0 0 1 0 -3 00000000 1
0 0 1 -80 0 00000000 1
0 0 1 0 8 00000000 1
0 0 1 0 -40 00000000 1
0 0 1 0 -12 00000000 1
0 0 1 -46 0 00000000 1
0 0 1 19 0 00000000 1
0 0 1 -7 0 00000000 1
0 0 1 -65 0 00000000 1
0 0 1 0 15 00000000 1
0 0 1 -17 0 00000000 1
0 0 1 0 70 00000000 1
0 0 1 -81 0 00000000 1
0 0 1 0 110 00000000 1
0 0 1 36 0 00000000 1
0 0 1 0 -78 00000000 1
0 0 1 0 66 00000000 1
0 0 1 66 0 00000000 1
0 0 1 115 0 00000000 1
0 0 1 0 -111 00000000 1
0 0 1 93 0 00000000 1
0 0 1 0 64 00000000 1
0 0 1 -25 0 00000000 1
0 0 1 0 -69 00000000 1
0 0 1 0 71 00000000 1
0 0 1 -38 0 00000000 1
0 0 1 70 0 00000000 1
0 0 1 -31 0 00000000 1
0 0 1 0 78 00000000 1
0 0 1 0 -65 00000000 1
0 0 1 0 58 00000000 1
0 0 1 0 -52 00000000 1
0 0 1 -62 0 00000000 1
0 0 1 0 -109 00000000 1
0 0 1 0 -73 00000000 1
0 0 1 -101 0 00000000 1
0 0 1 0 -15 00000000 1
0 0 1 0 -10 00000000 1
0 0 1 0 -91 00000000 1
0 0 1 27 0 00000000 1
0 0 1 0 24 00000000 1
0 0 1 87 0 00000000 1
0 0 1 0 -94 00000000 1
0 0 1 -111 0 00000000 1
0 0 1 -12 0 00000000 1
0 0 1 22 0 00000000 1
0 0 1 0 -115 00000000 1
0 0 1 0 118 00000000 1
0 0 1 -22 0 00000000 1
0 0 1 -57 0 00000000 1
0 0 1 0 -16 00000000 1
0 0 1 48 0 00000000 1
0 0 1 0 36 00000000 1
0 0 1 0 34 00000000 1
0 0 1 0 106 00000000 1
0 0 1 0 -85 00000000 1
0 0 1 -23 0 00000000 1
0 0 1 -58 0 00000000 1
0 0 1 0 -45 00000000 1
0 0 1 53 0 00000000 1
0 0 1 0 -111 00000000 1
0 0 1 48 0 00000000 1
0 0 1 -56 0 00000000 1
0 0 1 0 117 00000000 1
0 0 1 0 95 00000000 1
0 0 1 0 -119 00000000 1
0 0 1 0 -93 00000000 1
0 0 1 0 -62 00000000 1
0 0 1 -37 0 00000000 1
0 0 1 0 27 00000000 1
0 0 1 0 3 00000000 1
0 0 1 0 -29 00000000 1
0 0 1 0 122 00000000 1
0 0 1 -39 0 00000000 1
0 0 1 0 89 00000000 1
0 0 1 -47 0 00000000 1
0 0 1 -106 0 00000000 1
0 0 1 -28 0 00000000 1
0 0 1 0 -8 00000000 1
0 0 1 0 40 00000000 1
0 0 1 0 -79 00000000 1
0 0 1 79 0 00000000 1
0 0 1 0 87 00000000 1
0 0 1 -102 0 00000000 1
0 0 1 36 0 00000000 1
0 0 1 0 44 00000000 1
0 0 1 0 51 00000000 1
0 0 1 -62 0 00000000 1
0 0 1 0 30 00000000 1
0 0 1 0 104 00000000 1
0 0 1 -19 0 00000000 1
0 0 1 0 47 00000000 1
0 0 1 -45 0 00000000 1
0 0 1 0 50 00000000 1
0 0 1 0 -17 00000000 1
0 0 1 -8 0 00000000 1
0 0 1 25 0 00000000 1
0 0 1 124 0 00000000 1
0 0 1 0 34 00000000 1
0 0 1 28 0 00000000 1
0 0 1 0 -17 00000000 1
0 0 1 32 0 00000000 1
0 0 1 126 0 00000000 1
0 0 1 0 92 00000000 1
0 0 1 44 0 00000000 1
0 0 1 0 -99 00000000 1
0 0 1 0 -85 00000000 1
0 0 1 0 125 00000000 1
0 0 1 0 65 00000000 1
0 0 1 -24 0 00000000 1
0 0 1 -66 0 00000000 1
0 0 1 0 -25 00000000 1
0 0 1 0 -17 00000000 1
0 0 1 0 -36 00000000 1
0 0 1 0 -7 00000000 1
0 0 1 79 0 00000000 1
0 0 1 -113 0 00000000 1
0 0 1 0 11 00000000 1
0 0 1 0 -99 00000000 1
0 0 1 0 24 00000000 1
0 0 1 0 15 00000000 1
0 0 1 25 0 00000000 1
0 0 1 90 0 00000000 1
0 0 1 25 0 00000000 1
0 0 1 0 81 00000000 1
0 0 1 0 -125 00000000 1
0 0 1 0 -56 00000000 1
0 0 1 0 -95 00000000 1
0 0 1 -4 0 00000000 1
0 0 1 -93 0 00000000 1
0 0 1 0 15 00000000 1
0 0 1 0 -65 00000000 1
0 0 1 -109 -110 00000000 1
0 0 1 -85 -3 00002ed6 1
0 0 1 16 -14 00002fd5 1
0 0 1 49 38 00002ef5 1
0 0 1 90 -81 0000363b 1
0 0 1 125 18 000019c1 1
0 0 1 113 34 0000228b 1
0 0 1 23 -100 0000318d 1
0 0 1 -31 20 00002891 1
0 0 1 94 43 00002625 1
0 0 1 -11 -34 000035ef 1
0 0 1 -20 10 00003765 1
0 0 1 74 -105 0000369d 1
0 0 1 -43 -49 00001843 1
0 0 1 -40 -83 0000207e 1
0 0 1 110 -112 00002d76 1
0 0 1 119 -79 fffffd56 1
0 0 1 -24 96 ffffd89d 1
0 0 1 -78 -17 ffffcf9d 1
0 0 1 124 -81 ffffd4cb 1
0 0 1 74 49 ffffad8f 1
0 0 1 12 -124 ffffbbb9 1
0 0 1 -99 67 ffffb5e9 1
0 0 1 106 -76 ffff9c00 1
0 0 1 -14 123 ffff7c88 1
0 0 1 39 -123 ffff75ce 1
0 0 1 9 45 ffff6311 1
0 0 1 -48 2 ffff64a6 1
0 0 1 -85 54 ffff6446 1
0 0 1 -102 2 ffff5258 1
0 0 1 107 40 ffff518c 1
0 0 1 96 38 ffff6244 1
0 0 1 90 8 ffff7084 1
0 0 1 46 78 ffff7354 1
0 0 1 31 59 ffff8158 1
0 0 1 -28 6 ffff887d 1
0 0 1 29 -79 ffff87d5 1
0 0 1 -128 -105 ffff7ee2 1
0 0 1 -57 79 ffffb362 1
0 0 1 -45 -84 ffffa1cb 1
0 0 1 75 -26 ffffb08f 1
0 0 1 -107 14 ffffa8f1 1
0 0 1 118 -127 ffffa317 1
0 0 1 22 120 ffff688d 1
0 0 1 82 -29 ffff72dd 1
0 0 1 -2 76 ffff6993 1
0 0 1 -22 -118 ffff68fb 1
0 0 1 -73 17 ffff731f 1
0 0 1 123 55 ffff6e46 1
0 0 1 51 -89 ffff88b3 1
0 0 1 102 -114 ffff76f8 1
0 0 1 -43 -49 ffff498c 1
0 0 1 90 86 ffff51c7 1
0 0 1 -31 -20 ffff7003 1
0 0 1 -84 -110 ffff726f 1
0 0 1 93 -2 ffff9687 1
0 0 1 113 -33 ffff95cd 1
0 0 1 30 20 ffff873c 1
0 0 1 -96 -20 ffff8994 1
0 0 1 -72 -34 ffff9114 1
0 0 1 73 43 ffff9aa4 1
0 0 1 -62 -126 ffffa6e7 1
0 0 1 35 -120 ffffc56b 1
0 0 1 -8 -59 ffffb503 1
0 0 1 79 -4 ffffb6db 1
0 0 1 54 -127 ffffb59f 1
0 0 1 -1 -103 ffff9ad5 1
0 0 1 103 62 ffff9b3c 1
0 0 1 -55 28 ffffb42e 1
0 0 1 126 110 ffffae2a 1
0 0 1 -53 12 ffffe44e 1
0 0 1 19 -14 ffffe1d2 1
0 0 1 -98 106 ffffe0c8 1
0 0 1 -55 108 ffffb834 1
0 0 1 126 -73 ffffa100 1
0 0 1 -71 71 ffff7d12 1
0 0 1 -45 -25 ffff6961 1
0 0 1 14 110 ffff6dc6 1
0 0 1 -40 -42 ffff73ca 1
0 0 1 -51 -14 ffff7a5a 1
0 0 1 -90 -121 ffff7d24 1
0 0 1 -72 120 ffffa7ae 1
0 0 1 -88 92 ffff85ee 1
0 0 1 -88 92 ffff664e 1
0 0 1 122 97 ffff46ae 1
0 0 1 110 67 ffff74e8 1
0 0 1 -23 -67 ffff91b2 1
0 0 1 -32 -41 ffff97b7 1
0 0 1 -109 60 ffff9cd7 1
0 0 1 -68 62 ffff834b 1
0 0 1 -124 -120 ffff72d3 1
0 0 1 -43 37 ffffacf3 1
0 0 1 -69 12 ffffa6bc 1
0 0 1 77 114 ffffa380 1
0 0 1 11 9 ffffc5ca 1
0 0 1 65 18 ffffc62d 1
0 0 1 -108 19 ffffcabf 1
0 0 1 -49 -88 ffffc2bb 1
0 0 1 -103 -19 ffffd393 1
0 0 1 -52 -49 ffffdb38 1
0 0 1 71 72 ffffe52c 1
0 0 1 85 57 fffff924 1
0 0 1 -81 4 00000c11 1
0 0 1 -103 108 00000acd 1
0 0 1 -86 76 ffffdf59 1
0 0 1 24 1 ffffc5d1 1
0 0 1 -59 -95 ffffc5e9 1
0 0 1 5 -55 ffffdbce 1
0 0 1 25 -58 ffffdabb 1
0 0 1 -102 126 ffffd511 1
0 0 1 -77 -35 ffffa2dd 1
0 0 1 -94 -115 ffffad64 1
0 0 1 123 125 ffffd79e 1
0 0 1 -14 24 000013ad 1
0 0 1 84 72 0000125d 1
0 0 1 -60 27 000029fd 1
0 0 1 13 88 000023a9 1
0 0 1 91 83 00002821 1
0 0 1 20 -75 000045a2 1
0 0 1 -69 -42 00003fc6 1
0 0 1 -21 -40 00004b18 1
0 0 1 21 -101 00004e60 1
0 0 1 59 89 00004617 1
0 0 1 89 -60 00005a9a 1
0 0 1 -22 -82 000045be 1
0 0 1 88 103 00004cca 1
0 0 1 -117 -11 00007032 1
0 0 1 -18 24 00007539 1
0 0 1 63 9 00007389 1
0 0 1 -120 31 000075c0 1
0 0 1 43 121 00006738 1
0 0 1 107 127 00007b8b 1
0 0 1 60 -22 0000b0a0 1
0 0 1 -55 -119 0000ab78 1
0 0 1 99 -8 0000c509 1
0 0 1 -70 -94 0000c1f1 1
0 0 1 119 40 0000dba5 1
0 0 1 107 69 0000ee3d 1
0 0 1 110 11 00010b14 1
0 0 1 -14 50 00010fce 1
0 0 1 75 -30 00010d12 1
0 0 1 -119 -16 00010448 1
0 0 1 -109 -5 00010bb8 1
0 0 1 -64 -98 00010dd9 1
0 0 1 120 -13 00012659 1
0 0 1 -51 -35 00012041 1
0 0 1 1 4 0001273a 1
0 0 1 115 -35 0001273e 1
0 0 1 -67 -90 00011785 1
0 0 1 -29 70 00012f13 1
0 0 1 36 -31 00012725 1
0 0 1 -57 -3 000122c9 1
0 0 1 -123 -119 00012374 1
0 0 1 -78 95 00015ca1 1
0 0 1 54 -71 00013faf 1
0 0 1 126 24 000130b5 1
0 0 1 -100 122 00013c85 1
0 0 1 -57 17 00010cdd 1
0 0 1 93 118 00010914 1
0 0 1 54 -89 000133f2 1
0 0 1 75 57 0001212c 1
0 0 1 -98 116 000131df 1
0 0 1 115 65 00010577 1
0 0 1 109 26 000122aa 1
0 0 1 -51 124 00012dbc 1
0 0 1 69 -114 00011508 1
0 0 1 18 123 0000f64e 1
0 0 1 -71 121 0000fef4 1
0 0 1 -99 -98 0000dd65 1
0 0 1 26 -107 0001034b 1
0 0 1 -86 75 0000f86d 1
0 0 1 -30 -47 0000df3b 1
0 0 1 -52 -105 0000e4bd 1
0 0 1 52 -99 0000fa11 1
0 0 1 -84 -40 0000e5f5 1
0 0 1 18 50 0000f315 1
0 0 1 94 89 0000f699 1
0 0 1 113 15 00011747 1
0 0 1 38 -31 00011de6 1
0 0 1 -26 69 0001194c 1
0 0 1 21 -101 0001124a 1
0 0 1 100 11 00010a01 1
0 0 1 80 65 00010e4d 1
0 0 1 75 -31 0001229d 1
0 0 1 -60 -94 00011988 1
0 0 1 118 5 00012f90 1
0 0 1 117 106 000131de 1
0 0 1 14 67 00016250 1
0 0 1 -107 112 000165fa 1
0 0 1 37 -32 0001372a 1
0 0 1 94 -11 0001328a 1
0 0 1 3 -90 00012e80 1
0 0 1 -123 -121 00012d72 1
0 0 1 22 -9 00016795 1
0 0 1 -50 37 000166cf 1
0 0 1 61 -73 00015f95 1
0 0 1 84 67 00014e30 1
0 0 1 -17 13 0001642c 1
0 0 1 -77 -39 0001634f 1
0 0 1 -113 -38 00016f0a 1
0 0 1 -32 104 00017fd0 1
0 0 1 -43 29 000172d0 1
0 0 1 -98 25 00016df1 1
0 0 1 -39 92 0001645f 1
0 0 1 4 -75 0001565b 1
0 0 1 6 -37 0001552f 1
0 0 1 11 92 00015451 1
0 0 1 -34 94 00015845 1
0 0 1 -96 114 00014bc9 1
0 0 1 -1 -125 00012109 1
0 0 1 -41 123 00012186 1
0 0 1 -104 26 00010dd3 1
0 0 1 39 -69 00010343 1
0 0 1 -77 74 0000f8c0 1
0 0 1 -43 -94 0000e27e 1
0 0 1 -88 108 0000f248 1
0 0 1 116 54 0000cd28 1
0 0 1 72 -31 0000e5a0 1
0 0 1 32 -55 0000dce8 1
0 0 1 102 -119 0000d608 1
0 0 1 49 -106 0000a69e 1
0 0 1 -109 -30 00009254 1
0 0 1 85 93 00009f1a 1
0 0 1 -17 87 0000bdfb 1
0 0 1 56 50 0000b834 1
0 0 1 1 126 0000c324 1
0 0 1 -112 94 0000c3a2 1
0 0 1 -102 -105 00009a82 1
0 0 1 -30 -126 0000c458 1
0 0 1 -45 -7 0000d31c 1
0 0 1 -119 -31 0000d457 1
0 0 1 -15 90 0000e2c0 1
0 0 1 -47 -102 0000dd7a 1
0 0 1 97 -39 0000f034 1
0 0 1 -97 -67 0000e16d 1
0 0 1 14 -19 0000fad0 1
0 0 1 -30 -127 0000f9c6 1
0 0 1 120 -8 000108a8 1
0 0 1 123 93 000104e8 1
0 0 1 98 -113 00013197 1
0 0 1 58 -1 00010655 1
0 0 1 -49 -7 0001061b 1
0 0 1 -78 23 00010772 1
0 0 1 120 45 00010070 1
0 0 1 -116 -128 00011588 1
0 0 1 32 21 00014f88 1
0 0 1 -75 -123 00015228 1
0 0 1 117 53 00017631 1
0 0 1 -22 -37 00018e6a 1
0 0 1 126 40 00019198 1
0 0 1 -61 47 0001a548 1
0 0 1 87 -3 00019a15 1
0 0 1 6 -79 00019910 1
0 0 1 108 -52 00019736 1
0 0 1 96 -39 00018146 1
0 0 1 -121 -19 000172a6 1
0 0 1 116 104 00017ba1 1
0 0 1 33 44 0001aac1 1
0 0 1 -88 -83 0001b06d 1
0 0 1 -71 -83 0001ccf5 1
0 0 1 -18 34 0001e3fa 1
0 0 1 46 -27 0001e196 1
0 0 1 16 -81 0001dcbc 1
0 0 1 77 -125 0001d7ac 1
0 0 1 -103 27 0001b213 1
0 0 1 123 -9 0001a736 1
0 0 1 -27 -125 0001a2e3 1
0 0 1 55 60 0001b012 1
0 0 1 39 -39 0001bcf6 1
0 0 1 -65 65 0001b705 1
0 0 1 97 61 0001a684 1
0 0 1 120 -83 0001bda1 1
0 0 1 62 -103 000196b9 1
0 0 1 43 -100 00017dc7 1
0 0 1 106 27 00016cfb 1
0 0 1 57 53 00017829 1
0 0 1 -23 -9 000183f6 1
0 0 1 99 -40 000184c5 1
0 0 1 -3 -59 0001754d 1
0 0 1 14 -97 000175fe 1
0 0 1 3 116 000170b0 1
0 0 1 -37 54 0001720c 1
0 0 1 -116 41 00016a3e 1
0 0 1 77 35 000157aa 1
0 0 1 93 10 00016231 1
0 0 1 110 -31 000165d3 1
0 0 1 124 -68 00015881 1
0 0 1 -72 117 00013791 1
0 0 1 -93 113 000116a9 1
0 0 1 36 -41 0000ed9c 1
0 0 1 38 -8 0000e7d8 1
0 0 1 -38 75 0000e6a8 1
0 0 1 23 -88 0000db86 1
0 0 1 -58 100 0000d39e 1
0 0 1 17 115 0000bcf6 1
0 0 1 94 43 0000c499 1
0 0 1 108 25 0000d463 1
0 0 1 -126 24 0000deef 1
0 0 1 -62 34 0000d31f 1
0 0 1 76 -77 0000cae3 1
0 0 1 -125 -47 0000b407 1
0 0 1 101 -21 0000cafa 1
0 0 1 127 29 0000c2b1 1
0 0 1 33 51 0000d114 1
0 0 1 -6 115 0000d7a7 1
0 0 1 14 -8 0000d4f5 1
0 0 1 110 -17 0000d485 1
0 0 1 17 -51 0000cd37 1
0 0 1 -29 22 0000c9d4 1
0 0 1 -80 108 0000c756 1
0 0 1 79 114 0000a596 1
0 0 1 -94 13 0000c8c4 1
0 0 1 -18 73 0000c3fe 1
0 0 1 -100 -78 0000bedc 1
0 0 1 91 -4 0000dd54 1
0 0 1 -82 49 0000dbe8 1
0 0 1 -51 60 0000cc36 1
0 0 1 41 99 0000c042 1
0 0 1 -51 94 0000d01d 1
0 0 1 100 -96 0000bd63 1
0 0 1 112 -105 000097e3 1
0 0 1 110 -47 000069f3 1
0 0 1 37 82 000055c1 1
0 0 1 84 7 0000619b 1
0 0 1 -28 79 000063e7 1
0 0 1 -84 52 00005b43 1
0 0 1 20 -71 00004a33 1
0 0 1 -61 75 000044a7 1
0 0 1 -16 92 000032c8 1
0 0 1 1 -36 00002d08 1
0 0 1 89 -83 00002ce4 1
0 0 1 121 5 00001009 1
0 0 1 -40 -39 00001266 1
0 0 1 56 -67 0000187e 1
0 0 1 57 -68 000009d6 1
0 0 1 89 -114 fffffab2 1
0 0 1 33 19 ffffd310 1
0 0 1 90 43 ffffd583 1
0 0 1 67 48 ffffe4a1 1
0 0 1 -72 74 fffff131 1
0 0 1 75 63 ffffdc61 1
0 0 1 -75 106 ffffeed6 1
0 0 1 -63 42 ffffcfc8 1
0 0 1 -45 -75 ffffc572 1
0 0 1 57 4 ffffd2a1 1
0 0 1 -86 -69 ffffd385 1
0 0 1 -81 69 ffffeab3 1
0 0 1 45 75 ffffd4de 1
0 0 1 -119 103 ffffe20d 1
0 0 1 124 -35 ffffb22c 1
0 0 1 -64 94 ffffa138 1
0 0 1 101 23 ffff89b8 1
0 0 1 102 -83 ffff92cb 1
0 0 1 50 -80 ffff71b9 1
0 0 1 99 -45 ffff6219 1
0 0 1 69 -66 ffff50b2 1
0 0 1 -109 -83 ffff3ee8 1
0 0 1 -11 15 ffff623f 1
0 0 1 -8 96 ffff619a 1
0 0 1 -41 12 ffff5e9a 1
0 0 1 -71 81 ffff5cae 1
0 0 1 86 -43 ffff4637 1
0 0 1 -76 102 ffff37c5 1
0 0 1 -51 69 ffff197d 1
0 0 1 -47 35 ffff0bbe 1
0 0 1 21 59 ffff0551 1
0 0 1 28 104 ffff0a28 1
0 0 1 33 95 ffff1588 1
0 0 1 2 18 ffff21c7 1
0 0 1 -19 125 ffff21eb 1
0 0 1 -45 106 ffff18a4 1
0 0 1 -35 -111 ffff0602 1
0 0 1 -9 63 ffff152f 1
0 0 1 43 51 ffff12f8 1
0 0 1 -2 28 ffff1b89 1
0 0 1 14 103 ffff1b51 1
0 0 1 -123 12 ffff20f3 1
0 0 1 79 -83 ffff1b2f 1
0 0 1 -69 -115 ffff0192 1
0 0 1 -37 68 ffff2091 1
0 0 1 105 58 ffff16bd 1
0 0 1 -35 -86 ffff2e87 1
0 0 1 -85 -87 ffff3a49 1
0 0 1 81 -41 ffff572c 1
0 0 1 -73 -39 ffff4a33 1
0 0 1 -77 114 ffff5552 1
0 0 1 69 54 ffff3308 1
0 0 1 6 58 ffff4196 1
0 0 1 -33 59 ffff42f2 1
0 0 1 -61 -34 ffff3b57 1
0 0 1 30 92 ffff4371 1
0 0 1 -20 63 ffff4e39 1
0 0 1 -20 12 ffff494d 1
0 0 1 -126 -14 ffff485d 1
0 0 1 -34 -72 ffff4f41 1
0 0 1 70 116 ffff58d1 1
0 0 1 -88 -123 ffff7889 1
0 0 1 -24 68 ffffa2d1 1
0 0 1 -40 -13 ffff9c71 1
0 0 1 -91 -11 ffff9e79 1
0 0 0 37 -83 ffffa262 1
0 0 0 -49 72 ffffa262 0
