1 0 0 0 0 00000000 0
1 0 0 0 0 00000000 0
1 0 0 0 0 00000000 0
0 0 1 0 77 00000000 0
0 0 1 0 118 00000000 1
0 0 1 0 46 00000000 1
0 0 1 -71 0 00000000 1
0 0 1 0 60 00000000 1
0 0 1 21 0 00000000 1
0 0 1 -47 -69 00000000 1
0 0 1 0 -91 00000cab 1
0 0 1 0 -111 00000cab 1
0 0 1 -110 -91 00000cab 1
0 0 1 0 103 000033c5 1
0 0 1 -72 107 000033c5 1
0 0 1 75 66 000015ad 1
0 0 1 8 0 00002903 1
0 0 1 -6 0 00002903 1
0 0 1 -83 0 00002903 1
0 0 1 89 -98 00002903 1
0 0 1 -100 -48 000006f1 1
0 0 1 36 0 000019b1 1
0 0 1 81 0 000019b1 1
0 0 1 -106 -15 000019b1 1
0 0 1 -26 0 00001fe7 1
0 0 1 72 0 00001fe7 1
0 0 1 0 30 00001fe7 1
0 0 1 0 -125 00001fe7 1
0 0 1 -27 0 00001fe7 1
0 0 1 -5 -104 00001fe7 1
0 0 1 78 96 000021ef 1
0 0 1 -114 -108 00003f2f 1
0 0 1 0 -87 00006f47 1
0 0 1 -36 -61 00006f47 1
0 0 1 109 89 000077db 1
0 0 1 0 -52 00009dc0 1
0 0 1 -29 0 00009dc0 1
0 0 1 94 -16 00009dc0 1
0 0 1 0 -35 000097e0 1
0 0 1 0 32 000097e0 1
0 0 1 -20 0 000097e0 1
0 0 1 8 0 000097e0 1
0 0 1 -43 111 000097e0 1
0 0 1 -128 -84 0000853b 1
0 0 1 0 121 0000af3b 1
0 0 1 0 30 0000af3b 1
0 0 1 0 104 0000af3b 1
0 0 1 0 -59 0000af3b 1
0 0 1 -124 0 0000af3b 1
0 0 1 0 -34 0000af3b 1
0 0 1 77 0 0000af3b 1
0 0 1 -127 -67 0000af3b 1
0 0 1 0 4 0000d078 1
0 0 1 -62 109 0000d078 1
0 0 1 -47 -5 0000b612 1
0 0 1 124 -69 0000b6fd 1
0 0 1 -119 0 00009591 1
0 0 1 59 0 00009591 1
0 0 1 55 0 00009591 1
0 0 1 -71 0 00009591 1
0 0 1 0 100 00009591 1
0 0 1 -115 0 00009591 1
0 0 1 -119 13 00009591 1
0 0 1 0 -34 00008f86 1
0 0 1 6 0 00008f86 1
0 0 1 -22 0 00008f86 1
0 0 1 -111 0 00008f86 1
0 0 1 21 97 00008f86 1
0 0 1 7 0 0000977b 1
0 0 1 30 0 0000977b 1
0 0 1 0 -59 0000977b 1
0 0 1 -10 0 0000977b 1
0 0 1 34 0 0000977b 1
0 0 1 -39 -13 0000977b 1
0 0 1 7 0 00009976 1
0 0 1 -4 64 00009976 1
0 0 1 -109 77 00009876 1
0 0 1 10 3 000077ad 1
0 0 1 0 -3 000077cb 1
0 0 1 0 5 000077cb 1
0 0 1 -82 0 000077cb 1
0 0 1 -16 -59 000077cb 1
0 0 1 -77 0 00007b7b 1
0 0 1 -7 0 00007b7b 1
0 0 1 70 -113 00007b7b 1
0 0 1 -2 -16 00005c95 1
0 0 1 -21 68 00005cb5 1
0 0 1 103 0 00005721 1
0 0 1 100 -58 00005721 1
0 0 1 0 -115 00004079 1
0 0 1 17 0 00004079 1
0 0 1 -2 -9 00004079 1
0 0 1 -106 0 0000408b 1
0 0 1 12 -76 0000408b 1
0 0 1 -83 38 00003cfb 1
0 0 1 -117 0 000030a9 1
0 0 1 -127 0 000030a9 1
0 0 1 18 -42 000030a9 1
0 0 1 -50 10 00002db5 1
0 0 1 0 42 00002bc1 1
0 0 1 95 0 00002bc1 1
0 0 1 0 -115 00002bc1 1
0 0 1 0 13 00002bc1 1
0 0 1 -15 -20 00002bc1 1
0 0 1 0 -115 00002ced 1
0 0 1 21 89 00002ced 1
0 0 1 0 -64 0000343a 1
0 0 1 0 56 0000343a 1
0 0 1 0 34 0000343a 1
0 0 1 0 -4 0000343a 1
0 0 1 0 -112 0000343a 1
0 0 1 0 30 0000343a 1
0 0 1 0 -114 0000343a 1
0 0 1 -126 0 0000343a 1
0 0 1 -22 0 0000343a 1
0 0 1 -113 125 0000343a 1
0 0 1 -67 0 fffffd0d 1
0 0 1 0 -124 fffffd0d 1
0 0 1 6 0 fffffd0d 1
0 0 1 3 53 fffffd0d 1
0 0 1 67 96 fffffdac 1
0 0 1 -93 0 000016cc 1
0 0 1 69 0 000016cc 1
0 0 1 54 108 000016cc 1
0 0 1 -81 -93 00002d94 1
0 0 1 111 33 00004b01 1
0 0 1 20 0 00005950 1
0 0 1 0 -104 00005950 1
0 0 1 -9 80 00005950 1
0 0 1 31 0 00005680 1
0 0 1 0 -60 00005680 1
0 0 1 -98 46 00005680 1
0 0 1 -124 97 000044e4 1
0 0 1 0 71 000015e8 1
0 0 1 -112 13 000015e8 1
0 0 1 -30 -117 00001038 1
0 0 1 115 0 00001dee 1
0 0 1 0 -52 00001dee 1
0 0 1 -84 106 00001dee 1
0 0 1 -113 -85 fffffb26 1
0 0 1 0 75 000020ab 1
0 0 1 0 73 000020ab 1
0 0 1 125 0 000020ab 1
0 0 1 71 0 000020ab 1
0 0 1 -50 0 000020ab 1
0 0 1 0 -26 000020ab 1
0 0 1 0 86 000020ab 1
0 0 1 0 11 000020ab 1
0 0 1 -13 0 000020ab 1
0 0 1 -78 14 000020ab 1
0 0 1 -107 -112 00001c67 1
0 0 1 0 -88 00004b37 1
0 0 1 49 8 00004b37 1
0 0 1 -50 0 00004cbf 1
0 0 1 0 -86 00004cbf 1
0 0 1 36 22 00004cbf 1
0 0 1 0 -95 00004fd7 1
0 0 1 0 104 00004fd7 1
0 0 1 1 0 00004fd7 1
0 0 1 36 75 00004fd7 1
0 0 1 -71 0 00005a63 1
0 0 1 0 -97 00005a63 1
0 0 1 0 -41 00005a63 1
0 0 1 62 0 00005a63 1
0 0 1 0 121 00005a63 1
0 0 1 -122 -58 00005a63 1
0 0 1 51 0 00007607 1
0 0 1 121 82 00007607 1
0 0 1 0 -94 00009cc9 1
0 0 1 122 0 00009cc9 1
0 0 1 45 42 00009cc9 1
0 0 1 0 76 0000a42b 1
0 0 1 -65 -2 0000a42b 1
0 0 1 -99 0 0000a4ad 1
0 0 1 -112 79 0000a4ad 1
0 0 1 0 -108 0000821d 1
0 0 1 1 27 0000821d 1
0 0 1 -119 0 00008238 1
0 0 1 121 -16 00008238 1
0 0 1 12 0 00007aa8 1
0 0 1 0 45 00007aa8 1
0 0 1 58 0 00007aa8 1
0 0 1 0 -70 00007aa8 1
0 0 1 -63 0 00007aa8 1
0 0 1 -5 0 00007aa8 1
0 0 1 -109 15 00007aa8 1
0 0 1 -20 -109 00007445 1
0 0 1 -78 0 00007cc9 1
0 0 1 -14 -43 00007cc9 1
0 0 1 0 118 00007f23 1
0 0 1 -98 0 00007f23 1
0 0 1 9 72 00007f23 1
0 0 1 -127 0 000081ab 1
0 0 1 -8 0 000081ab 1
0 0 1 0 -41 000081ab 1
0 0 1 -97 49 000081ab 1
0 0 1 65 33 00006f1a 1
0 0 1 -76 -43 0000777b 1
0 0 1 37 76 0000843f 1
0 0 1 -91 0 00008f3b 1
0 0 1 91 115 00008f3b 1
0 0 1 70 0 0000b81c 1
0 0 1 13 13 0000b81c 1
0 0 1 81 0 0000b8c5 1
0 0 1 -70 48 0000b8c5 1
0 0 1 67 -89 0000aba5 1
0 0 1 49 0 0000945a 1
0 0 1 93 0 0000945a 1
0 0 1 0 50 0000945a 1
0 0 1 -14 0 0000945a 1
0 0 1 73 -10 0000945a 1
0 0 1 89 0 00009180 1
0 0 1 -99 -55 00009180 1
0 0 1 97 -16 0000a6c5 1
0 0 1 70 -15 0000a0b5 1
0 0 1 0 -24 00009c9b 1
0 0 1 0 4 00009c9b 1
0 0 1 0 87 00009c9b 1
0 0 1 36 93 00009c9b 1
0 0 1 54 0 0000a9af 1
0 0 1 111 0 0000a9af 1
0 0 1 -125 35 0000a9af 1
0 0 1 -70 0 00009898 1
0 0 1 0 -9 00009898 1
0 0 1 -76 116 00009898 1
0 0 1 1 0 00007628 1
0 0 1 13 0 00007628 1
0 0 1 -120 -18 00007628 1
0 0 1 -75 0 00007e98 1
0 0 1 -36 0 00007e98 1
0 0 1 0 62 00007e98 1
0 0 1 107 0 00007e98 1
0 0 1 -66 0 00007e98 1
0 0 1 7 0 00007e98 1
0 0 1 -51 0 00007e98 1
0 0 1 0 -82 00007e98 1
0 0 1 0 84 00007e98 1
0 0 1 -84 -14 00007e98 1
0 0 1 0 29 00008330 1
0 0 1 0 84 00008330 1
0 0 1 83 0 00008330 1
0 0 1 75 82 00008330 1
0 0 1 0 112 00009b36 1
0 0 1 103 0 00009b36 1
0 0 1 -24 -90 00009b36 1
0 0 1 64 -25 0000a3a6 1
0 0 1 0 13 00009d66 1
0 0 1 -36 69 00009d66 1
0 0 1 -33 62 000093b2 1
0 0 1 81 -24 00008bb4 1
0 0 1 0 120 0000841c 1
0 0 1 25 119 0000841c 1
0 0 1 -82 -101 00008fbb 1
0 0 1 0 -52 0000b015 1
0 0 1 0 -53 0000b015 1
0 0 1 124 -105 0000b015 1
0 0 1 0 -61 00007d39 1
0 0 1 0 17 00007d39 1
0 0 1 -76 -12 00007d39 1
0 0 1 47 97 000080c9 1
0 0 1 0 122 00009298 1
0 0 1 102 5 00009298 1
0 0 1 -50 0 00009496 1
0 0 1 0 51 00009496 1
0 0 1 0 -97 00009496 1
0 0 1 5 113 00009496 1
0 0 1 0 21 000096cb 1
0 0 1 88 10 000096cb 1
0 0 1 88 119 00009a3b 1
0 0 1 90 -119 0000c323 1
0 0 1 -43 0 0000994d 1
0 0 1 -81 -89 0000994d 1
0 0 1 70 -94 0000b576 1
0 0 1 56 -41 00009bc2 1
0 0 1 103 0 000092ca 1
0 0 1 -12 44 000092ca 1
0 0 1 0 67 000090ba 1
0 0 1 0 21 000090ba 1
0 0 1 -12 -63 000090ba 1
0 0 1 0 55 000093ae 1
0 0 1 0 59 000093ae 1
0 0 1 52 -35 000093ae 1
0 0 1 0 -32 00008c92 1
0 0 1 -71 0 00008c92 1
0 0 1 75 -88 00008c92 1
0 0 1 0 -31 000072ca 1
0 0 1 -14 0 000072ca 1
0 0 1 92 -92 000072ca 1
0 0 1 0 83 000051ba 1
0 0 1 0 68 000051ba 1
0 0 1 40 0 000051ba 1
0 0 1 -84 0 000051ba 1
0 0 1 44 -21 000051ba 1
0 0 1 0 118 00004e1e 1
0 0 1 92 0 00004e1e 1
0 0 1 0 -20 00004e1e 1
0 0 1 91 51 00004e1e 1
0 0 1 0 -14 0000603f 1
0 0 1 120 -111 0000603f 1
0 0 1 -21 42 00002c37 1
0 0 1 121 0 000028c5 1
0 0 1 -101 -43 000028c5 1
0 0 1 -127 96 000039bc 1
0 0 1 31 109 00000a1c 1
0 0 1 0 34 0000174f 1
0 0 1 -23 -90 0000174f 1
0 0 1 -93 -119 00001f65 1
0 0 1 -12 33 00004aa0 1
0 0 1 102 91 00004914 1
0 0 1 102 0 00006d56 1
0 0 1 -96 -102 00006d56 1
0 0 1 -56 119 00009396 1
0 0 1 -95 -79 0000798e 1
0 0 1 49 0 000096df 1
0 0 1 -25 0 000096df 1
0 0 1 -41 62 000096df 1
0 0 1 8 0 00008cf1 1
0 0 1 -93 -108 00008cf1 1
0 0 1 0 -47 0000b42d 1
0 0 1 -1 0 0000b42d 1
0 0 1 0 86 0000b42d 1
0 0 1 -64 -21 0000b42d 1
0 0 1 -86 0 0000b96d 1
0 0 1 0 -36 0000b96d 1
0 0 1 0 -50 0000b96d 1
0 0 1 40 0 0000b96d 1
0 0 1 0 -126 0000b96d 1
0 0 1 0 91 0000b96d 1
0 0 1 -7 123 0000b96d 1
0 0 1 -30 0 0000b610 1
0 0 1 25 48 0000b610 1
0 0 1 -29 0 0000bac0 1
0 0 1 -13 0 0000bac0 1
0 0 1 0 -24 0000bac0 1
0 0 1 0 -89 0000bac0 1
0 0 1 -92 0 0000bac0 1
0 0 1 0 -25 0000bac0 1
0 0 1 -118 0 0000bac0 1
0 0 1 0 -85 0000bac0 1
0 0 1 -69 0 0000bac0 1
0 0 1 -11 -41 0000bac0 1
0 0 1 -85 0 0000bc83 1
0 0 1 0 -10 0000bc83 1
0 0 1 83 32 0000bc83 1
0 0 1 28 0 0000c6e3 1
0 0 1 -94 0 0000c6e3 1
0 0 1 -101 80 0000c6e3 1
0 0 1 0 4 0000a753 1
0 0 1 75 0 0000a753 1
0 0 1 0 124 0000a753 1
0 0 1 0 30 0000a753 1
0 0 1 -48 -43 0000a753 1
0 0 1 -110 -14 0000af63 1
0 0 1 -80 64 0000b567 1
0 0 1 0 106 0000a167 1
0 0 1 0 -49 0000a167 1
0 0 1 -34 121 0000a167 1
0 0 1 8 -17 00009155 1
0 0 1 0 123 000090cd 1
0 0 1 -66 0 000090cd 1
0 0 1 -31 -90 000090cd 1
0 0 1 -59 0 00009bb3 1
0 0 1 0 40 00009bb3 1
0 0 1 -6 0 00009bb3 1
0 0 1 0 -62 00009bb3 1
0 0 1 0 -2 00009bb3 1
0 0 1 0 -18 00009bb3 1
0 0 1 -83 0 00009bb3 1
0 0 1 0 -79 00009bb3 1
0 0 1 -94 19 00009bb3 1
0 0 1 -88 8 000094b9 1
0 0 1 0 65 000091f9 1
0 0 1 -100 0 000091f9 1
0 0 1 0 -123 000091f9 1
0 0 1 -27 0 000091f9 1
0 0 1 -122 0 000091f9 1
0 0 1 -84 -111 000091f9 1
0 0 1 -29 0 0000b665 1
0 0 1 100 120 0000b665 1
0 0 1 -22 0 0000e545 1
0 0 1 57 -55 0000e545 1
0 0 1 105 -88 0000d906 1
0 0 1 -80 0 0000b4ee 1
0 0 1 -98 -47 0000b4ee 1
0 0 1 122 0 0000c6ec 1
0 0 1 51 0 0000c6ec 1
0 0 1 -102 -125 0000c6ec 1
0 0 1 111 0 0000f8ba 1
0 0 1 0 115 0000f8ba 1
0 0 1 -72 -114 0000f8ba 1
0 0 1 0 -56 000118ca 1
0 0 1 24 0 000118ca 1
0 0 1 0 55 000118ca 1
0 0 1 0 7 000118ca 1
0 0 1 -49 95 000118ca 1
0 0 1 0 -57 0001069b 1
0 0 1 0 81 0001069b 1
0 0 1 0 16 0001069b 1
0 0 1 -11 12 0001069b 1
0 0 1 -77 46 00010617 1
0 0 1 46 123 0000f841 1
0 0 1 109 -37 00010e5b 1
0 0 1 0 30 0000fe9a 1
0 0 1 35 -113 0000fe9a 1
0 0 1 52 -88 0000ef27 1
0 0 1 0 84 0000dd47 1
0 0 1 41 -5 0000dd47 1
0 0 1 -38 0 0000dc7a 1
0 0 1 0 55 0000dc7a 1
0 0 1 -35 0 0000dc7a 1
0 0 1 10 0 0000dc7a 1
0 0 1 47 0 0000dc7a 1
0 0 1 0 -124 0000dc7a 1
0 0 1 63 -72 0000dc7a 1
0 0 1 -120 8 0000cac2 1
0 0 1 93 0 0000c702 1
0 0 1 110 -13 0000c702 1
0 0 1 0 70 0000c16c 1
0 0 1 -40 46 0000c16c 1
0 0 1 19 0 0000ba3c 1
0 0 1 -38 0 0000ba3c 1
0 0 1 3 0 0000ba3c 1
0 0 1 78 -66 0000ba3c 1
0 0 1 -97 0 0000a620 1
0 0 1 -71 0 0000a620 1
0 0 1 -14 0 0000a620 1
0 0 1 79 25 0000a620 1
0 0 1 -108 0 0000add7 1
0 0 1 102 0 0000add7 1
0 0 1 -89 0 0000add7 1
0 0 1 -96 16 0000add7 1
0 0 1 -37 -73 0000a7d7 1
0 0 1 0 109 0000b264 1
0 0 1 -122 66 0000b264 1
0 0 1 -112 -70 000092f0 1
0 0 1 -45 8 0000b190 1
0 0 1 -71 -17 0000b028 1
0 0 1 0 -49 0000b4df 1
0 0 1 0 99 0000b4df 1
0 0 1 67 0 0000b4df 1
0 0 1 0 56 0000b4df 1
0 0 1 0 9 0000b4df 1
0 0 1 33 0 0000b4df 1
0 0 1 56 2 0000b4df 1
0 0 1 86 86 0000b54f 1
0 0 1 115 0 0000d233 1
0 0 1 14 123 0000d233 1
0 0 1 44 0 0000d8ed 1
0 0 1 0 3 0000d8ed 1
0 0 1 0 -12 0000d8ed 1
0 0 1 0 11 0000d8ed 1
0 0 1 58 76 0000d8ed 1
0 0 1 0 48 0000ea25 1
0 0 1 54 0 0000ea25 1
0 0 1 52 107 0000ea25 1
0 0 1 0 -110 0000ffe1 1
0 0 1 -3 125 0000ffe1 1
0 0 1 60 0 0000fe6a 1
0 0 1 -124 -116 0000fe6a 1
0 0 1 -100 113 0001369a 1
0 0 1 -5 0 00010a76 1
0 0 1 70 0 00010a76 1
0 0 1 78 0 00010a76 1
0 0 1 85 -56 00010a76 1
0 0 1 61 -22 0000f7de 1
0 0 1 0 -20 0000f2a0 1
0 0 1 112 0 0000f2a0 1
0 0 1 -86 68 0000f2a0 1
0 0 1 0 -60 0000dbc8 1
0 0 1 0 44 0000dbc8 1
0 0 1 -47 97 0000dbc8 1
0 0 1 -84 -95 0000c9f9 1
0 0 1 -57 0 0000e925 1
0 0 1 0 -125 0000e925 1
0 0 1 66 88 0000e925 1
0 0 1 79 17 0000ffd5 1
0 0 1 92 86 00010514 1
0 0 1 0 -49 000123fc 1
0 0 1 74 0 000123fc 1
0 0 1 96 -67 000123fc 1
0 0 1 -79 0 00010adc 1
0 0 1 112 57 00010adc 1
0 0 1 -35 9 000123cc 1
0 0 1 0 41 00012291 1
0 0 1 118 -55 00012291 1
0 0 1 -105 0 00010937 1
0 0 1 -67 0 00010937 1
0 0 1 -9 0 00010937 1
0 0 1 12 -117 00010937 1
0 0 1 7 50 000103bb 1
0 0 1 80 -11 00010519 1
0 0 1 0 108 000101a9 1
0 0 1 62 20 000101a9 1
0 0 1 0 -39 00010681 1
0 0 1 -73 -84 00010681 1
0 0 1 -110 108 00011e75 1
0 0 1 0 -91 0000f00d 1
0 0 1 29 -20 0000f00d 1
0 0 1 65 51 0000edc9 1
0 0 1 105 0 0000fabc 1
0 0 1 -4 109 0000fabc 1
0 0 1 52 -113 0000f908 1
0 0 1 48 126 0000e214 1
0 0 1 0 -104 0000f9b4 1
0 0 1 14 0 0000f9b4 1
0 0 1 0 -61 0000f9b4 1
0 0 1 0 43 0000f9b4 1
0 0 1 0 -43 0000f9b4 1
0 0 1 0 -66 0000f9b4 1
0 0 1 -54 0 0000f9b4 1
0 0 1 -72 0 0000f9b4 1
0 0 1 0 44 0000f9b4 1
0 0 1 -51 0 0000f9b4 1
0 0 1 18 -32 0000f9b4 1
0 0 1 3 0 0000f774 1
0 0 1 83 24 0000f774 1
0 0 1 0 -34 0000ff3c 1
0 0 1 0 -24 0000ff3c 1
0 0 1 -25 49 0000ff3c 1
0 0 1 42 0 0000fa73 1
0 0 1 -38 -58 0000fa73 1
0 0 1 -16 -38 0001030f 1
0 0 1 0 -127 0001056f 1
0 0 1 36 -69 0001056f 1
0 0 1 -25 -120 0000fbbb 1
0 0 1 106 0 00010773 1
0 0 1 36 16 00010773 1
0 0 1 99 0 000109b3 1
0 0 1 0 110 000109b3 1
0 0 1 19 0 000109b3 1
0 0 1 80 0 000109b3 1
0 0 1 -2 -64 000109b3 1
0 0 1 0 100 00010a33 1
0 0 1 0 93 00010a33 1
0 0 1 -22 0 00010a33 1
0 0 1 -117 99 00010a33 1
0 0 1 -65 14 0000dcf4 1
0 0 1 73 0 0000d966 1
0 0 1 0 -104 0000d966 1
0 0 1 -113 -127 0000d966 1
0 0 1 0 104 00011175 1
0 0 1 0 70 00011175 1
0 0 1 115 0 00011175 1
0 0 1 0 -70 00011175 1
0 0 1 -31 -96 00011175 1
0 0 1 53 0 00011d15 1
0 0 1 0 14 00011d15 1
0 0 1 10 0 00011d15 1
0 0 1 123 0 00011d15 1
0 0 1 0 126 00011d15 1
0 0 1 6 59 00011d15 1
0 0 1 73 94 00011e77 1
0 0 1 -63 0 00013945 1
0 0 1 0 -4 00013945 1
0 0 1 0 112 00013945 1
0 0 1 0 -44 00013945 1
0 0 1 25 -27 00013945 1
0 0 1 56 0 000136a2 1
0 0 1 4 42 000136a2 1
0 0 1 15 -47 0001374a 1
0 0 1 0 106 00013489 1
0 0 1 0 39 00013489 1
0 0 1 0 -20 00013489 1
0 0 1 -29 0 00013489 1
0 0 1 0 -83 00013489 1
0 0 1 28 0 00013489 1
0 0 1 86 22 00013489 1
0 0 1 -100 46 00013bed 1
0 0 1 0 30 000129f5 1
0 0 1 0 -22 000129f5 1
0 0 1 0 12 000129f5 1
0 0 1 39 0 000129f5 1
0 0 1 21 127 000129f5 1
0 0 1 73 101 00013460 1
0 0 1 -71 0 0001512d 1
0 0 1 -67 -8 0001512d 1
0 0 1 -74 0 00015345 1
0 0 1 98 0 00015345 1
0 0 1 0 42 00015345 1
0 0 1 -83 -76 00015345 1
0 0 1 -88 46 00016be9 1
0 0 1 0 94 00015c19 1
0 0 1 49 -39 00015c19 1
0 0 1 0 -110 000154a2 1
0 0 1 -101 0 000154a2 1
0 0 1 0 7 000154a2 1
0 0 1 -94 0 000154a2 1
0 0 1 -74 0 000154a2 1
0 0 1 0 -39 000154a2 1
0 0 1 40 15 000154a2 1
0 0 1 0 -63 000156fa 1
0 0 1 3 0 000156fa 1
0 0 1 13 126 000156fa 1
0 0 1 -87 93 00015d60 1
0 0 1 74 -27 00013dc5 1
0 0 1 -38 0 000135f7 1
0 0 1 0 92 000135f7 1
0 0 1 38 -126 000135f7 1
0 0 1 -57 0 00012343 1
0 0 1 -111 103 00012343 1
0 0 1 65 0 0000f69a 1
0 0 1 -20 0 0000f69a 1
0 0 1 -107 6 0000f69a 1
0 0 1 -45 0 0000f418 1
0 0 1 -78 87 0000f418 1
0 0 1 0 -79 0000d996 1
0 0 1 0 74 0000d996 1
0 0 1 18 -91 0000d996 1
0 0 1 0 13 0000d330 1
0 0 1 -10 -128 0000d330 1
0 0 1 -5 75 0000d830 1
0 0 1 0 -5 0000d6b9 1
0 0 1 0 111 0000d6b9 1
0 0 1 -54 -100 0000d6b9 1
0 0 1 0 12 0000ebd1 1
0 0 1 60 -72 0000ebd1 1
0 0 1 -64 0 0000daf1 1
0 0 1 92 0 0000daf1 1
0 0 1 0 -63 0000daf1 1
0 0 1 106 92 0000daf1 1
0 0 1 0 -68 00010109 1
0 0 1 0 50 00010109 1
0 0 1 -33 0 00010109 1
0 0 1 -93 48 00010109 1
0 0 1 0 27 0000ef99 1
0 0 1 -25 63 0000ef99 1
0 0 1 -56 0 0000e972 1
0 0 1 0 -6 0000e972 1
0 0 1 35 -88 0000e972 1
0 0 1 0 66 0000dd6a 1
0 0 1 94 66 0000dd6a 1
0 0 1 47 0 0000f5a6 1
0 0 1 -23 0 0000f5a6 1
0 0 1 -118 -81 0000f5a6 1
0 0 1 53 29 00011afc 1
0 0 1 -45 -105 000120fd 1
0 0 1 -72 0 00013372 1
0 0 1 -119 -98 00013372 1
0 0 1 -31 -70 00016100 1
0 0 1 121 -50 0001697a 1
0 0 1 74 0 000151d8 1
0 0 1 -120 20 000151d8 1
0 0 1 24 -56 00014878 1
0 0 1 32 77 00014338 1
0 0 1 0 -101 00014cd8 1
0 0 1 0 -46 00014cd8 1
0 0 1 -69 -128 00014cd8 1
0 0 1 0 107 00016f58 1
0 0 1 0 20 00016f58 1
0 0 1 106 -104 00016f58 1
0 0 1 0 -25 00014448 1
0 0 1 -12 107 00014448 1
0 0 1 0 8 00013f44 1
0 0 1 97 92 00013f44 1
0 0 1 -2 -111 00016220 1
0 0 1 30 -34 000162fe 1
0 0 1 0 -100 00015f02 1
0 0 1 0 19 00015f02 1
0 0 1 -52 -71 00015f02 1
0 0 1 0 -126 00016d6e 1
0 0 1 122 121 00016d6e 1
0 0 1 0 5 0001a718 1
0 0 1 -42 0 0001a718 1
0 0 1 95 37 0001a718 1
0 0 1 48 0 0001b4d3 1
0 0 1 0 79 0001b4d3 1
0 0 1 -5 91 0001b4d3 1
0 0 1 59 0 0001b30c 1
0 0 1 0 -70 0001b30c 1
0 0 1 -45 -67 0001b30c 1
0 0 1 0 -20 0001bed3 1
0 0 1 -40 33 0001bed3 1
0 0 1 0 -104 0001b9ab 1
0 0 1 -82 33 0001b9ab 1
0 0 1 65 -94 0001af19 1
0 0 1 101 0 0001973b 1
0 0 1 -126 60 0001973b 1
0 0 1 0 29 000179b3 1
0 0 1 -35 101 000179b3 1
0 0 1 0 16 00016be4 1
0 0 1 -125 0 00016be4 1
0 0 1 -65 -55 00016be4 1
0 0 1 0 -44 000179db 1
0 0 1 51 31 000179db 1
0 0 1 87 0 00018008 1
0 0 1 0 -82 00018008 1
0 0 1 -47 114 00018008 1
0 0 1 0 91 00016b1a 1
0 0 1 -113 0 00016b1a 1
0 0 1 -10 -114 00016b1a 1
0 0 1 -51 0 00016f8e 1
0 0 1 54 -97 00016f8e 1
0 0 1 -23 -72 00015b18 1
0 0 1 0 77 00016190 1
0 0 1 104 33 00016190 1
0 0 1 77 103 00016ef8 1
0 0 1 -63 -43 00018df3 1
0 0 1 36 124 00019888 1
0 0 1 -71 19 0001a9f8 1
0 0 1 73 -69 0001a4b3 1
0 0 1 -100 71 00019106 1
0 0 1 -121 57 0001754a 1
0 0 1 8 0 00015a59 1
0 0 1 0 56 00015a59 1
0 0 1 51 -120 00015a59 1
0 0 1 0 78 00014271 1
0 0 1 0 -73 00014271 1
0 0 1 53 0 00014271 1
0 0 1 0 99 00014271 1
0 0 1 -57 112 00014271 1
0 0 1 34 0 00012981 1
0 0 1 -92 -36 00012981 1
0 0 1 -90 -69 00013671 1
0 0 1 57 0 00014eb3 1
0 0 1 -26 -107 00014eb3 1
0 0 1 75 0 00015991 1
0 0 1 -83 109 00015991 1
0 0 1 -61 0 0001363a 1
0 0 1 0 16 0001363a 1
0 0 1 99 0 0001363a 1
0 0 1 -78 117 0001363a 1
0 0 1 -74 -14 00011294 1
0 0 1 0 92 000116a0 1
0 0 1 -23 0 000116a0 1
0 0 1 0 -113 000116a0 1
0 0 1 0 -70 000116a0 1
0 0 1 -86 0 000116a0 1
0 0 1 -30 0 000116a0 1
0 0 1 -74 0 000116a0 1
0 0 1 0 97 000116a0 1
0 0 1 -102 -14 000116a0 1
0 0 1 0 -114 00011c34 1
0 0 1 0 -59 00011c34 1
0 0 1 5 0 00011c34 1
0 0 1 41 91 00011c34 1
0 0 1 29 0 00012ac7 1
0 0 1 0 116 00012ac7 1
0 0 1 -65 0 00012ac7 1
0 0 1 122 11 00012ac7 1
0 0 1 -9 0 00013005 1
0 0 1 -55 0 00013005 1
0 0 1 -36 102 00013005 1
0 0 1 -113 0 000121ad 1
0 0 1 46 0 000121ad 1
0 0 1 -79 -87 000121ad 1
0 0 1 -82 112 00013c86 1
0 0 1 0 -98 000118a6 1
0 0 1 -123 0 000118a6 1
0 0 1 116 -43 000118a6 1
0 0 1 77 -2 0001052a 1
0 0 1 -21 -78 00010490 1
0 0 1 -10 83 00010af6 1
0 0 1 9 -104 000107b8 1
0 0 1 92 -24 00010410 1
0 0 1 2 -30 0000fb70 1
0 0 1 -20 -100 0000fb34 1
0 0 1 -79 -31 00010304 1
0 0 1 127 57 00010c95 1
0 0 1 -27 73 000128dc 1
0 0 1 35 0 00012129 1
0 0 1 -15 93 00012129 1
0 0 1 -63 0 00011bb6 1
0 0 1 64 0 00011bb6 1
0 0 1 -42 0 00011bb6 1
0 0 1 -106 0 00011bb6 1
0 0 1 43 -58 00011bb6 1
0 0 1 0 23 000111f8 1
0 0 1 70 -61 000111f8 1
0 0 1 43 76 0001014a 1
0 0 1 -86 58 00010e0e 1
0 0 1 16 0 0000fa92 1
0 0 1 113 99 0000fa92 1
0 0 1 0 10 00012645 1
0 0 1 -128 -48 00012645 1
0 0 1 -82 0 00013e45 1
0 0 1 0 -6 00013e45 1
0 0 1 35 0 00013e45 1
0 0 1 -69 0 00013e45 1
0 0 1 90 15 00013e45 1
0 0 1 0 -109 0001438b 1
0 0 1 87 82 0001438b 1
0 0 1 0 101 00015f69 1
0 0 1 121 0 00015f69 1
0 0 1 -37 0 00015f69 1
0 0 1 97 -15 00015f69 1
0 0 1 58 0 000159ba 1
0 0 1 0 124 000159ba 1
0 0 1 48 125 000159ba 1
0 0 1 60 0 0001712a 1
0 0 1 0 74 0001712a 1
0 0 1 0 66 0001712a 1
0 0 1 0 -29 0001712a 1
0 0 1 0 -93 0001712a 1
0 0 1 7 -82 0001712a 1
0 0 1 105 0 00016eec 1
0 0 1 0 112 00016eec 1
0 0 1 83 59 00016eec 1
0 0 1 -125 -23 0001820d 1
0 0 1 105 -96 00018d48 1
0 0 1 0 77 000165e8 1
0 0 1 -56 0 000165e8 1
0 0 1 -119 50 000165e8 1
0 0 1 103 0 00014eaa 1
0 0 1 0 23 00014eaa 1
0 0 1 -124 29 00014eaa 1
0 0 1 -94 0 0001409e 1
0 0 1 -102 0 0001409e 1
0 0 1 1 25 0001409e 1
0 0 1 11 -113 000140b7 1
0 0 1 -52 108 00013bdc 1
0 0 1 0 -90 000125ec 1
0 0 1 -100 95 000125ec 1
0 0 1 80 -11 000100d0 1
0 0 1 -41 0 0000fd60 1
0 0 1 -44 72 0000fd60 1
0 0 1 -60 -46 0000f100 1
0 0 1 0 56 0000fbc8 1
0 0 1 50 0 0000fbc8 1
0 0 1 0 -38 0000fbc8 1
0 0 1 -13 -33 0000fbc8 1
0 0 1 0 -1 0000fd75 1
0 0 1 0 -90 0000fd75 1
0 0 1 -108 0 0000fd75 1
0 0 1 60 0 0000fd75 1
0 0 1 -101 0 0000fd75 1
0 0 1 -1 -108 0000fd75 1
0 0 1 -47 0 0000fde1 1
0 0 1 -31 81 0000fde1 1
0 0 1 -29 0 0000f412 1
0 0 1 18 0 0000f412 1
0 0 1 95 -60 0000f412 1
0 0 1 7 17 0000ddce 1
0 0 1 45 -63 0000de45 1
0 0 1 -5 0 0000d332 1
0 0 1 0 -61 0000d332 1
0 0 1 -66 0 0000d332 1
0 0 1 0 101 0000d332 1
0 0 1 -77 76 0000d332 1
0 0 1 -77 -74 0000bc56 1
0 0 1 -35 -79 0000d298 1
0 0 1 -51 0 0000dd65 1
0 0 1 -51 0 0000dd65 1
0 0 1 97 108 0000dd65 1
0 0 1 0 -82 00010651 1
0 0 1 -83 73 00010651 1
0 0 1 -107 -97 0000eea6 1
0 0 1 58 115 00011731 1
0 0 1 -8 70 0001313f 1
0 0 1 0 -50 00012f0f 1
0 0 1 36 98 00012f0f 1
0 0 1 -96 20 00013cd7 1
0 0 1 0 115 00013557 1
0 0 1 -39 120 00013557 1
0 0 1 115 0 0001230f 1
0 0 1 37 -59 0001230f 1
0 0 1 -36 109 00011a88 1
0 0 1 -112 68 00010b34 1
0 0 1 11 121 0000ed74 1
0 0 1 0 49 0000f2a7 1
0 0 1 0 52 0000f2a7 1
0 0 1 27 0 0000f2a7 1
0 0 1 63 55 0000f2a7 1
0 0 1 -80 0 00010030 1
0 0 1 0 26 00010030 1
0 0 1 -106 0 00010030 1
0 0 1 0 3 00010030 1
0 0 1 39 0 00010030 1
0 0 1 -116 0 00010030 1
0 0 1 -55 -94 00010030 1
0 0 1 72 23 00011462 1
0 0 1 -88 0 00011ada 1
0 0 1 0 5 00011ada 1
0 0 1 64 0 00011ada 1
0 0 1 0 -106 00011ada 1
0 0 1 78 0 00011ada 1
0 0 1 0 57 00011ada 1
0 0 1 85 -31 00011ada 1
0 0 1 -7 0 0001108f 1
0 0 1 -18 -9 0001108f 1
0 0 1 70 0 00011131 1
0 0 1 0 125 00011131 1
0 0 1 88 -114 00011131 1
0 0 1 0 -41 0000ea01 1
0 0 1 0 -92 0000ea01 1
0 0 1 125 -46 0000ea01 1
0 0 1 0 10 0000d38b 1
0 0 1 0 -55 0000d38b 1
0 0 1 83 0 0000d38b 1
0 0 1 125 -67 0000d38b 1
0 0 1 39 -11 0000b2d4 1
0 0 1 0 -120 0000b127 1
0 0 1 65 0 0000b127 1
0 0 1 33 78 0000b127 1
0 0 1 0 120 0000bb35 1
0 0 1 85 0 0000bb35 1
0 0 1 0 10 0000bb35 1
0 0 1 123 0 0000bb35 1
0 0 1 -74 27 0000bb35 1
0 0 1 0 123 0000b367 1
0 0 1 -35 0 0000b367 1
0 0 1 110 21 0000b367 1
0 0 1 0 95 0000bc6d 1
0 0 1 -55 -60 0000bc6d 1
0 0 1 -82 -108 0000c951 1
0 0 1 -79 -57 0000ebe9 1
0 0 1 123 -114 0000fd80 1
0 0 1 56 0 0000c6ba 1
0 0 1 -124 91 0000c6ba 1
0 0 1 33 13 00009aa6 1
0 0 1 -23 34 00009c53 1
0 0 1 126 -118 00009945 1
0 0 1 99 0 00005f31 1
0 0 1 0 -45 00005f31 1
0 0 1 119 125 00005f31 1
0 0 1 -42 0 0000994c 1
0 0 1 0 58 0000994c 1
0 0 1 15 -100 0000994c 1
0 0 1 -83 0 00009370 1
0 0 1 72 96 00009370 1
0 0 1 -78 0 0000ae70 1
0 0 1 12 72 0000ae70 1
0 0 1 0 29 0000b1d0 1
0 0 1 0 24 0000b1d0 1
0 0 1 -48 0 0000b1d0 1
0 0 1 0 112 0000b1d0 1
0 0 1 84 -29 0000b1d0 1
0 0 1 114 0 0000a84c 1
0 0 1 0 112 0000a84c 1
0 0 1 -102 107 0000a84c 1
0 0 1 -126 48 00007daa 1
0 0 1 0 -78 0000660a 1
0 0 1 0 -55 0000660a 1
0 0 1 -56 -43 0000660a 1
0 0 1 118 0 00006f72 1
0 0 1 83 0 00006f72 1
0 0 1 0 55 00006f72 1
0 0 1 -40 9 00006f72 1
0 0 1 63 59 00006e0a 1
0 0 1 91 0 00007c8f 1
0 0 1 0 42 00007c8f 1
0 0 1 -3 0 00007c8f 1
0 0 1 4 37 00007c8f 1
0 0 1 0 -85 00007d23 1
0 0 1 -28 0 00007d23 1
0 0 1 0 -63 00007d23 1
0 0 1 0 -115 00007d23 1
0 0 1 0 -25 00007d23 1
0 0 1 -35 0 00007d23 1
0 0 1 0 77 00007d23 1
0 0 1 64 -103 00007d23 1
0 0 1 -14 0 00006363 1
0 0 1 7 0 00006363 1
0 0 1 -17 75 00006363 1
0 0 1 44 0 00005e68 1
0 0 1 81 0 00005e68 1
0 0 1 54 31 00005e68 1
0 0 1 -61 0 000064f2 1
0 0 1 61 -101 000064f2 1
0 0 1 52 105 00004ce1 1
0 0 1 -89 -123 00006235 1
0 0 1 0 64 00008cf8 1
0 0 1 -75 -96 00008cf8 1
0 0 1 0 36 0000a918 1
0 0 1 -123 -33 0000a918 1
0 0 1 -51 61 0000b8f3 1
0 0 1 -13 -76 0000accc 1
0 0 1 0 48 0000b0a8 1
0 0 1 75 -87 0000b0a8 1
0 0 1 67 0 0000972b 1
0 0 1 99 0 0000972b 1
0 0 1 0 52 0000972b 1
0 0 1 0 -64 0000972b 1
0 0 1 -40 76 0000972b 1
0 0 1 -112 -66 00008b4b 1
0 0 1 -32 0 0000a82b 1
0 0 1 20 28 0000a82b 1
0 0 1 95 0 0000aa5b 1
0 0 1 -89 125 0000aa5b 1
0 0 1 35 0 00007ee6 1
0 0 1 0 -21 00007ee6 1
0 0 1 0 31 00007ee6 1
0 0 1 13 0 00007ee6 1
0 0 1 -25 118 00007ee6 1
0 0 1 0 -68 00007360 1
0 0 1 55 0 00007360 1
0 0 1 -1 0 00007360 1
0 0 1 66 25 00007360 1
0 0 1 96 127 000079d2 1
0 0 1 -125 0 0000a972 1
0 0 1 -108 0 0000a972 1
0 0 1 0 -17 0000a972 1
0 0 1 -4 0 0000a972 1
0 0 1 -45 -46 0000a972 1
0 0 1 17 0 0000b188 1
0 0 1 65 -118 0000b188 1
0 0 1 0 -34 00009392 1
0 0 1 0 28 00009392 1
0 0 1 0 78 00009392 1
0 0 1 0 -35 00009392 1
0 0 1 0 -77 00009392 1
0 0 1 0 49 00009392 1
0 0 1 -114 5 00009392 1
0 0 1 47 0 00009158 1
0 0 0 37 -83 00009158 1
0 0 0 -49 72 00009158 0
