1 0 0 0 0 00000000 0
1 0 0 0 0 00000000 0
1 0 0 0 0 00000000 0
0 0 1 -76 102 00000000 0
0 0 1 103 0 ffffe1b8 1
0 0 1 0 -125 ffffe1b8 1
0 0 1 0 106 ffffe1b8 1
0 0 1 -119 -16 ffffe1b8 1
0 0 1 -3 -59 ffffe928 1
0 0 1 -35 0 ffffe9d9 1
0 0 1 0 8 ffffe9d9 1
0 0 1 75 -31 ffffe9d9 1
0 0 1 -62 34 ffffe0c4 1
0 0 1 55 60 ffffd888 1
0 0 1 0 46 ffffe56c 1
0 0 1 107 127 ffffe56c 1
0 0 1 -2 28 00001a81 1
0 0 1 -120 0 00001a49 1
0 0 1 -86 0 00001a49 1
0 0 1 -116 -128 00001a49 1
0 0 1 0 -124 00005449 1
0 0 1 -47 -102 00005449 1
0 0 1 125 0 00006703 1
0 0 1 24 1 00006703 1
0 0 1 0 68 0000671b 1
0 0 1 -51 124 0000671b 1
0 0 1 0 39 00004e67 1
0 0 1 -50 37 00004e67 1
0 0 1 0 15 0000472d 1
0 0 1 79 114 0000472d 1
0 0 1 0 -91 00006a5b 1
0 0 1 -1 -103 00006a5b 1
0 0 1 -22 -37 00006ac2 1
0 0 1 -8 0 00006df0 1
0 0 1 103 62 00006df0 1
0 0 1 -6 115 000086e2 1
0 0 1 75 63 00008430 1
0 0 1 -76 0 000096a5 1
0 0 1 -72 -34 000096a5 1
0 0 1 117 106 0000a035 1
0 0 1 0 99 0000d0a7 1
0 0 1 99 -45 0000d0a7 1
0 0 1 1 -36 0000bf40 1
0 0 1 38 0 0000bf1c 1
0 0 1 0 77 0000bf1c 1
0 0 1 0 -28 0000bf1c 1
0 0 1 75 -30 0000bf1c 1
0 0 1 126 0 0000b652 1
0 0 1 -82 49 0000b652 1
0 0 1 0 -65 0000a6a0 1
0 0 1 54 0 0000a6a0 1
0 0 1 107 69 0000a6a0 1
0 0 1 0 58 0000c377 1
0 0 1 0 28 0000c377 1
0 0 1 0 -94 0000c377 1
0 0 1 0 19 0000c377 1
0 0 1 0 6 0000c377 1
0 0 1 -4 0 0000c377 1
0 0 1 -23 0 0000c377 1
0 0 1 0 82 0000c377 1
0 0 1 -23 -67 0000c377 1
0 0 1 69 0 0000c97c 1
0 0 1 0 -119 0000c97c 1
0 0 1 -64 -98 0000c97c 1
0 0 1 -73 17 0000e1fc 1
0 0 1 -71 81 0000dd23 1
0 0 1 127 0 0000c6ac 1
0 0 1 66 0 0000c6ac 1
0 0 1 36 0 0000c6ac 1
0 0 1 -98 25 0000c6ac 1
0 0 1 -43 29 0000bd1a 1
0 0 1 -109 -30 0000b83b 1
0 0 1 0 112 0000c501 1
0 0 1 90 8 0000c501 1
0 0 1 0 40 0000c7d1 1
0 0 1 0 64 0000c7d1 1
0 0 1 -28 0 0000c7d1 1
0 0 1 0 14 0000c7d1 1
0 0 1 -65 0 0000c7d1 1
0 0 1 26 0 0000c7d1 1
0 0 1 -93 113 0000c7d1 1
0 0 1 -112 0 00009ec4 1
0 0 1 -62 0 00009ec4 1
0 0 1 0 81 00009ec4 1
0 0 1 -81 0 00009ec4 1
0 0 1 0 -17 00009ec4 1
0 0 1 -20 63 00009ec4 1
0 0 1 0 21 000099d8 1
0 0 1 -77 0 000099d8 1
0 0 1 25 0 000099d8 1
0 0 1 0 125 000099d8 1
0 0 1 -126 24 000099d8 1
0 0 1 19 0 00008e08 1
0 0 1 65 18 00008e08 1
0 0 1 -119 -31 0000929a 1
0 0 1 77 35 0000a103 1
0 0 1 0 10 0000ab8a 1
0 0 1 0 9 0000ab8a 1
0 0 1 117 53 0000ab8a 1
0 0 1 -15 0 0000c3c3 1
0 0 1 0 -39 0000c3c3 1
0 0 1 49 38 0000c3c3 1
0 0 1 93 0 0000cb09 1
0 0 1 0 -20 0000cb09 1
0 0 1 86 -43 0000cb09 1
0 0 1 0 124 0000bc97 1
0 0 1 0 -19 0000bc97 1
0 0 1 0 -60 0000bc97 1
0 0 1 0 37 0000bc97 1
0 0 1 0 57 0000bc97 1
0 0 1 17 -51 0000bc97 1
0 0 1 56 0 0000b934 1
0 0 1 119 40 0000b934 1
0 0 1 0 17 0000cbcc 1
0 0 1 -88 92 0000cbcc 1
0 0 1 -69 -115 0000ac2c 1
0 0 1 109 0 0000cb2b 1
0 0 1 0 52 0000cb2b 1
0 0 1 0 14 0000cb2b 1
0 0 1 0 70 0000cb2b 1
0 0 1 13 88 0000cb2b 1
0 0 1 -26 69 0000cfa3 1
0 0 1 65 0 0000c8a1 1
0 0 1 70 0 0000c8a1 1
0 0 1 -100 122 0000c8a1 1
0 0 1 56 -67 000098f9 1
0 0 1 -24 96 00008a51 1
0 0 1 42 0 00008151 1
0 0 1 -84 -40 00008151 1
0 0 1 61 0 00008e71 1
0 0 1 0 57 00008e71 1
0 0 1 0 -55 00008e71 1
0 0 1 0 -27 00008e71 1
0 0 1 0 -76 00008e71 1
0 0 1 0 -63 00008e71 1
0 0 1 -53 0 00008e71 1
0 0 1 0 -106 00008e71 1
0 0 1 11 92 00008e71 1
0 0 1 0 -79 00009265 1
0 0 1 123 125 00009265 1
0 0 1 0 -24 0000ce74 1
0 0 1 -8 0 0000ce74 1
0 0 1 53 0 0000ce74 1
0 0 1 -43 -94 0000ce74 1
0 0 1 0 -17 0000de3e 1
0 0 1 -114 0 0000de3e 1
0 0 1 -55 -119 0000de3e 1
0 0 1 0 2 0000f7cf 1
0 0 1 46 78 0000f7cf 1
0 0 1 0 -61 000105d3 1
0 0 1 0 -26 000105d3 1
0 0 1 -22 -118 000105d3 1
0 0 1 -61 -34 00010ff7 1
0 0 1 123 -9 00011811 1
0 0 1 0 -93 000113be 1
0 0 1 36 0 000113be 1
0 0 1 -57 0 000113be 1
0 0 1 23 -100 000113be 1
0 0 1 94 89 00010ac2 1
0 0 1 101 23 00012b70 1
0 0 1 0 -89 00013483 1
0 0 1 -90 0 00013483 1
0 0 1 -40 -42 00013483 1
0 0 1 -2 76 00013b13 1
0 0 1 55 0 00013a7b 1
0 0 1 -14 123 00013a7b 1
0 0 1 -54 0 000133c1 1
0 0 1 0 -36 000133c1 1
0 0 1 0 -77 000133c1 1
0 0 1 -112 94 000133c1 1
0 0 1 -49 -88 00010aa1 1
0 0 1 79 0 00011b79 1
0 0 1 39 -39 00011b79 1
0 0 1 39 0 00011588 1
0 0 1 -61 47 00011588 1
0 0 1 -90 -121 00010a55 1
0 0 1 67 0 000134df 1
0 0 1 -40 -83 000134df 1
0 0 1 100 -96 000141d7 1
0 0 1 52 -99 00011c57 1
0 0 1 0 80 0001083b 1
0 0 1 0 -116 0001083b 1
0 0 1 -71 -83 0001083b 1
0 0 1 108 -52 00011f40 1
0 0 1 0 24 00010950 1
0 0 1 74 -105 00010950 1
0 0 1 0 -111 0000eaf6 1
0 0 1 43 0 0000eaf6 1
0 0 1 124 -68 0000eaf6 1
0 0 1 69 -66 0000ca06 1
0 0 1 0 50 0000b83c 1
0 0 1 125 18 0000b83c 1
0 0 1 0 -67 0000c106 1
0 0 1 -102 2 0000c106 1
0 0 1 0 82 0000c03a 1
0 0 1 0 -17 0000c03a 1
0 0 1 -106 0 0000c03a 1
0 0 1 -34 -72 0000c03a 1
0 0 1 21 -101 0000c9ca 1
0 0 1 62 -103 0000c181 1
0 0 1 113 34 0000a88f 1
0 0 1 -28 0 0000b791 1
0 0 1 22 0 0000b791 1
0 0 1 0 34 0000b791 1
0 0 1 -120 31 0000b791 1
0 0 1 11 0 0000a909 1
0 0 1 -119 0 0000a909 1
0 0 1 0 44 0000a909 1
0 0 1 -21 0 0000a909 1
0 0 1 0 -4 0000a909 1
0 0 1 -1 -125 0000a909 1
0 0 1 -29 22 0000a986 1
0 0 1 -125 -47 0000a708 1
0 0 1 -96 -20 0000bdfb 1
0 0 1 0 -123 0000c57b 1
0 0 1 -96 0 0000c57b 1
0 0 1 -20 12 0000c57b 1
0 0 1 -32 104 0000c48b 1
0 0 1 0 -100 0000b78b 1
0 0 1 68 0 0000b78b 1
0 0 1 0 -94 0000b78b 1
0 0 1 38 -31 0000b78b 1
0 0 1 56 0 0000b2f1 1
0 0 1 0 -48 0000b2f1 1
0 0 1 77 114 0000b2f1 1
0 0 1 0 -69 0000d53b 1
0 0 1 46 -27 0000d53b 1
0 0 1 36 0 0000d061 1
0 0 1 -26 0 0000d061 1
0 0 1 -80 0 0000d061 1
0 0 1 66 0 0000d061 1
0 0 1 0 -38 0000d061 1
0 0 1 -25 0 0000d061 1
0 0 1 -85 54 0000d061 1
0 0 1 0 -69 0000be73 1
0 0 1 44 0 0000be73 1
0 0 1 119 -79 0000be73 1
0 0 1 73 0 000099ba 1
0 0 1 0 -99 000099ba 1
0 0 1 0 127 000099ba 1
0 0 1 0 -127 000099ba 1
0 0 1 0 -103 000099ba 1
0 0 1 0 -84 000099ba 1
0 0 1 0 -78 000099ba 1
0 0 1 12 -124 000099ba 1
0 0 1 -81 0 000093ea 1
0 0 1 18 123 000093ea 1
0 0 1 0 49 00009c90 1
0 0 1 0 -62 00009c90 1
0 0 1 14 0 00009c90 1
0 0 1 -18 24 00009c90 1
0 0 1 -25 0 00009ae0 1
0 0 1 115 -35 00009ae0 1
0 0 1 0 -77 00008b27 1
0 0 1 -47 35 00008b27 1
0 0 1 0 9 000084ba 1
0 0 1 -79 0 000084ba 1
0 0 1 5 -55 000084ba 1
0 0 1 0 -113 000083a7 1
0 0 1 0 -22 000083a7 1
0 0 1 116 54 000083a7 1
0 0 1 68 0 00009c1f 1
0 0 1 -28 0 00009c1f 1
0 0 1 0 -95 00009c1f 1
0 0 1 -4 0 00009c1f 1
0 0 1 0 117 00009c1f 1
0 0 1 0 56 00009c1f 1
0 0 1 84 67 00009c1f 1
0 0 1 0 -40 0000b21b 1
0 0 1 54 -89 0000b21b 1
0 0 1 0 -81 00009f55 1
0 0 1 -123 -119 00009f55 1
0 0 1 -36 0 0000d882 1
0 0 1 0 90 0000d882 1
0 0 1 122 0 0000d882 1
0 0 1 0 16 0000d882 1
0 0 1 0 -97 0000d882 1
0 0 1 41 0 0000d882 1
0 0 1 2 0 0000d882 1
0 0 1 55 0 0000d882 1
0 0 1 20 -75 0000d882 1
0 0 1 0 -65 0000d2a6 1
0 0 1 0 81 0000d2a6 1
0 0 1 -76 0 0000d2a6 1
0 0 1 -113 -38 0000d2a6 1
0 0 1 0 59 0000e36c 1
0 0 1 96 0 0000e36c 1
0 0 1 9 45 0000e36c 1
0 0 1 -8 0 0000e501 1
0 0 1 53 0 0000e501 1
0 0 1 0 -9 0000e501 1
0 0 1 -86 0 0000e501 1
0 0 1 -108 19 0000e501 1
0 0 1 -126 -14 0000dcfd 1
0 0 1 107 40 0000e3e1 1
0 0 1 42 0 0000f499 1
0 0 1 -31 0 0000f499 1
0 0 1 -120 0 0000f499 1
0 0 1 -12 0 0000f499 1
0 0 1 33 51 0000f499 1
0 0 1 -85 -3 0000fb2c 1
0 0 1 121 5 0000fc2b 1
0 0 1 -117 -11 0000fe88 1
0 0 1 -45 -25 0001038f 1
0 0 1 52 0 000107f4 1
0 0 1 13 0 000107f4 1
0 0 1 126 -73 000107f4 1
0 0 1 3 116 0000e406 1
0 0 1 0 -101 0000e562 1
0 0 1 120 -8 0000e562 1
0 0 1 0 -44 0000e1a2 1
0 0 1 -11 -34 0000e1a2 1
0 0 1 0 50 0000e318 1
0 0 1 -61 75 0000e318 1
0 0 1 -50 0 0000d139 1
0 0 1 0 -78 0000d139 1
0 0 1 110 -31 0000d139 1
0 0 1 110 0 0000c3e7 1
0 0 1 14 67 0000c3e7 1
0 0 1 0 34 0000c791 1
0 0 1 0 -115 0000c791 1
0 0 1 0 89 0000c791 1
0 0 1 -9 63 0000c791 1
0 0 1 0 -91 0000c55a 1
0 0 1 0 74 0000c55a 1
0 0 1 0 18 0000c55a 1
0 0 1 127 29 0000c55a 1
0 0 1 94 43 0000d3bd 1
0 0 1 0 -74 0000e387 1
0 0 1 -84 52 0000e387 1
0 0 1 115 0 0000d277 1
0 0 1 0 3 0000d277 1
0 0 1 0 -69 0000d277 1
0 0 1 56 50 0000d277 1
0 0 1 101 -21 0000dd67 1
0 0 1 19 0 0000d51e 1
0 0 1 -54 0 0000d51e 1
0 0 1 -45 -84 0000d51e 1
0 0 1 43 51 0000e3e2 1
0 0 1 -128 0 0000ec73 1
0 0 1 0 42 0000ec73 1
0 0 1 60 -22 0000ec73 1
0 0 1 0 47 0000e74b 1
0 0 1 74 49 0000e74b 1
0 0 1 96 0 0000f575 1
0 0 1 106 0 0000f575 1
0 0 1 0 3 0000f575 1
0 0 1 16 -14 0000f575 1
0 0 1 0 -66 0000f495 1
0 0 1 -57 -3 0000f495 1
0 0 1 106 27 0000f540 1
0 0 1 0 -10 0001006e 1
0 0 1 93 118 0001006e 1
0 0 1 -125 0 00012b4c 1
0 0 1 118 0 00012b4c 1
0 0 1 102 -114 00012b4c 1
0 0 1 0 -125 0000fde0 1
0 0 1 -99 67 0000fde0 1
0 0 1 43 121 0000e3f7 1
0 0 1 0 -3 0000f84a 1
0 0 1 43 0 0000f84a 1
0 0 1 0 122 0000f84a 1
0 0 1 0 -104 0000f84a 1
0 0 1 0 111 0000f84a 1
0 0 1 45 75 0000f84a 1
0 0 1 0 121 00010579 1
0 0 1 39 -69 00010579 1
0 0 1 29 -79 0000faf6 1
0 0 1 -15 0 0000f203 1
0 0 1 84 7 0000f203 1
0 0 1 -57 79 0000f44f 1
0 0 1 79 0 0000e2b8 1
0 0 1 0 -64 0000e2b8 1
0 0 1 14 103 0000e2b8 1
0 0 1 -111 0 0000e85a 1
0 0 1 0 6 0000e85a 1
0 0 1 118 0 0000e85a 1
0 0 1 76 -77 0000e85a 1
0 0 1 57 53 0000d17e 1
0 0 1 0 39 0000dd4b 1
0 0 1 0 14 0000dd4b 1
0 0 1 -68 62 0000dd4b 1
0 0 1 73 43 0000ccd3 1
0 0 1 0 -108 0000d916 1
0 0 1 0 -16 0000d916 1
0 0 1 102 -83 0000d916 1
0 0 1 0 -52 0000b804 1
0 0 1 -102 0 0000b804 1
0 0 1 54 -127 0000b804 1
0 0 1 0 47 00009d3a 1
0 0 1 -69 -42 00009d3a 1
0 0 1 -120 0 0000a88c 1
0 0 1 85 93 0000a88c 1
0 0 1 112 -105 0000c76d 1
0 0 1 -39 92 0000997d 1
0 0 1 113 -33 00008b79 1
0 0 1 -7 0 00007ce8 1
0 0 1 75 0 00007ce8 1
0 0 1 0 64 00007ce8 1
0 0 1 0 -128 00007ce8 1
0 0 1 -126 0 00007ce8 1
0 0 1 36 -31 00007ce8 1
0 0 1 0 -38 0000788c 1
0 0 1 -51 0 0000788c 1
0 0 1 90 -81 0000788c 1
0 0 1 79 0 00005c12 1
0 0 1 89 -83 00005c12 1
0 0 1 43 0 00003f37 1
0 0 1 31 0 00003f37 1
0 0 1 0 -70 00003f37 1
0 0 1 0 118 00003f37 1
0 0 1 99 -40 00003f37 1
0 0 1 -88 92 00002fbf 1
0 0 1 88 103 0000101f 1
0 0 1 -59 0 00003387 1
0 0 1 -77 74 00003387 1
0 0 1 -78 0 00001d45 1
0 0 1 84 0 00001d45 1
0 0 1 -30 -47 00001d45 1
0 0 1 89 0 000022c7 1
0 0 1 -53 12 000022c7 1
0 0 1 -106 0 0000204b 1
0 0 1 -65 65 0000204b 1
0 0 1 0 60 00000fca 1
0 0 1 -80 108 00000fca 1
0 0 1 -11 15 ffffee0a 1
0 0 1 -16 92 ffffed65 1
0 0 1 0 51 ffffe7a5 1
0 0 1 -37 0 ffffe7a5 1
0 0 1 0 -109 ffffe7a5 1
0 0 1 0 47 ffffe7a5 1
0 0 1 -43 -49 ffffe7a5 1
0 0 1 -46 0 ffffefe0 1
0 0 1 73 0 ffffefe0 1
0 0 1 0 92 ffffefe0 1
0 0 1 0 -62 ffffefe0 1
0 0 1 0 -44 ffffefe0 1
0 0 1 20 -71 ffffefe0 1
0 0 1 -81 4 ffffea54 1
0 0 1 -35 -86 ffffe910 1
0 0 1 77 0 fffff4d2 1
0 0 1 0 27 fffff4d2 1
0 0 1 109 26 fffff4d2 1
0 0 1 89 0 ffffffe4 1
0 0 1 -28 0 ffffffe4 1
0 0 1 0 14 ffffffe4 1
0 0 1 -27 -125 ffffffe4 1
0 0 1 12 0 00000d13 1
0 0 1 -93 0 00000d13 1
0 0 1 -86 76 00000d13 1
0 0 1 54 0 fffff38b 1
0 0 1 19 -14 fffff38b 1
0 0 1 122 0 fffff281 1
0 0 1 -86 75 fffff281 1
0 0 1 -28 0 ffffd94f 1
0 0 1 -27 0 ffffd94f 1
0 0 1 98 -113 ffffd94f 1
0 0 1 0 65 ffffae0d 1
0 0 1 0 -123 ffffae0d 1
0 0 1 27 0 ffffae0d 1
0 0 1 110 67 ffffae0d 1
0 0 1 0 -55 ffffcad7 1
0 0 1 100 0 ffffcad7 1
0 0 1 -28 79 ffffcad7 1
0 0 1 -43 37 ffffc233 1
0 0 1 -37 54 ffffbbfc 1
0 0 1 75 -26 ffffb42e 1
0 0 1 -22 0 ffffac90 1
0 0 1 0 15 ffffac90 1
0 0 1 -93 0 ffffac90 1
0 0 1 94 -11 ffffac90 1
0 0 1 0 30 ffffa886 1
0 0 1 0 110 ffffa886 1
0 0 1 0 -91 ffffa886 1
0 0 1 0 107 ffffa886 1
0 0 1 -118 0 ffffa886 1
0 0 1 6 -37 ffffa886 1
0 0 1 0 -59 ffffa7a8 1
0 0 1 98 0 ffffa7a8 1
0 0 1 0 -21 ffffa7a8 1
0 0 1 22 -9 ffffa7a8 1
0 0 1 -30 -127 ffffa6e2 1
0 0 1 126 110 ffffb5c4 1
0 0 1 1 4 ffffebe8 1
0 0 1 1 126 ffffebec 1
0 0 1 -36 0 ffffec6a 1
0 0 1 0 -70 ffffec6a 1
0 0 1 0 30 ffffec6a 1
0 0 1 -86 -69 ffffec6a 1
0 0 1 37 -32 00000398 1
0 0 1 0 85 fffffef8 1
0 0 1 -71 71 fffffef8 1
0 0 1 121 0 ffffeb47 1
0 0 1 110 -112 ffffeb47 1
0 0 1 0 -10 ffffbb27 1
0 0 1 -96 114 ffffbb27 1
0 0 1 0 -30 ffff9067 1
0 0 1 0 -10 ffff9067 1
0 0 1 -8 -59 ffff9067 1
0 0 1 7 0 ffff923f 1
0 0 1 0 85 ffff923f 1
0 0 1 -116 41 ffff923f 1
0 0 1 84 72 ffff7fab 1
0 0 1 89 -60 ffff974b 1
0 0 1 72 -31 ffff826f 1
0 0 1 0 -46 ffff79b7 1
0 0 1 115 0 ffff79b7 1
0 0 1 45 0 ffff79b7 1
0 0 1 -52 -105 ffff79b7 1
0 0 1 -20 10 ffff8f0b 1
0 0 1 -98 116 ffff8e43 1
0 0 1 0 -4 ffff61db 1
0 0 1 65 0 ffff61db 1
0 0 1 0 -25 ffff61db 1
0 0 1 87 -3 ffff61db 1
0 0 1 -109 60 ffff60d6 1
0 0 1 -45 106 ffff474a 1
0 0 1 0 85 ffff34a8 1
0 0 1 0 -33 ffff34a8 1
0 0 1 79 -83 ffff34a8 1
0 0 1 87 0 ffff1b0b 1
0 0 1 0 -8 ffff1b0b 1
0 0 1 14 -8 ffff1b0b 1
0 0 1 77 0 ffff1a9b 1
0 0 1 106 -76 ffff1a9b 1
0 0 1 0 27 fffefb23 1
0 0 1 -29 70 fffefb23 1
0 0 1 -107 112 fffef335 1
0 0 1 49 -106 fffec465 1
0 0 1 77 -125 fffeb01b 1
0 0 1 11 9 fffe8a82 1
0 0 1 35 -120 fffe8ae5 1
0 0 1 103 0 fffe7a7d 1
0 0 1 -19 125 fffe7a7d 1
0 0 1 -67 -90 fffe7136 1
0 0 1 0 16 fffe88c4 1
0 0 1 86 0 fffe88c4 1
0 0 1 -47 0 fffe88c4 1
0 0 1 0 27 fffe88c4 1
0 0 1 -121 0 fffe88c4 1
0 0 1 -41 12 fffe88c4 1
0 0 1 32 0 fffe86d8 1
0 0 1 -124 -120 fffe86d8 1
0 0 1 14 110 fffec0f8 1
0 0 1 -43 -49 fffec6fc 1
0 0 1 -80 0 fffecf37 1
0 0 1 0 15 fffecf37 1
0 0 1 18 50 fffecf37 1
0 0 1 48 0 fffed2bb 1
0 0 1 0 41 fffed2bb 1
0 0 1 -123 -121 fffed2bb 1
0 0 1 30 92 ffff0cde 1
0 0 1 90 43 ffff17a6 1
0 0 1 -94 0 ffff26c4 1
0 0 1 0 -29 ffff26c4 1
0 0 1 -103 -19 ffff26c4 1
0 0 1 87 0 ffff2e69 1
0 0 1 4 -75 ffff2e69 1
0 0 1 -78 -17 ffff2d3d 1
0 0 1 -101 0 ffff326b 1
0 0 1 110 -17 ffff326b 1
0 0 1 -100 -78 ffff2b1d 1
0 0 1 0 15 ffff4995 1
0 0 1 118 5 ffff4995 1
0 0 1 -69 12 ffff4be3 1
0 0 1 6 58 ffff48a7 1
0 0 1 14 -97 ffff4a03 1
0 0 1 6 -79 ffff44b5 1
0 0 1 80 65 ffff42db 1
0 0 1 71 72 ffff572b 1
0 0 1 34 0 ffff6b23 1
0 0 1 -119 103 ffff6b23 1
0 0 1 0 -45 ffff3b42 1
0 0 1 111 0 ffff3b42 1
0 0 1 -15 0 ffff3b42 1
0 0 1 -8 96 ffff3b42 1
0 0 1 -77 -35 ffff3842 1
0 0 1 0 91 ffff42c9 1
0 0 1 -117 0 ffff42c9 1
0 0 1 93 10 ffff42c9 1
0 0 1 89 -114 ffff466b 1
0 0 1 36 0 ffff1ec9 1
0 0 1 -15 90 ffff1ec9 1
0 0 1 0 -51 ffff1983 1
0 0 1 79 -4 ffff1983 1
0 0 1 0 29 ffff1847 1
0 0 1 0 66 ffff1847 1
0 0 1 0 113 ffff1847 1
0 0 1 0 95 ffff1847 1
0 0 1 -69 0 ffff1847 1
0 0 1 0 -79 ffff1847 1
0 0 1 32 21 ffff1847 1
0 0 1 -78 0 ffff1ae7 1
0 0 1 -27 0 ffff1ae7 1
0 0 1 0 -78 ffff1ae7 1
0 0 1 90 86 ffff1ae7 1
0 0 1 0 97 ffff3923 1
0 0 1 0 111 ffff3923 1
0 0 1 0 43 ffff3923 1
0 0 1 0 -94 ffff3923 1
0 0 1 -66 0 ffff3923 1
0 0 1 123 0 ffff3923 1
0 0 1 -52 -49 ffff3923 1
0 0 1 22 0 ffff4317 1
0 0 1 -5 0 ffff4317 1
0 0 1 33 95 ffff4317 1
0 0 1 -24 0 ffff4f56 1
0 0 1 3 0 ffff4f56 1
0 0 1 0 107 ffff4f56 1
0 0 1 57 -68 ffff4f56 1
0 0 1 -34 94 ffff4032 1
0 0 1 38 -8 ffff33b6 1
0 0 1 0 97 ffff3286 1
0 0 1 0 71 ffff3286 1
0 0 1 -113 0 ffff3286 1
0 0 1 55 0 ffff3286 1
0 0 1 106 0 ffff3286 1
0 0 1 0 -85 ffff3286 1
0 0 1 -107 0 ffff3286 1
0 0 1 0 -41 ffff3286 1
0 0 1 -51 -35 ffff3286 1
0 0 1 0 -81 ffff397f 1
0 0 1 0 -8 ffff397f 1
0 0 1 0 127 ffff397f 1
0 0 1 0 15 ffff397f 1
0 0 1 -94 -115 ffff397f 1
0 0 1 -38 75 ffff63b9 1
0 0 1 0 -90 ffff5897 1
0 0 1 0 77 ffff5897 1
0 0 1 -58 100 ffff5897 1
0 0 1 -32 -41 ffff41ef 1
0 0 1 17 115 ffff470f 1
0 0 1 -55 108 ffff4eb2 1
0 0 1 0 -113 ffff377e 1
0 0 1 -76 0 ffff377e 1
0 0 1 69 -114 ffff377e 1
0 0 1 100 0 ffff18c4 1
0 0 1 0 6 ffff18c4 1
0 0 1 -17 87 ffff18c4 1
0 0 1 0 93 ffff12fd 1
0 0 1 54 -71 ffff12fd 1
0 0 1 -28 0 ffff0403 1
0 0 1 93 -2 ffff0403 1
0 0 1 21 -101 ffff0349 1
0 0 1 94 43 fffefb00 1
0 0 1 -72 117 ffff0aca 1
0 0 1 -28 6 fffee9e2 1
0 0 1 41 99 fffee93a 1
0 0 1 120 -13 fffef915 1
0 0 1 -31 -20 fffef2fd 1
0 0 1 -15 0 fffef569 1
0 0 1 -41 123 fffef569 1
0 0 1 0 39 fffee1b6 1
0 0 1 22 0 fffee1b6 1
0 0 1 -102 126 fffee1b6 1
0 0 1 0 -26 fffeaf82 1
0 0 1 50 -80 fffeaf82 1
0 0 1 -128 0 fffe9fe2 1
0 0 1 0 -69 fffe9fe2 1
0 0 1 0 -5 fffe9fe2 1
0 0 1 -14 50 fffe9fe2 1
0 0 1 0 24 fffe9d26 1
0 0 1 -38 0 fffe9d26 1
0 0 1 0 -98 fffe9d26 1
0 0 1 0 104 fffe9d26 1
0 0 1 0 -73 fffe9d26 1
0 0 1 0 -77 fffe9d26 1
0 0 1 -93 0 fffe9d26 1
0 0 1 105 0 fffe9d26 1
0 0 1 109 0 fffe9d26 1
0 0 1 0 -70 fffe9d26 1
0 0 1 0 87 fffe9d26 1
0 0 1 37 82 fffe9d26 1
0 0 1 109 0 fffea900 1
0 0 1 0 70 fffea900 1
0 0 1 0 -56 fffea900 1
0 0 1 8 0 fffea900 1
0 0 1 0 102 fffea900 1
0 0 1 0 36 fffea900 1
0 0 1 -35 0 fffea900 1
0 0 1 0 -85 fffea900 1
0 0 1 0 -14 fffea900 1
0 0 1 0 117 fffea900 1
0 0 1 54 0 fffea900 1
0 0 1 -117 0 fffea900 1
0 0 1 70 116 fffea900 1
0 0 1 113 15 fffec8b8 1
0 0 1 -59 0 fffecf57 1
0 0 1 123 55 fffecf57 1
0 0 1 -45 -75 fffee9c4 1
0 0 1 118 -127 fffef6f3 1
0 0 1 39 -123 fffebc69 1
0 0 1 0 -7 fffea9ac 1
0 0 1 51 -89 fffea9ac 1
0 0 1 108 25 fffe97f1 1
0 0 1 0 123 fffea27d 1
0 0 1 -65 0 fffea27d 1
0 0 1 -40 -39 fffea27d 1
0 0 1 -47 0 fffea895 1
0 0 1 -7 0 fffea895 1
0 0 1 -123 12 fffea895 1
0 0 1 0 99 fffea2d1 1
0 0 1 0 -57 fffea2d1 1
0 0 1 -45 0 fffea2d1 1
0 0 1 36 0 fffea2d1 1
0 0 1 -12 0 fffea2d1 1
0 0 1 -60 -94 fffea2d1 1
0 0 1 25 0 fffeb8d9 1
0 0 1 0 -44 fffeb8d9 1
0 0 1 0 81 fffeb8d9 1
0 0 1 -85 0 fffeb8d9 1
0 0 1 0 -32 fffeb8d9 1
0 0 1 -107 14 fffeb8d9 1
0 0 1 43 -100 fffeb2ff 1
0 0 1 36 -41 fffea233 1
0 0 1 -21 -40 fffe9c6f 1
0 0 1 -2 0 fffe9fb7 1
0 0 1 4 0 fffe9fb7 1
0 0 1 -33 59 fffe9fb7 1
0 0 1 22 120 fffe981c 1
0 0 1 0 -57 fffea26c 1
0 0 1 126 40 fffea26c 1
0 0 1 0 30 fffeb61c 1
0 0 1 100 0 fffeb61c 1
0 0 1 -51 69 fffeb61c 1
0 0 1 32 -55 fffea85d 1
0 0 1 120 0 fffea17d 1
0 0 1 0 -51 fffea17d 1
0 0 1 0 -124 fffea17d 1
0 0 1 0 -10 fffea17d 1
0 0 1 108 0 fffea17d 1
0 0 1 4 0 fffea17d 1
0 0 1 -122 0 fffea17d 1
0 0 1 16 -81 fffea17d 1
0 0 1 -63 0 fffe9c6d 1
0 0 1 -102 -105 fffe9c6d 1
0 0 1 115 65 fffec643 1
0 0 1 -103 27 fffee376 1
0 0 1 -88 -123 fffed899 1
0 0 1 0 47 ffff02e1 1
0 0 1 113 0 ffff02e1 1
0 0 1 -59 -95 ffff02e1 1
0 0 1 0 42 ffff18c6 1
0 0 1 0 115 ffff18c6 1
0 0 1 0 71 ffff18c6 1
0 0 1 91 -4 ffff18c6 1
0 0 1 2 18 ffff175a 1
0 0 1 -56 0 ffff177e 1
0 0 1 26 -107 ffff177e 1
0 0 1 57 4 ffff0ca0 1
0 0 1 0 21 ffff0d84 1
0 0 1 12 0 ffff0d84 1
0 0 1 102 0 ffff0d84 1
0 0 1 -89 0 ffff0d84 1
0 0 1 -17 0 ffff0d84 1
0 0 1 59 89 ffff0d84 1
0 0 1 -126 0 ffff2207 1
0 0 1 100 11 ffff2207 1
0 0 1 -112 0 ffff2653 1
0 0 1 0 -87 ffff2653 1
0 0 1 110 11 ffff2653 1
0 0 1 6 0 ffff2b0d 1
0 0 1 120 -83 ffff2b0d 1
0 0 1 97 0 ffff0425 1
0 0 1 -111 0 ffff0425 1
0 0 1 -94 13 ffff0425 1
0 0 1 48 0 fffeff5f 1
0 0 1 -21 0 fffeff5f 1
0 0 1 0 -111 fffeff5f 1
0 0 1 122 97 fffeff5f 1
0 0 1 93 0 ffff2d99 1
0 0 1 0 -108 ffff2d99 1
0 0 1 -88 108 ffff2d99 1
0 0 1 -78 23 ffff0879 1
0 0 1 0 -45 ffff0177 1
0 0 1 0 -12 ffff0177 1
0 0 1 0 117 ffff0177 1
0 0 1 75 57 ffff0177 1
0 0 1 127 0 ffff122a 1
0 0 1 62 0 ffff122a 1
0 0 1 0 -13 ffff122a 1
0 0 1 -59 0 ffff122a 1
0 0 1 24 0 ffff122a 1
0 0 1 -35 -111 ffff122a 1
0 0 1 0 -113 ffff2157 1
0 0 1 0 -23 ffff2157 1
0 0 1 -88 -83 ffff2157 1
0 0 1 -22 -82 ffff3ddf 1
0 0 1 0 105 ffff44eb 1
0 0 1 25 0 ffff44eb 1
0 0 1 -66 0 ffff44eb 1
0 0 1 8 0 ffff44eb 1
0 0 1 -3 0 ffff44eb 1
0 0 1 96 -39 ffff44eb 1
0 0 1 0 -53 ffff364b 1
0 0 1 -18 34 ffff364b 1
0 0 1 -23 -9 ffff33e7 1
0 0 1 110 -47 ffff34b6 1
0 0 1 0 -80 ffff2084 1
0 0 1 33 44 ffff2084 1
0 0 1 -109 -110 ffff2630 1
0 0 1 -31 20 ffff5506 1
0 0 1 -122 0 ffff529a 1
0 0 1 -63 0 ffff529a 1
0 0 1 67 48 ffff529a 1
0 0 1 -24 68 ffff5f2a 1
0 0 1 101 0 ffff58ca 1
0 0 1 0 77 ffff58ca 1
0 0 1 0 33 ffff58ca 1
0 0 1 -41 0 ffff58ca 1
0 0 1 0 -22 ffff58ca 1
0 0 1 0 73 ffff58ca 1
0 0 1 -98 0 ffff58ca 1
0 0 1 0 24 ffff58ca 1
0 0 1 116 104 ffff58ca 1
0 0 1 33 19 ffff87ea 1
0 0 1 113 0 ffff8a5d 1
0 0 1 -126 0 ffff8a5d 1
0 0 1 -95 0 ffff8a5d 1
0 0 1 -40 -13 ffff8a5d 1
0 0 1 -81 69 ffff8c65 1
0 0 1 -38 0 ffff7690 1
0 0 1 -62 0 ffff7690 1
0 0 1 31 59 ffff7690 1
0 0 1 0 -4 ffff7db5 1
0 0 1 0 96 ffff7db5 1
0 0 1 -19 0 ffff7db5 1
0 0 1 0 29 ffff7db5 1
0 0 1 45 0 ffff7db5 1
0 0 1 109 0 ffff7db5 1
0 0 1 -41 0 ffff7db5 1
0 0 1 -37 68 ffff7db5 1
0 0 1 -72 74 ffff73e1 1
0 0 1 14 -19 ffff5f11 1
0 0 1 -45 -7 ffff5e07 1
0 0 1 120 45 ffff5f42 1
0 0 1 58 -1 ffff745a 1
0 0 1 0 -53 ffff7420 1
0 0 1 -63 42 ffff7420 1
0 0 1 7 0 ffff69ca 1
0 0 1 0 55 ffff69ca 1
0 0 1 0 2 ffff69ca 1
0 0 1 -19 0 ffff69ca 1
0 0 1 -113 0 ffff69ca 1
0 0 1 -108 0 ffff69ca 1
0 0 1 -51 60 ffff69ca 1
0 0 1 0 27 ffff5dd6 1
0 0 1 -43 0 ffff5dd6 1
0 0 1 -96 0 ffff5dd6 1
0 0 1 0 33 ffff5dd6 1
0 0 1 51 0 ffff5dd6 1
0 0 1 -42 0 ffff5dd6 1
0 0 1 0 -15 ffff5dd6 1
0 0 1 -97 -67 ffff5dd6 1
0 0 1 -77 -39 ffff7739 1
0 0 1 0 7 ffff82f4 1
0 0 1 0 -38 ffff82f4 1
0 0 1 30 20 ffff82f4 1
0 0 1 -98 106 ffff854c 1
0 0 1 -109 -5 ffff5cb8 1
0 0 1 58 0 ffff5ed9 1
0 0 1 83 0 ffff5ed9 1
0 0 1 0 -122 ffff5ed9 1
0 0 1 0 119 ffff5ed9 1
0 0 1 0 -74 ffff5ed9 1
0 0 1 -18 73 ffff5ed9 1
0 0 1 0 -69 ffff59b7 1
0 0 1 0 15 ffff59b7 1
0 0 1 -58 0 ffff59b7 1
0 0 1 -93 0 ffff59b7 1
0 0 1 0 6 ffff59b7 1
0 0 1 91 83 ffff59b7 1
0 0 1 0 -16 ffff7738 1
0 0 1 -70 -94 ffff7738 1
0 0 1 69 54 ffff90ec 1
0 0 1 0 -25 ffff9f7a 1
0 0 1 23 -88 ffff9f7a 1
0 0 1 0 -13 ffff9792 1
0 0 1 -121 -19 ffff9792 1
0 0 1 -62 0 ffffa08d 1
0 0 1 102 -119 ffffa08d 1
0 0 1 0 34 ffff7123 1
0 0 1 0 -79 ffff7123 1
0 0 1 -49 -7 ffff7123 1
0 0 1 -51 94 ffff727a 1
0 0 1 8 0 ffff5fc0 1
0 0 1 -85 -87 ffff5fc0 1
0 0 1 -91 -11 ffff7ca3 1
0 0 1 -71 121 ffff808c 1
0 0 1 -39 0 ffff5efd 1
0 0 1 0 -59 ffff5efd 1
0 0 1 -84 -110 ffff5efd 1
0 0 1 -123 0 ffff8315 1
0 0 1 -75 -123 ffff8315 1
0 0 1 97 -39 ffffa71e 1
0 0 1 63 9 ffff9857 1
0 0 1 0 -77 ffff9a8e 1
0 0 1 0 -110 ffff9a8e 1
0 0 1 61 -73 ffff9a8e 1
0 0 1 0 24 ffff8929 1
0 0 1 0 83 ffff8929 1
0 0 1 0 -84 ffff8929 1
0 0 1 -77 114 ffff8929 1
0 0 1 -64 94 ffff66df 1
0 0 1 107 0 ffff4f5f 1
0 0 1 -58 0 ffff4f5f 1
0 0 1 0 -123 ffff4f5f 1
0 0 1 -72 120 ffff4f5f 1
0 0 1 0 -30 ffff2d9f 1
0 0 1 124 0 ffff2d9f 1
0 0 1 0 11 ffff2d9f 1
0 0 1 -51 -14 ffff2d9f 1
0 0 1 68 0 ffff3069 1
0 0 1 0 64 ffff3069 1
0 0 1 -1 0 ffff3069 1
0 0 1 0 -31 ffff3069 1
0 0 1 99 -8 ffff3069 1
0 0 1 0 -44 ffff2d51 1
0 0 1 0 44 ffff2d51 1
0 0 1 0 -110 ffff2d51 1
0 0 1 0 102 ffff2d51 1
0 0 1 96 38 ffff2d51 1
0 0 1 0 -68 ffff3b91 1
0 0 1 0 -99 ffff3b91 1
0 0 1 30 0 ffff3b91 1
0 0 1 0 114 ffff3b91 1
0 0 1 97 61 ffff3b91 1
0 0 1 -17 13 ffff52ae 1
0 0 1 0 30 ffff51d1 1
0 0 1 13 0 ffff51d1 1
0 0 1 -109 -83 ffff51d1 1
0 0 1 81 -41 ffff7528 1
0 0 1 24 0 ffff682f 1
0 0 1 85 57 ffff682f 1
0 0 1 -57 17 ffff7b1c 1
0 0 1 98 0 ffff7753 1
0 0 1 -30 -126 ffff7753 1
0 0 1 28 0 ffff8617 1
0 0 1 124 -35 ffff8617 1
0 0 1 -112 0 ffff7523 1
0 0 1 -55 28 ffff7523 1
0 0 1 -24 0 ffff6f1f 1
0 0 1 -62 -126 ffff6f1f 1
0 0 1 -109 0 ffff8da3 1
0 0 1 25 -58 ffff8da3 1
0 0 1 -54 0 ffff87f9 1
0 0 1 -3 0 ffff87f9 1
0 0 1 -17 0 ffff87f9 1
0 0 1 0 -1 ffff87f9 1
0 0 1 -103 108 ffff87f9 1
0 0 1 25 0 ffff5c85 1
0 0 1 -30 0 ffff5c85 1
0 0 1 124 -81 ffff5c85 1
0 0 1 0 -81 ffff3549 1
0 0 1 90 0 ffff3549 1
0 0 1 -75 106 ffff3549 1
0 0 1 -83 0 ffff163b 1
0 0 1 38 0 ffff163b 1
0 0 1 0 -40 ffff163b 1
0 0 1 0 98 ffff163b 1
0 0 1 -18 0 ffff163b 1
0 0 1 -35 0 ffff163b 1
0 0 1 82 -29 ffff163b 1
0 0 1 21 59 ffff0cf1 1
0 0 1 -14 24 ffff11c8 1
0 0 1 -127 0 ffff1078 1
0 0 1 0 73 ffff1078 1
0 0 1 -97 0 ffff1078 1
0 0 1 3 -90 ffff1078 1
0 0 1 126 24 ffff0f6a 1
0 0 1 0 31 ffff1b3a 1
0 0 1 0 8 ffff1b3a 1
0 0 1 0 -103 ffff1b3a 1
0 0 1 -74 0 ffff1b3a 1
0 0 1 -99 -98 ffff1b3a 1
0 0 1 70 0 ffff4120 1
0 0 1 -73 -39 ffff4120 1
0 0 1 105 58 ffff4c3f 1
0 0 1 0 15 ffff6409 1
0 0 1 -37 0 ffff6409 1
0 0 1 120 0 ffff6409 1
0 0 1 0 -92 ffff6409 1
0 0 1 0 98 ffff6409 1
0 0 1 -78 95 ffff6409 1
0 0 1 0 -115 ffff4717 1
0 0 1 97 0 ffff4717 1
0 0 1 -98 0 ffff4717 1
0 0 1 28 104 ffff4717 1
0 0 1 -67 0 ffff5277 1
0 0 1 0 -13 ffff5277 1
0 0 1 -60 27 ffff5277 1
0 0 1 0 -63 ffff4c23 1
0 0 1 -48 2 ffff4c23 1
0 0 1 0 97 ffff4bc3 1
0 0 1 -128 -105 ffff4bc3 1
0 0 1 -104 26 ffff8043 1
0 0 1 0 -52 ffff75b3 1
0 0 1 123 93 ffff75b3 1
0 0 1 -25 0 ffffa262 1
0 0 1 -66 0 ffffa262 1
0 0 1 0 87 ffffa262 1
0 0 1 0 78 ffffa262 1
0 0 1 0 5 ffffa262 1
0 0 0 37 -83 ffffa262 1
0 0 0 -49 72 ffffa262 0
