1 0 0 0 0 00000000 0
1 0 0 0 0 00000000 0
1 0 0 0 0 00000000 0
0 0 1 0 102 00000000 0
0 0 1 0 -62 00000000 1
0 0 1 67 0 00000000 1
0 0 1 0 106 00000000 1
0 0 1 -119 -16 00000000 1
0 0 1 -3 -59 00000770 1
0 0 1 -35 0 00000821 1
0 0 1 -94 0 00000821 1
0 0 1 75 -31 00000821 1
0 0 1 -62 0 ffffff0c 1
0 0 1 55 60 ffffff0c 1
0 0 1 60 0 00000bf0 1
0 0 1 0 127 00000bf0 1
0 0 1 -2 0 00000bf0 1
0 0 1 -120 0 00000bf0 1
0 0 1 0 34 00000bf0 1
0 0 1 -116 -128 00000bf0 1
0 0 1 0 -124 000045f0 1
0 0 1 -47 -102 000045f0 1
0 0 1 0 -54 000058aa 1
0 0 1 0 1 000058aa 1
0 0 1 24 0 000058aa 1
0 0 1 -51 0 000058aa 1
0 0 1 0 39 000058aa 1
0 0 1 -50 0 000058aa 1
0 0 1 0 15 000058aa 1
0 0 1 79 114 000058aa 1
0 0 1 25 0 00007bd8 1
0 0 1 -1 0 00007bd8 1
0 0 1 -22 -37 00007bd8 1
0 0 1 -8 0 00007f06 1
0 0 1 0 62 00007f06 1
0 0 1 -6 0 00007f06 1
0 0 1 75 63 00007f06 1
0 0 1 0 -76 0000917b 1
0 0 1 -72 -34 0000917b 1
0 0 1 117 106 00009b0b 1
0 0 1 -29 0 0000cb7d 1
0 0 1 99 0 0000cb7d 1
0 0 1 0 -36 0000cb7d 1
0 0 1 0 28 0000cb7d 1
0 0 1 15 0 0000cb7d 1
0 0 1 121 0 0000cb7d 1
0 0 1 75 0 0000cb7d 1
0 0 1 0 95 0000cb7d 1
0 0 1 -82 49 0000cb7d 1
0 0 1 0 -65 0000bbcb 1
0 0 1 0 77 0000bbcb 1
0 0 1 0 69 0000bbcb 1
0 0 1 0 58 0000bbcb 1
0 0 1 -49 0 0000bbcb 1
0 0 1 0 -94 0000bbcb 1
0 0 1 0 19 0000bbcb 1
0 0 1 0 6 0000bbcb 1
0 0 1 0 6 0000bbcb 1
0 0 1 -23 0 0000bbcb 1
0 0 1 -7 0 0000bbcb 1
0 0 1 -23 0 0000bbcb 1
0 0 1 0 -111 0000bbcb 1
0 0 1 119 0 0000bbcb 1
0 0 1 -64 -98 0000bbcb 1
0 0 1 0 17 0000d44b 1
0 0 1 -71 81 0000d44b 1
0 0 1 0 -96 0000bdd4 1
0 0 1 0 11 0000bdd4 1
0 0 1 0 31 0000bdd4 1
0 0 1 0 25 0000bdd4 1
0 0 1 -43 0 0000bdd4 1
0 0 1 0 -30 0000bdd4 1
0 0 1 78 0 0000bdd4 1
0 0 1 0 8 0000bdd4 1
0 0 1 -4 0 0000bdd4 1
0 0 1 110 0 0000bdd4 1
0 0 1 0 -114 0000bdd4 1
0 0 1 0 14 0000bdd4 1
0 0 1 -65 0 0000bdd4 1
0 0 1 26 0 0000bdd4 1
0 0 1 0 113 0000bdd4 1
0 0 1 -112 0 0000bdd4 1
0 0 1 -62 0 0000bdd4 1
0 0 1 -121 0 0000bdd4 1
0 0 1 0 -35 0000bdd4 1
0 0 1 0 -17 0000bdd4 1
0 0 1 -20 0 0000bdd4 1
0 0 1 0 21 0000bdd4 1
0 0 1 0 -68 0000bdd4 1
0 0 1 0 46 0000bdd4 1
0 0 1 0 125 0000bdd4 1
0 0 1 -126 0 0000bdd4 1
0 0 1 19 0 0000bdd4 1
0 0 1 65 0 0000bdd4 1
0 0 1 -119 -31 0000bdd4 1
0 0 1 77 35 0000cc3d 1
0 0 1 14 0 0000d6c4 1
0 0 1 0 9 0000d6c4 1
0 0 1 117 53 0000d6c4 1
0 0 1 0 -9 0000eefd 1
0 0 1 117 0 0000eefd 1
0 0 1 0 38 0000eefd 1
0 0 1 0 66 0000eefd 1
0 0 1 0 -20 0000eefd 1
0 0 1 0 -43 0000eefd 1
0 0 1 0 124 0000eefd 1
0 0 1 -7 0 0000eefd 1
0 0 1 0 -60 0000eefd 1
0 0 1 0 37 0000eefd 1
0 0 1 0 57 0000eefd 1
0 0 1 0 -51 0000eefd 1
0 0 1 56 0 0000eefd 1
0 0 1 119 40 0000eefd 1
0 0 1 28 0 00010195 1
0 0 1 0 92 00010195 1
0 0 1 0 -115 00010195 1
0 0 1 109 0 00010195 1
0 0 1 0 52 00010195 1
0 0 1 -49 0 00010195 1
0 0 1 0 70 00010195 1
0 0 1 13 0 00010195 1
0 0 1 0 69 00010195 1
0 0 1 65 0 00010195 1
0 0 1 0 -57 00010195 1
0 0 1 0 122 00010195 1
0 0 1 0 -67 00010195 1
0 0 1 -24 96 00010195 1
0 0 1 0 91 0000f895 1
0 0 1 0 -40 0000f895 1
0 0 1 0 71 0000f895 1
0 0 1 0 57 0000f895 1
0 0 1 0 -55 0000f895 1
0 0 1 0 -27 0000f895 1
0 0 1 0 -76 0000f895 1
0 0 1 0 -63 0000f895 1
0 0 1 -53 0 0000f895 1
0 0 1 0 -106 0000f895 1
0 0 1 11 92 0000f895 1
0 0 1 0 -79 0000fc89 1
0 0 1 0 125 0000fc89 1
0 0 1 -49 0 0000fc89 1
0 0 1 0 31 0000fc89 1
0 0 1 53 0 0000fc89 1
0 0 1 0 -94 0000fc89 1
0 0 1 -44 0 0000fc89 1
0 0 1 0 -61 0000fc89 1
0 0 1 -55 0 0000fc89 1
0 0 1 0 2 0000fc89 1
0 0 1 46 0 0000fc89 1
0 0 1 0 -61 0000fc89 1
0 0 1 -115 0 0000fc89 1
0 0 1 -22 -118 0000fc89 1
0 0 1 -61 -34 000106ad 1
0 0 1 123 -9 00010ec7 1
0 0 1 -26 0 00010a74 1
0 0 1 36 0 00010a74 1
0 0 1 0 -21 00010a74 1
0 0 1 0 -100 00010a74 1
0 0 1 94 0 00010a74 1
0 0 1 0 23 00010a74 1
0 0 1 -49 0 00010a74 1
0 0 1 0 -125 00010a74 1
0 0 1 -40 0 00010a74 1
0 0 1 0 76 00010a74 1
0 0 1 55 0 00010a74 1
0 0 1 0 123 00010a74 1
0 0 1 -54 0 00010a74 1
0 0 1 0 -36 00010a74 1
0 0 1 0 -77 00010a74 1
0 0 1 0 94 00010a74 1
0 0 1 -49 0 00010a74 1
0 0 1 0 -88 00010a74 1
0 0 1 0 -39 00010a74 1
0 0 1 39 0 00010a74 1
0 0 1 -61 0 00010a74 1
0 0 1 -90 0 00010a74 1
0 0 1 67 0 00010a74 1
0 0 1 -40 0 00010a74 1
0 0 1 0 -96 00010a74 1
0 0 1 52 0 00010a74 1
0 0 1 58 0 00010a74 1
0 0 1 -115 0 00010a74 1
0 0 1 0 -83 00010a74 1
0 0 1 0 -52 00010a74 1
0 0 1 42 0 00010a74 1
0 0 1 74 0 00010a74 1
0 0 1 101 0 00010a74 1
0 0 1 43 0 00010a74 1
0 0 1 0 -68 00010a74 1
0 0 1 69 0 00010a74 1
0 0 1 69 0 00010a74 1
0 0 1 125 0 00010a74 1
0 0 1 -128 0 00010a74 1
0 0 1 -102 0 00010a74 1
0 0 1 0 82 00010a74 1
0 0 1 101 0 00010a74 1
0 0 1 -106 0 00010a74 1
0 0 1 -34 0 00010a74 1
0 0 1 0 -101 00010a74 1
0 0 1 62 0 00010a74 1
0 0 1 113 34 00010a74 1
0 0 1 0 -73 00011976 1
0 0 1 22 0 00011976 1
0 0 1 14 0 00011976 1
0 0 1 -120 0 00011976 1
0 0 1 0 12 00011976 1
0 0 1 -119 0 00011976 1
0 0 1 15 0 00011976 1
0 0 1 -21 0 00011976 1
0 0 1 40 0 00011976 1
0 0 1 0 -125 00011976 1
0 0 1 0 22 00011976 1
0 0 1 -125 -47 00011976 1
0 0 1 0 -20 00013069 1
0 0 1 0 -123 00013069 1
0 0 1 -96 0 00013069 1
0 0 1 0 12 00013069 1
0 0 1 -32 104 00013069 1
0 0 1 0 -100 00012369 1
0 0 1 68 0 00012369 1
0 0 1 0 -94 00012369 1
0 0 1 38 0 00012369 1
0 0 1 56 0 00012369 1
0 0 1 0 -48 00012369 1
0 0 1 77 114 00012369 1
0 0 1 0 -69 000145b3 1
0 0 1 46 -27 000145b3 1
0 0 1 0 -125 000140d9 1
0 0 1 0 -80 000140d9 1
0 0 1 -80 0 000140d9 1
0 0 1 66 0 000140d9 1
0 0 1 62 0 000140d9 1
0 0 1 0 127 000140d9 1
0 0 1 0 54 000140d9 1
0 0 1 0 -69 000140d9 1
0 0 1 0 -116 000140d9 1
0 0 1 0 -79 000140d9 1
0 0 1 73 0 000140d9 1
0 0 1 0 -99 000140d9 1
0 0 1 0 127 000140d9 1
0 0 1 0 -127 000140d9 1
0 0 1 13 0 000140d9 1
0 0 1 -42 0 000140d9 1
0 0 1 81 0 000140d9 1
0 0 1 12 -124 000140d9 1
0 0 1 -81 0 00013b09 1
0 0 1 18 123 00013b09 1
0 0 1 0 49 000143af 1
0 0 1 75 0 000143af 1
0 0 1 14 0 000143af 1
0 0 1 0 24 000143af 1
0 0 1 0 -47 000143af 1
0 0 1 115 0 000143af 1
0 0 1 0 -77 000143af 1
0 0 1 0 35 000143af 1
0 0 1 0 9 000143af 1
0 0 1 -79 0 000143af 1
0 0 1 5 -55 000143af 1
0 0 1 87 0 0001429c 1
0 0 1 0 -22 0001429c 1
0 0 1 0 54 0001429c 1
0 0 1 0 -30 0001429c 1
0 0 1 -28 0 0001429c 1
0 0 1 0 -95 0001429c 1
0 0 1 0 -67 0001429c 1
0 0 1 0 117 0001429c 1
0 0 1 -111 0 0001429c 1
0 0 1 0 67 0001429c 1
0 0 1 0 -40 0001429c 1
0 0 1 54 0 0001429c 1
0 0 1 34 0 0001429c 1
0 0 1 0 -119 0001429c 1
0 0 1 0 -61 0001429c 1
0 0 1 72 0 0001429c 1
0 0 1 0 77 0001429c 1
0 0 1 0 16 0001429c 1
0 0 1 -41 0 0001429c 1
0 0 1 41 0 0001429c 1
0 0 1 0 38 0001429c 1
0 0 1 55 0 0001429c 1
0 0 1 0 -75 0001429c 1
0 0 1 118 0 0001429c 1
0 0 1 0 81 0001429c 1
0 0 1 0 -88 0001429c 1
0 0 1 -113 -38 0001429c 1
0 0 1 -123 0 00015362 1
0 0 1 96 0 00015362 1
0 0 1 9 0 00015362 1
0 0 1 0 -46 00015362 1
0 0 1 53 0 00015362 1
0 0 1 0 -9 00015362 1
0 0 1 -86 0 00015362 1
0 0 1 -108 0 00015362 1
0 0 1 0 -14 00015362 1
0 0 1 107 0 00015362 1
0 0 1 0 -3 00015362 1
0 0 1 -31 0 00015362 1
0 0 1 -120 0 00015362 1
0 0 1 -12 0 00015362 1
0 0 1 33 0 00015362 1
0 0 1 -85 0 00015362 1
0 0 1 121 5 00015362 1
0 0 1 -117 0 000155bf 1
0 0 1 -45 0 000155bf 1
0 0 1 0 -116 000155bf 1
0 0 1 13 0 000155bf 1
0 0 1 0 -73 000155bf 1
0 0 1 3 116 000155bf 1
0 0 1 54 0 0001571b 1
0 0 1 0 -8 0001571b 1
0 0 1 0 -44 0001571b 1
0 0 1 0 -34 0001571b 1
0 0 1 124 0 0001571b 1
0 0 1 -61 0 0001571b 1
0 0 1 0 102 0001571b 1
0 0 1 -78 0 0001571b 1
0 0 1 110 -31 0001571b 1
0 0 1 110 0 000149c9 1
0 0 1 14 67 000149c9 1
0 0 1 0 34 00014d73 1
0 0 1 0 -115 00014d73 1
0 0 1 0 89 00014d73 1
0 0 1 -9 0 00014d73 1
0 0 1 76 0 00014d73 1
0 0 1 0 74 00014d73 1
0 0 1 -12 0 00014d73 1
0 0 1 0 29 00014d73 1
0 0 1 94 43 00014d73 1
0 0 1 0 -74 00015d3d 1
0 0 1 -84 52 00015d3d 1
0 0 1 0 56 00014c2d 1
0 0 1 -127 0 00014c2d 1
0 0 1 0 -69 00014c2d 1
0 0 1 56 0 00014c2d 1
0 0 1 101 -21 00014c2d 1
0 0 1 0 -15 000143e4 1
0 0 1 0 24 000143e4 1
0 0 1 -45 0 000143e4 1
0 0 1 43 0 000143e4 1
0 0 1 -128 0 000143e4 1
0 0 1 -51 0 000143e4 1
0 0 1 60 0 000143e4 1
0 0 1 66 0 000143e4 1
0 0 1 74 49 000143e4 1
0 0 1 96 0 0001520e 1
0 0 1 0 7 0001520e 1
0 0 1 0 3 0001520e 1
0 0 1 16 -14 0001520e 1
0 0 1 0 -66 0001512e 1
0 0 1 -57 -3 0001512e 1
0 0 1 106 27 000151d9 1
0 0 1 0 -10 00015d07 1
0 0 1 93 0 00015d07 1
0 0 1 -125 0 00015d07 1
0 0 1 118 0 00015d07 1
0 0 1 0 -114 00015d07 1
0 0 1 97 0 00015d07 1
0 0 1 0 67 00015d07 1
0 0 1 0 121 00015d07 1
0 0 1 -38 0 00015d07 1
0 0 1 0 94 00015d07 1
0 0 1 43 0 00015d07 1
0 0 1 91 0 00015d07 1
0 0 1 84 0 00015d07 1
0 0 1 0 75 00015d07 1
0 0 1 0 121 00015d07 1
0 0 1 0 -69 00015d07 1
0 0 1 0 -79 00015d07 1
0 0 1 -15 0 00015d07 1
0 0 1 84 7 00015d07 1
0 0 1 -57 79 00015f53 1
0 0 1 0 53 00014dbc 1
0 0 1 0 -64 00014dbc 1
0 0 1 14 103 00014dbc 1
0 0 1 -111 0 0001535e 1
0 0 1 -99 0 0001535e 1
0 0 1 0 -18 0001535e 1
0 0 1 0 -77 0001535e 1
0 0 1 57 53 0001535e 1
0 0 1 58 0 00015f2b 1
0 0 1 66 0 00015f2b 1
0 0 1 -68 62 00015f2b 1
0 0 1 73 43 00014eb3 1
0 0 1 0 -108 00015af6 1
0 0 1 0 -16 00015af6 1
0 0 1 102 0 00015af6 1
0 0 1 0 -52 00015af6 1
0 0 1 0 29 00015af6 1
0 0 1 0 -127 00015af6 1
0 0 1 6 0 00015af6 1
0 0 1 0 -42 00015af6 1
0 0 1 0 110 00015af6 1
0 0 1 0 93 00015af6 1
0 0 1 0 -105 00015af6 1
0 0 1 -39 0 00015af6 1
0 0 1 113 0 00015af6 1
0 0 1 -7 0 00015af6 1
0 0 1 0 40 00015af6 1
0 0 1 0 64 00015af6 1
0 0 1 0 -128 00015af6 1
0 0 1 0 -80 00015af6 1
0 0 1 36 -31 00015af6 1
0 0 1 -45 0 0001569a 1
0 0 1 0 -127 0001569a 1
0 0 1 0 -81 0001569a 1
0 0 1 79 0 0001569a 1
0 0 1 89 0 0001569a 1
0 0 1 43 0 0001569a 1
0 0 1 31 0 0001569a 1
0 0 1 0 -70 0001569a 1
0 0 1 -108 0 0001569a 1
0 0 1 0 -40 0001569a 1
0 0 1 -88 92 0001569a 1
0 0 1 88 103 000136fa 1
0 0 1 0 51 00015a62 1
0 0 1 -77 0 00015a62 1
0 0 1 -78 0 00015a62 1
0 0 1 84 0 00015a62 1
0 0 1 -30 0 00015a62 1
0 0 1 89 0 00015a62 1
0 0 1 -53 0 00015a62 1
0 0 1 0 -76 00015a62 1
0 0 1 -65 65 00015a62 1
0 0 1 0 60 000149e1 1
0 0 1 0 108 000149e1 1
0 0 1 0 15 000149e1 1
0 0 1 -16 92 000149e1 1
0 0 1 -34 0 00014421 1
0 0 1 -37 0 00014421 1
0 0 1 0 -109 00014421 1
0 0 1 -33 0 00014421 1
0 0 1 -43 0 00014421 1
0 0 1 -46 0 00014421 1
0 0 1 0 44 00014421 1
0 0 1 0 92 00014421 1
0 0 1 0 -62 00014421 1
0 0 1 -9 0 00014421 1
0 0 1 20 0 00014421 1
0 0 1 0 4 00014421 1
0 0 1 -35 0 00014421 1
0 0 1 77 0 00014421 1
0 0 1 0 27 00014421 1
0 0 1 0 26 00014421 1
0 0 1 0 -124 00014421 1
0 0 1 0 2 00014421 1
0 0 1 0 14 00014421 1
0 0 1 -27 -125 00014421 1
0 0 1 0 27 00015150 1
0 0 1 0 119 00015150 1
0 0 1 0 76 00015150 1
0 0 1 54 0 00015150 1
0 0 1 19 0 00015150 1
0 0 1 0 -39 00015150 1
0 0 1 0 75 00015150 1
0 0 1 -28 0 00015150 1
0 0 1 0 -23 00015150 1
0 0 1 98 -113 00015150 1
0 0 1 4 0 0001260e 1
0 0 1 0 -123 0001260e 1
0 0 1 0 -68 0001260e 1
0 0 1 0 67 0001260e 1
0 0 1 -39 0 0001260e 1
0 0 1 100 0 0001260e 1
0 0 1 0 79 0001260e 1
0 0 1 -43 0 0001260e 1
0 0 1 0 54 0001260e 1
0 0 1 75 0 0001260e 1
0 0 1 -22 0 0001260e 1
0 0 1 -124 0 0001260e 1
0 0 1 0 82 0001260e 1
0 0 1 0 -11 0001260e 1
0 0 1 -18 0 0001260e 1
0 0 1 116 0 0001260e 1
0 0 1 -32 0 0001260e 1
0 0 1 -107 0 0001260e 1
0 0 1 -118 0 0001260e 1
0 0 1 6 0 0001260e 1
0 0 1 112 0 0001260e 1
0 0 1 98 0 0001260e 1
0 0 1 -5 0 0001260e 1
0 0 1 22 -9 0001260e 1
0 0 1 0 -127 00012548 1
0 0 1 0 110 00012548 1
0 0 1 1 0 00012548 1
0 0 1 1 0 00012548 1
0 0 1 0 102 00012548 1
0 0 1 0 -70 00012548 1
0 0 1 -57 0 00012548 1
0 0 1 -86 -69 00012548 1
0 0 1 0 -32 00013c76 1
0 0 1 0 85 00013c76 1
0 0 1 -71 0 00013c76 1
0 0 1 0 -114 00013c76 1
0 0 1 110 -112 00013c76 1
0 0 1 0 -10 00010c56 1
0 0 1 -96 0 00010c56 1
0 0 1 14 0 00010c56 1
0 0 1 38 0 00010c56 1
0 0 1 -8 0 00010c56 1
0 0 1 0 -49 00010c56 1
0 0 1 107 0 00010c56 1
0 0 1 -116 0 00010c56 1
0 0 1 84 72 00010c56 1
0 0 1 0 -60 000123f6 1
0 0 1 72 0 000123f6 1
0 0 1 40 0 000123f6 1
0 0 1 115 0 000123f6 1
0 0 1 0 -121 000123f6 1
0 0 1 0 -105 000123f6 1
0 0 1 0 10 000123f6 1
0 0 1 0 116 000123f6 1
0 0 1 0 -4 000123f6 1
0 0 1 0 77 000123f6 1
0 0 1 0 -25 000123f6 1
0 0 1 0 -3 000123f6 1
0 0 1 -109 0 000123f6 1
0 0 1 0 106 000123f6 1
0 0 1 0 85 000123f6 1
0 0 1 -60 0 000123f6 1
0 0 1 79 0 000123f6 1
0 0 1 0 -89 000123f6 1
0 0 1 4 0 000123f6 1
0 0 1 14 0 000123f6 1
0 0 1 77 0 000123f6 1
0 0 1 106 0 000123f6 1
0 0 1 0 27 000123f6 1
0 0 1 -29 70 000123f6 1
0 0 1 -107 0 00011c08 1
0 0 1 0 -106 00011c08 1
0 0 1 77 0 00011c08 1
0 0 1 11 0 00011c08 1
0 0 1 0 -120 00011c08 1
0 0 1 103 0 00011c08 1
0 0 1 -19 125 00011c08 1
0 0 1 -67 0 000112c1 1
0 0 1 -52 0 000112c1 1
0 0 1 0 -119 000112c1 1
0 0 1 0 -7 000112c1 1
0 0 1 0 27 000112c1 1
0 0 1 0 -44 000112c1 1
0 0 1 -41 0 000112c1 1
0 0 1 0 -91 000112c1 1
0 0 1 -124 0 000112c1 1
0 0 1 14 110 000112c1 1
0 0 1 -43 0 000118c5 1
0 0 1 -80 0 000118c5 1
0 0 1 -100 0 000118c5 1
0 0 1 0 50 000118c5 1
0 0 1 0 57 000118c5 1
0 0 1 0 41 000118c5 1
0 0 1 -123 0 000118c5 1
0 0 1 0 92 000118c5 1
0 0 1 0 43 000118c5 1
0 0 1 -94 0 000118c5 1
0 0 1 0 -29 000118c5 1
0 0 1 -103 0 000118c5 1
0 0 1 87 0 000118c5 1
0 0 1 0 -75 000118c5 1
0 0 1 0 -17 000118c5 1
0 0 1 -101 0 000118c5 1
0 0 1 110 0 000118c5 1
0 0 1 0 -78 000118c5 1
0 0 1 0 15 000118c5 1
0 0 1 118 5 000118c5 1
0 0 1 -69 0 00011b13 1
0 0 1 0 58 00011b13 1
0 0 1 14 -97 00011b13 1
0 0 1 6 0 000115c5 1
0 0 1 80 0 000115c5 1
0 0 1 71 0 000115c5 1
0 0 1 34 0 000115c5 1
0 0 1 0 103 000115c5 1
0 0 1 61 0 000115c5 1
0 0 1 111 0 000115c5 1
0 0 1 0 10 000115c5 1
0 0 1 -8 0 000115c5 1
0 0 1 -77 0 000115c5 1
0 0 1 0 91 000115c5 1
0 0 1 0 45 000115c5 1
0 0 1 93 10 000115c5 1
0 0 1 0 -114 00011967 1
0 0 1 0 69 00011967 1
0 0 1 0 90 00011967 1
0 0 1 0 -51 00011967 1
0 0 1 79 0 00011967 1
0 0 1 0 29 00011967 1
0 0 1 0 66 00011967 1
0 0 1 0 113 00011967 1
0 0 1 0 95 00011967 1
0 0 1 0 -55 00011967 1
0 0 1 0 -79 00011967 1
0 0 1 0 21 00011967 1
0 0 1 -78 0 00011967 1
0 0 1 -27 0 00011967 1
0 0 1 0 -78 00011967 1
0 0 1 0 86 00011967 1
0 0 1 0 97 00011967 1
0 0 1 0 111 00011967 1
0 0 1 0 43 00011967 1
0 0 1 0 -94 00011967 1
0 0 1 0 -29 00011967 1
0 0 1 123 0 00011967 1
0 0 1 0 -49 00011967 1
0 0 1 0 -122 00011967 1
0 0 1 -5 0 00011967 1
0 0 1 33 0 00011967 1
0 0 1 -24 0 00011967 1
0 0 1 3 0 00011967 1
0 0 1 0 107 00011967 1
0 0 1 57 0 00011967 1
0 0 1 0 94 00011967 1
0 0 1 0 -8 00011967 1
0 0 1 -58 0 00011967 1
0 0 1 0 71 00011967 1
0 0 1 0 38 00011967 1
0 0 1 55 0 00011967 1
0 0 1 0 -113 00011967 1
0 0 1 0 -85 00011967 1
0 0 1 -107 0 00011967 1
0 0 1 0 -41 00011967 1
0 0 1 -51 -35 00011967 1
0 0 1 -83 0 00012060 1
0 0 1 0 -8 00012060 1
0 0 1 0 127 00012060 1
0 0 1 0 15 00012060 1
0 0 1 -94 -115 00012060 1
0 0 1 -38 75 00014a9a 1
0 0 1 95 0 00013f78 1
0 0 1 56 0 00013f78 1
0 0 1 -58 0 00013f78 1
0 0 1 0 -41 00013f78 1
0 0 1 17 0 00013f78 1
0 0 1 -55 0 00013f78 1
0 0 1 0 -113 00013f78 1
0 0 1 0 115 00013f78 1
0 0 1 69 -114 00013f78 1
0 0 1 0 -3 000120be 1
0 0 1 -119 0 000120be 1
0 0 1 0 87 000120be 1
0 0 1 -112 0 000120be 1
0 0 1 54 0 000120be 1
0 0 1 0 12 000120be 1
0 0 1 0 -2 000120be 1
0 0 1 21 0 000120be 1
0 0 1 0 43 000120be 1
0 0 1 0 117 000120be 1
0 0 1 0 6 000120be 1
0 0 1 41 0 000120be 1
0 0 1 120 0 000120be 1
0 0 1 0 -20 000120be 1
0 0 1 -15 0 000120be 1
0 0 1 -41 123 000120be 1
0 0 1 0 39 00010d0b 1
0 0 1 0 115 00010d0b 1
0 0 1 -102 0 00010d0b 1
0 0 1 0 -26 00010d0b 1
0 0 1 50 -80 00010d0b 1
0 0 1 -128 0 0000fd6b 1
0 0 1 0 -69 0000fd6b 1
0 0 1 -82 0 0000fd6b 1
0 0 1 0 50 0000fd6b 1
0 0 1 0 24 0000fd6b 1
0 0 1 0 -101 0000fd6b 1
0 0 1 0 -98 0000fd6b 1
0 0 1 -88 0 0000fd6b 1
0 0 1 54 0 0000fd6b 1
0 0 1 -42 0 0000fd6b 1
0 0 1 -93 0 0000fd6b 1
0 0 1 0 95 0000fd6b 1
0 0 1 109 0 0000fd6b 1
0 0 1 -73 0 0000fd6b 1
0 0 1 0 87 0000fd6b 1
0 0 1 37 0 0000fd6b 1
0 0 1 109 0 0000fd6b 1
0 0 1 0 70 0000fd6b 1
0 0 1 0 -56 0000fd6b 1
0 0 1 8 0 0000fd6b 1
0 0 1 0 102 0000fd6b 1
0 0 1 -117 0 0000fd6b 1
0 0 1 -35 0 0000fd6b 1
0 0 1 0 -85 0000fd6b 1
0 0 1 -63 0 0000fd6b 1
0 0 1 101 0 0000fd6b 1
0 0 1 0 -122 0000fd6b 1
0 0 1 0 50 0000fd6b 1
0 0 1 0 116 0000fd6b 1
0 0 1 0 15 0000fd6b 1
0 0 1 -59 0 0000fd6b 1
0 0 1 123 55 0000fd6b 1
0 0 1 -45 0 000117d8 1
0 0 1 118 -127 000117d8 1
0 0 1 39 -123 0000dd4e 1
0 0 1 -6 0 0000ca91 1
0 0 1 51 0 0000ca91 1
0 0 1 108 25 0000ca91 1
0 0 1 0 123 0000d51d 1
0 0 1 0 -21 0000d51d 1
0 0 1 0 -39 0000d51d 1
0 0 1 -47 0 0000d51d 1
0 0 1 -7 0 0000d51d 1
0 0 1 -123 0 0000d51d 1
0 0 1 0 99 0000d51d 1
0 0 1 115 0 0000d51d 1
0 0 1 -45 0 0000d51d 1
0 0 1 0 91 0000d51d 1
0 0 1 -12 0 0000d51d 1
0 0 1 -60 -94 0000d51d 1
0 0 1 25 0 0000eb25 1
0 0 1 0 -44 0000eb25 1
0 0 1 -94 0 0000eb25 1
0 0 1 -85 0 0000eb25 1
0 0 1 0 -32 0000eb25 1
0 0 1 0 14 0000eb25 1
0 0 1 43 -100 0000eb25 1
0 0 1 36 -41 0000da59 1
0 0 1 -21 0 0000d495 1
0 0 1 -2 0 0000d495 1
0 0 1 0 -75 0000d495 1
0 0 1 -33 0 0000d495 1
0 0 1 22 0 0000d495 1
0 0 1 12 0 0000d495 1
0 0 1 126 0 0000d495 1
0 0 1 0 30 0000d495 1
0 0 1 0 -103 0000d495 1
0 0 1 -51 69 0000d495 1
0 0 1 0 -55 0000c6d6 1
0 0 1 120 0 0000c6d6 1
0 0 1 17 0 0000c6d6 1
0 0 1 0 -124 0000c6d6 1
0 0 1 0 -10 0000c6d6 1
0 0 1 0 -5 0000c6d6 1
0 0 1 4 0 0000c6d6 1
0 0 1 0 29 0000c6d6 1
0 0 1 0 -81 0000c6d6 1
0 0 1 0 35 0000c6d6 1
0 0 1 -102 0 0000c6d6 1
0 0 1 115 0 0000c6d6 1
0 0 1 -103 0 0000c6d6 1
0 0 1 0 -123 0000c6d6 1
0 0 1 -33 0 0000c6d6 1
0 0 1 113 0 0000c6d6 1
0 0 1 0 -95 0000c6d6 1
0 0 1 0 42 0000c6d6 1
0 0 1 0 115 0000c6d6 1
0 0 1 71 0 0000c6d6 1
0 0 1 0 -4 0000c6d6 1
0 0 1 2 0 0000c6d6 1
0 0 1 0 -61 0000c6d6 1
0 0 1 26 -107 0000c6d6 1
0 0 1 57 4 0000bbf8 1
0 0 1 0 21 0000bcdc 1
0 0 1 12 0 0000bcdc 1
0 0 1 102 0 0000bcdc 1
0 0 1 0 -114 0000bcdc 1
0 0 1 0 8 0000bcdc 1
0 0 1 0 89 0000bcdc 1
0 0 1 -126 0 0000bcdc 1
0 0 1 0 11 0000bcdc 1
0 0 1 -112 0 0000bcdc 1
0 0 1 119 0 0000bcdc 1
0 0 1 0 11 0000bcdc 1
0 0 1 6 0 0000bcdc 1
0 0 1 120 0 0000bcdc 1
0 0 1 97 0 0000bcdc 1
0 0 1 -111 0 0000bcdc 1
0 0 1 0 13 0000bcdc 1
0 0 1 48 0 0000bcdc 1
0 0 1 -21 0 0000bcdc 1
0 0 1 0 -111 0000bcdc 1
0 0 1 0 97 0000bcdc 1
0 0 1 0 100 0000bcdc 1
0 0 1 0 -108 0000bcdc 1
0 0 1 0 108 0000bcdc 1
0 0 1 0 23 0000bcdc 1
0 0 1 8 0 0000bcdc 1
0 0 1 0 -12 0000bcdc 1
0 0 1 0 117 0000bcdc 1
0 0 1 0 57 0000bcdc 1
0 0 1 0 23 0000bcdc 1
0 0 1 0 -68 0000bcdc 1
0 0 1 -96 0 0000bcdc 1
0 0 1 -59 0 0000bcdc 1
0 0 1 24 0 0000bcdc 1
0 0 1 -35 0 0000bcdc 1
0 0 1 0 -113 0000bcdc 1
0 0 1 93 0 0000bcdc 1
0 0 1 0 -83 0000bcdc 1
0 0 1 0 -82 0000bcdc 1
0 0 1 0 105 0000bcdc 1
0 0 1 25 0 0000bcdc 1
0 0 1 -66 0 0000bcdc 1
0 0 1 8 0 0000bcdc 1
0 0 1 0 64 0000bcdc 1
0 0 1 96 0 0000bcdc 1
0 0 1 26 0 0000bcdc 1
0 0 1 -18 0 0000bcdc 1
0 0 1 0 -9 0000bcdc 1
0 0 1 110 -47 0000bcdc 1
0 0 1 0 -80 0000a8aa 1
0 0 1 33 0 0000a8aa 1
0 0 1 -109 -110 0000a8aa 1
0 0 1 -31 0 0000d780 1
0 0 1 0 22 0000d780 1
0 0 1 0 66 0000d780 1
0 0 1 0 48 0000d780 1
0 0 1 -24 0 0000d780 1
0 0 1 101 0 0000d780 1
0 0 1 0 77 0000d780 1
0 0 1 0 33 0000d780 1
0 0 1 0 80 0000d780 1
0 0 1 -118 0 0000d780 1
0 0 1 0 73 0000d780 1
0 0 1 -98 0 0000d780 1
0 0 1 0 24 0000d780 1
0 0 1 116 0 0000d780 1
0 0 1 33 19 0000d780 1
0 0 1 113 0 0000d9f3 1
0 0 1 0 98 0000d9f3 1
0 0 1 0 -71 0000d9f3 1
0 0 1 -40 0 0000d9f3 1
0 0 1 -81 0 0000d9f3 1
0 0 1 0 127 0000d9f3 1
0 0 1 0 -113 0000d9f3 1
0 0 1 0 59 0000d9f3 1
0 0 1 -61 0 0000d9f3 1
0 0 1 0 96 0000d9f3 1
0 0 1 -19 0 0000d9f3 1
0 0 1 -123 0 0000d9f3 1
0 0 1 45 0 0000d9f3 1
0 0 1 109 0 0000d9f3 1
0 0 1 0 51 0000d9f3 1
0 0 1 0 68 0000d9f3 1
0 0 1 0 74 0000d9f3 1
0 0 1 0 -19 0000d9f3 1
0 0 1 -45 -7 0000d9f3 1
0 0 1 0 45 0000db2e 1
0 0 1 0 -1 0000db2e 1
0 0 1 0 -53 0000db2e 1
0 0 1 0 42 0000db2e 1
0 0 1 7 0 0000db2e 1
0 0 1 0 55 0000db2e 1
0 0 1 0 2 0000db2e 1
0 0 1 -19 0 0000db2e 1
0 0 1 -113 0 0000db2e 1
0 0 1 -108 0 0000db2e 1
0 0 1 0 60 0000db2e 1
0 0 1 0 27 0000db2e 1
0 0 1 0 -24 0000db2e 1
0 0 1 -96 0 0000db2e 1
0 0 1 0 33 0000db2e 1
0 0 1 0 -48 0000db2e 1
0 0 1 -42 0 0000db2e 1
0 0 1 0 -15 0000db2e 1
0 0 1 -97 0 0000db2e 1
0 0 1 0 -39 0000db2e 1
0 0 1 0 7 0000db2e 1
0 0 1 0 -38 0000db2e 1
0 0 1 0 20 0000db2e 1
0 0 1 -98 106 0000db2e 1
0 0 1 -109 -5 0000b29a 1
0 0 1 58 0 0000b4bb 1
0 0 1 0 119 0000b4bb 1
0 0 1 0 -122 0000b4bb 1
0 0 1 -117 0 0000b4bb 1
0 0 1 -83 0 0000b4bb 1
0 0 1 -18 0 0000b4bb 1
0 0 1 0 -69 0000b4bb 1
0 0 1 -59 0 0000b4bb 1
0 0 1 0 61 0000b4bb 1
0 0 1 0 22 0000b4bb 1
0 0 1 0 6 0000b4bb 1
0 0 1 91 0 0000b4bb 1
0 0 1 0 -16 0000b4bb 1
0 0 1 -70 0 0000b4bb 1
0 0 1 0 54 0000b4bb 1
0 0 1 96 0 0000b4bb 1
0 0 1 0 -88 0000b4bb 1
0 0 1 0 -13 0000b4bb 1
0 0 1 -121 -19 0000b4bb 1
0 0 1 -62 0 0000bdb6 1
0 0 1 102 0 0000bdb6 1
0 0 1 108 0 0000bdb6 1
0 0 1 -77 0 0000bdb6 1
0 0 1 0 -7 0000bdb6 1
0 0 1 -51 0 0000bdb6 1
0 0 1 8 0 0000bdb6 1
0 0 1 -85 -87 0000bdb6 1
0 0 1 -91 0 0000da99 1
0 0 1 0 121 0000da99 1
0 0 1 0 93 0000da99 1
0 0 1 0 -59 0000da99 1
0 0 1 -84 -110 0000da99 1
0 0 1 0 52 0000feb1 1
0 0 1 -75 0 0000feb1 1
0 0 1 97 0 0000feb1 1
0 0 1 63 9 0000feb1 1
0 0 1 0 -77 000100e8 1
0 0 1 40 0 000100e8 1
0 0 1 0 -73 000100e8 1
0 0 1 0 24 000100e8 1
0 0 1 13 0 000100e8 1
0 0 1 0 -84 000100e8 1
0 0 1 -77 0 000100e8 1
0 0 1 -64 94 000100e8 1
0 0 1 0 -77 0000e968 1
0 0 1 -58 0 0000e968 1
0 0 1 123 0 0000e968 1
0 0 1 0 120 0000e968 1
0 0 1 0 -30 0000e968 1
0 0 1 0 123 0000e968 1
0 0 1 88 0 0000e968 1
0 0 1 -51 -14 0000e968 1
0 0 1 68 0 0000ec32 1
0 0 1 0 64 0000ec32 1
0 0 1 0 118 0000ec32 1
0 0 1 120 0 0000ec32 1
0 0 1 99 0 0000ec32 1
0 0 1 -115 0 0000ec32 1
0 0 1 89 0 0000ec32 1
0 0 1 -28 0 0000ec32 1
0 0 1 46 0 0000ec32 1
0 0 1 96 38 0000ec32 1
0 0 1 0 -68 0000fa72 1
0 0 1 0 -99 0000fa72 1
0 0 1 30 0 0000fa72 1
0 0 1 -37 0 0000fa72 1
0 0 1 0 61 0000fa72 1
0 0 1 -17 13 0000fa72 1
0 0 1 0 30 0000f995 1
0 0 1 13 0 0000f995 1
0 0 1 -109 0 0000f995 1
0 0 1 0 -41 0000f995 1
0 0 1 24 0 0000f995 1
0 0 1 0 57 0000f995 1
0 0 1 -57 0 0000f995 1
0 0 1 98 0 0000f995 1
0 0 1 -30 0 0000f995 1
0 0 1 28 0 0000f995 1
0 0 1 0 -35 0000f995 1
0 0 1 -112 0 0000f995 1
0 0 1 0 28 0000f995 1
0 0 1 0 -88 0000f995 1
0 0 1 -62 0 0000f995 1
0 0 1 0 116 0000f995 1
0 0 1 0 -58 0000f995 1
0 0 1 -54 0 0000f995 1
0 0 1 0 -63 0000f995 1
0 0 1 0 -62 0000f995 1
0 0 1 0 -1 0000f995 1
0 0 1 -103 0 0000f995 1
0 0 1 0 67 0000f995 1
0 0 1 0 -11 0000f995 1
0 0 1 0 -81 0000f995 1
0 0 1 0 -81 0000f995 1
0 0 1 90 0 0000f995 1
0 0 1 0 106 0000f995 1
0 0 1 -83 0 0000f995 1
0 0 1 38 0 0000f995 1
0 0 1 0 -40 0000f995 1
0 0 1 -68 0 0000f995 1
0 0 1 -18 0 0000f995 1
0 0 1 0 101 0000f995 1
0 0 1 82 0 0000f995 1
0 0 1 21 0 0000f995 1
0 0 1 0 24 0000f995 1
0 0 1 -127 0 0000f995 1
0 0 1 0 73 0000f995 1
0 0 1 0 -37 0000f995 1
0 0 1 3 -90 0000f995 1
0 0 1 126 0 0000f887 1
0 0 1 0 31 0000f887 1
0 0 1 95 0 0000f887 1
0 0 1 70 0 0000f887 1
0 0 1 0 118 0000f887 1
0 0 1 -99 0 0000f887 1
0 0 1 70 0 0000f887 1
0 0 1 0 -39 0000f887 1
0 0 1 0 58 0000f887 1
0 0 1 0 15 0000f887 1
0 0 1 0 40 0000f887 1
0 0 1 0 -17 0000f887 1
0 0 1 0 -92 0000f887 1
0 0 1 7 0 0000f887 1
0 0 1 -78 95 0000f887 1
0 0 1 -90 0 0000db95 1
0 0 1 97 0 0000db95 1
0 0 1 0 -92 0000db95 1
0 0 1 28 104 0000db95 1
0 0 1 0 97 0000e6f5 1
0 0 1 0 -13 0000e6f5 1
0 0 1 0 27 0000e6f5 1
0 0 1 12 0 0000e6f5 1
0 0 1 0 2 0000e6f5 1
0 0 1 0 97 0000e6f5 1
0 0 1 -128 0 0000e6f5 1
0 0 1 0 26 0000e6f5 1
0 0 1 -79 0 0000e6f5 1
0 0 1 123 93 0000e6f5 1
0 0 1 -25 0 000113a4 1
0 0 1 0 35 000113a4 1
0 0 1 59 0 000113a4 1
0 0 1 0 78 000113a4 1
0 0 1 33 0 000113a4 1
0 0 0 37 -83 000113a4 1
0 0 0 -49 72 000113a4 0
