1 0 0 0 0 00000000 0
1 0 0 0 0 00000000 0
1 0 0 0 0 00000000 0
0 0 1 60 0 00000000 0
0 0 1 10 0 00000000 1
0 0 1 -16 0 00000000 1
0 0 1 0 69 00000000 1
0 0 1 28 0 00000000 1
0 0 1 0 125 00000000 1
0 0 1 0 78 00000000 1
0 0 1 0 97 00000000 1
0 0 1 0 -21 00000000 1
0 0 1 -45 0 00000000 1
0 0 1 0 -55 00000000 1
0 0 1 0 -73 00000000 1
0 0 1 59 0 00000000 1
0 0 1 0 -114 00000000 1
0 0 1 -49 0 00000000 1
0 0 1 0 -100 00000000 1
0 0 1 99 0 00000000 1
0 0 1 0 2 00000000 1
0 0 1 0 -45 00000000 1
0 0 1 0 122 00000000 1
0 0 1 -28 0 00000000 1
0 0 1 0 -13 00000000 1
0 0 1 -23 0 00000000 1
0 0 1 -50 0 00000000 1
0 0 1 0 108 00000000 1
0 0 1 -71 0 00000000 1
0 0 1 52 0 00000000 1
0 0 1 58 0 00000000 1
0 0 1 -21 0 00000000 1
0 0 1 0 54 00000000 1
0 0 1 -18 0 00000000 1
0 0 1 0 29 00000000 1
0 0 1 0 92 00000000 1
0 0 1 0 -48 00000000 1
0 0 1 0 93 00000000 1
0 0 1 0 124 00000000 1
0 0 1 0 -69 00000000 1
0 0 1 -65 0 00000000 1
0 0 1 -120 0 00000000 1
0 0 1 0 -44 00000000 1
0 0 1 44 0 00000000 1
0 0 1 0 24 00000000 1
0 0 1 -78 0 00000000 1
0 0 1 125 0 00000000 1
0 0 1 0 89 00000000 1
0 0 1 78 0 00000000 1
0 0 1 32 0 00000000 1
0 0 1 1 0 00000000 1
0 0 1 0 20 00000000 1
0 0 1 0 -29 00000000 1
0 0 1 34 0 00000000 1
0 0 1 -21 0 00000000 1
0 0 1 -35 0 00000000 1
0 0 1 0 -67 00000000 1
0 0 1 -71 0 00000000 1
0 0 1 0 -90 00000000 1
0 0 1 67 0 00000000 1
0 0 1 0 -47 00000000 1
0 0 1 -22 0 00000000 1
0 0 1 0 -34 00000000 1
0 0 1 0 73 00000000 1
0 0 1 -70 0 00000000 1
0 0 1 0 51 00000000 1
0 0 1 0 16 00000000 1
0 0 1 0 36 00000000 1
0 0 1 -95 0 00000000 1
0 0 1 -101 0 00000000 1
0 0 1 47 0 00000000 1
0 0 1 0 60 00000000 1
0 0 1 -24 0 00000000 1
0 0 1 -85 0 00000000 1
0 0 1 -81 0 00000000 1
0 0 1 34 0 00000000 1
0 0 1 0 -5 00000000 1
0 0 1 -93 0 00000000 1
0 0 1 0 -9 00000000 1
0 0 1 -111 0 00000000 1
0 0 1 81 0 00000000 1
0 0 1 -21 0 00000000 1
0 0 1 0 96 00000000 1
0 0 1 0 10 00000000 1
0 0 1 0 113 00000000 1
0 0 1 -74 0 00000000 1
0 0 1 -65 0 00000000 1
0 0 1 -125 0 00000000 1
0 0 1 0 -117 00000000 1
0 0 1 0 -16 00000000 1
0 0 1 36 0 00000000 1
0 0 1 -8 0 00000000 1
0 0 1 -81 0 00000000 1
0 0 1 0 93 00000000 1
0 0 1 0 125 00000000 1
0 0 1 0 123 00000000 1
0 0 1 122 0 00000000 1
0 0 1 33 0 00000000 1
0 0 1 46 0 00000000 1
0 0 1 -1 0 00000000 1
0 0 1 0 -85 00000000 1
0 0 1 44 0 00000000 1
0 0 1 0 -21 00000000 1
0 0 1 0 -55 00000000 1
0 0 1 0 13 00000000 1
0 0 1 0 76 00000000 1
0 0 1 0 -60 00000000 1
0 0 1 0 112 00000000 1
0 0 1 0 -56 00000000 1
0 0 1 49 0 00000000 1
0 0 1 0 -87 00000000 1
0 0 1 50 0 00000000 1
0 0 1 0 27 00000000 1
0 0 1 -67 0 00000000 1
0 0 1 53 0 00000000 1
0 0 1 -86 0 00000000 1
0 0 1 0 41 00000000 1
0 0 1 62 0 00000000 1
0 0 1 -72 0 00000000 1
0 0 1 118 0 00000000 1
0 0 1 0 -3 00000000 1
0 0 1 0 57 00000000 1
0 0 1 0 67 00000000 1
0 0 1 -119 0 00000000 1
0 0 1 0 44 00000000 1
0 0 1 12 0 00000000 1
0 0 1 -95 0 00000000 1
0 0 1 0 8 00000000 1
0 0 1 0 104 00000000 1
0 0 1 0 -24 00000000 1
0 0 1 0 48 00000000 1
0 0 1 0 -43 00000000 1
0 0 1 -91 0 00000000 1
0 0 1 77 0 00000000 1
0 0 1 67 0 00000000 1
0 0 1 0 -104 00000000 1
0 0 1 91 0 00000000 1
0 0 1 0 110 00000000 1
0 0 1 0 -126 00000000 1
0 0 1 93 0 00000000 1
0 0 1 0 63 00000000 1
0 0 1 35 0 00000000 1
0 0 1 0 -111 00000000 1
0 0 1 -116 0 00000000 1
0 0 1 -22 0 00000000 1
0 0 1 0 -61 00000000 1
0 0 1 0 -98 00000000 1
0 0 1 0 46 00000000 1
0 0 1 -60 0 00000000 1
0 0 1 -119 0 00000000 1
0 0 1 0 59 00000000 1
0 0 1 0 -68 00000000 1
0 0 1 0 25 00000000 1
0 0 1 -1 0 00000000 1
0 0 1 0 -107 00000000 1
0 0 1 0 123 00000000 1
0 0 1 0 29 00000000 1
0 0 1 0 -64 00000000 1
0 0 1 0 35 00000000 1
0 0 1 -5 0 00000000 1
0 0 1 -13 0 00000000 1
0 0 1 0 -22 00000000 1
0 0 1 0 -24 00000000 1
0 0 1 46 0 00000000 1
0 0 1 98 0 00000000 1
0 0 1 116 0 00000000 1
0 0 1 0 95 00000000 1
0 0 1 43 0 00000000 1
0 0 1 8 0 00000000 1
0 0 1 -126 0 00000000 1
0 0 1 -36 0 00000000 1
0 0 1 29 0 00000000 1
0 0 1 18 0 00000000 1
0 0 1 0 29 00000000 1
0 0 1 0 3 00000000 1
0 0 1 0 -66 00000000 1
0 0 1 0 -117 00000000 1
0 0 1 0 125 00000000 1
0 0 1 0 -94 00000000 1
0 0 1 -40 0 00000000 1
0 0 1 114 0 00000000 1
0 0 1 45 0 00000000 1
0 0 1 0 73 00000000 1
0 0 1 103 0 00000000 1
0 0 1 0 -50 00000000 1
0 0 1 0 8 00000000 1
0 0 1 -127 0 00000000 1
0 0 1 0 -38 00000000 1
0 0 1 0 -120 00000000 1
0 0 1 -94 0 00000000 1
0 0 1 0 -127 00000000 1
0 0 1 66 0 00000000 1
0 0 1 0 -29 00000000 1
0 0 1 -41 0 00000000 1
0 0 1 0 1 00000000 1
0 0 1 0 -59 00000000 1
0 0 1 0 -11 00000000 1
0 0 1 0 30 00000000 1
0 0 1 -97 0 00000000 1
0 0 1 10 0 00000000 1
0 0 1 67 0 00000000 1
0 0 1 -55 0 00000000 1
0 0 1 0 118 00000000 1
0 0 1 27 0 00000000 1
0 0 1 0 99 00000000 1
0 0 1 -125 0 00000000 1
0 0 1 -84 0 00000000 1
0 0 1 0 -54 00000000 1
0 0 1 0 -88 00000000 1
0 0 1 0 93 00000000 1
0 0 1 75 0 00000000 1
0 0 1 0 -62 00000000 1
0 0 1 77 0 00000000 1
0 0 1 0 106 00000000 1
0 0 1 0 59 00000000 1
0 0 1 63 0 00000000 1
0 0 1 24 0 00000000 1
0 0 1 0 120 00000000 1
0 0 1 125 0 00000000 1
0 0 1 0 115 00000000 1
0 0 1 0 13 00000000 1
0 0 1 0 29 00000000 1
0 0 1 0 73 00000000 1
0 0 1 -127 0 00000000 1
0 0 1 0 94 00000000 1
0 0 1 0 22 00000000 1
0 0 1 0 -40 00000000 1
0 0 1 -71 0 00000000 1
0 0 1 0 8 00000000 1
0 0 1 69 0 00000000 1
0 0 1 0 111 00000000 1
0 0 1 0 57 00000000 1
0 0 1 0 102 00000000 1
0 0 1 0 -107 00000000 1
0 0 1 0 -31 00000000 1
0 0 1 -75 0 00000000 1
0 0 1 0 -74 00000000 1
0 0 1 0 -20 00000000 1
0 0 1 -5 0 00000000 1
0 0 1 99 0 00000000 1
0 0 1 0 66 00000000 1
0 0 1 0 -16 00000000 1
0 0 1 0 -59 00000000 1
0 0 1 0 86 00000000 1
0 0 1 0 -111 00000000 1
0 0 1 -52 0 00000000 1
0 0 1 35 0 00000000 1
0 0 1 0 21 00000000 1
0 0 1 66 0 00000000 1
0 0 1 28 0 00000000 1
0 0 1 0 50 00000000 1
0 0 1 -84 0 00000000 1
0 0 1 127 0 00000000 1
0 0 1 0 30 00000000 1
0 0 1 0 3 00000000 1
0 0 1 0 116 00000000 1
0 0 1 0 46 00000000 1
0 0 1 0 96 00000000 1
0 0 1 0 -50 00000000 1
0 0 1 -89 0 00000000 1
0 0 1 -78 0 00000000 1
0 0 1 0 42 00000000 1
0 0 1 -112 0 00000000 1
0 0 1 -86 0 00000000 1
0 0 1 -59 0 00000000 1
0 0 1 -7 0 00000000 1
0 0 1 -120 0 00000000 1
0 0 1 0 -88 00000000 1
0 0 1 -51 0 00000000 1
0 0 1 0 -117 00000000 1
0 0 1 0 -115 00000000 1
0 0 1 0 -98 00000000 1
0 0 1 0 -43 00000000 1
0 0 1 -26 0 00000000 1
0 0 1 -102 0 00000000 1
0 0 1 0 -82 00000000 1
0 0 1 95 0 00000000 1
0 0 1 -106 0 00000000 1
0 0 1 -9 0 00000000 1
0 0 1 0 -35 00000000 1
0 0 1 -27 0 00000000 1
0 0 1 0 75 00000000 1
0 0 1 44 0 00000000 1
0 0 1 0 -24 00000000 1
0 0 1 5 0 00000000 1
0 0 1 -10 0 00000000 1
0 0 1 0 -122 00000000 1
0 0 1 0 -120 00000000 1
0 0 1 93 0 00000000 1
0 0 1 0 119 00000000 1
0 0 1 0 29 00000000 1
0 0 1 -23 0 00000000 1
0 0 1 0 -102 00000000 1
0 0 1 91 0 00000000 1
0 0 1 102 0 00000000 1
0 0 1 114 0 00000000 1
0 0 1 52 0 00000000 1
0 0 1 0 57 00000000 1
0 0 1 0 -101 00000000 1
0 0 1 0 91 00000000 1
0 0 1 -5 0 00000000 1
0 0 1 0 101 00000000 1
0 0 1 25 0 00000000 1
0 0 1 0 -106 00000000 1
0 0 1 0 55 00000000 1
0 0 1 1 0 00000000 1
0 0 1 0 -60 00000000 1
0 0 1 0 31 00000000 1
0 0 1 -25 0 00000000 1
0 0 1 122 0 00000000 1
0 0 1 0 -5 00000000 1
0 0 1 -51 0 00000000 1
0 0 1 0 112 00000000 1
0 0 1 -78 0 00000000 1
0 0 1 0 -122 00000000 1
0 0 1 0 49 00000000 1
0 0 1 0 86 00000000 1
0 0 1 0 89 00000000 1
0 0 1 0 71 00000000 1
0 0 1 0 -49 00000000 1
0 0 1 -21 0 00000000 1
0 0 1 -111 0 00000000 1
0 0 1 -14 0 00000000 1
0 0 1 0 82 00000000 1
0 0 1 0 3 00000000 1
0 0 1 0 -76 00000000 1
0 0 1 -76 0 00000000 1
0 0 1 0 -116 00000000 1
0 0 1 -9 0 00000000 1
0 0 1 -8 0 00000000 1
0 0 1 79 0 00000000 1
0 0 1 -67 0 00000000 1
0 0 1 0 100 00000000 1
0 0 1 0 84 00000000 1
0 0 1 -122 0 00000000 1
0 0 1 -31 0 00000000 1
0 0 1 -47 0 00000000 1
0 0 1 -11 0 00000000 1
0 0 1 116 0 00000000 1
0 0 1 0 -118 00000000 1
0 0 1 9 0 00000000 1
0 0 1 -8 0 00000000 1
0 0 1 83 0 00000000 1
0 0 1 -4 0 00000000 1
0 0 1 0 64 00000000 1
0 0 1 0 -92 00000000 1
0 0 1 -119 0 00000000 1
0 0 1 -72 0 00000000 1
0 0 1 -45 0 00000000 1
0 0 1 21 0 00000000 1
0 0 1 -2 0 00000000 1
0 0 1 40 0 00000000 1
0 0 1 0 -66 00000000 1
0 0 1 -96 0 00000000 1
0 0 1 0 -81 00000000 1
0 0 1 0 -39 00000000 1
0 0 1 80 0 00000000 1
0 0 1 -126 0 00000000 1
0 0 1 0 -63 00000000 1
0 0 1 -69 0 00000000 1
0 0 1 13 0 00000000 1
0 0 1 0 65 00000000 1
0 0 1 0 65 00000000 1
0 0 1 6 0 00000000 1
0 0 1 0 5 00000000 1
0 0 1 41 0 00000000 1
0 0 1 0 -76 00000000 1
0 0 1 35 0 00000000 1
0 0 1 0 88 00000000 1
0 0 1 0 127 00000000 1
0 0 1 -28 0 00000000 1
0 0 1 73 0 00000000 1
0 0 1 0 -113 00000000 1
0 0 1 0 80 00000000 1
0 0 1 14 0 00000000 1
0 0 1 0 107 00000000 1
0 0 1 -128 0 00000000 1
0 0 1 0 -76 00000000 1
0 0 1 0 -94 00000000 1
0 0 1 0 29 00000000 1
0 0 1 0 -74 00000000 1
0 0 1 0 -117 00000000 1
0 0 1 51 0 00000000 1
0 0 1 -52 0 00000000 1
0 0 1 0 23 00000000 1
0 0 1 -5 0 00000000 1
0 0 1 0 56 00000000 1
0 0 1 7 0 00000000 1
0 0 1 0 58 00000000 1
0 0 1 86 0 00000000 1
0 0 1 -79 0 00000000 1
0 0 1 -63 0 00000000 1
0 0 1 30 0 00000000 1
0 0 1 -2 0 00000000 1
0 0 1 -122 0 00000000 1
0 0 1 0 1 00000000 1
0 0 1 0 -6 00000000 1
0 0 1 0 -117 00000000 1
0 0 1 0 -66 00000000 1
0 0 1 -71 0 00000000 1
0 0 1 -117 0 00000000 1
0 0 1 -51 0 00000000 1
0 0 1 -3 0 00000000 1
0 0 1 0 14 00000000 1
0 0 1 0 42 00000000 1
0 0 1 -38 0 00000000 1
0 0 1 0 -71 00000000 1
0 0 1 47 0 00000000 1
0 0 1 -82 0 00000000 1
0 0 1 0 -42 00000000 1
0 0 1 0 68 00000000 1
0 0 1 -106 0 00000000 1
0 0 1 95 0 00000000 1
0 0 1 0 -84 00000000 1
0 0 1 -82 0 00000000 1
0 0 1 0 34 00000000 1
0 0 1 -58 0 00000000 1
0 0 1 0 51 00000000 1
0 0 1 -29 0 00000000 1
0 0 1 59 0 00000000 1
0 0 1 92 0 00000000 1
0 0 1 0 -12 00000000 1
0 0 1 49 0 00000000 1
0 0 1 0 127 00000000 1
0 0 1 0 37 00000000 1
0 0 1 0 -20 00000000 1
0 0 1 -100 0 00000000 1
0 0 1 0 -91 00000000 1
0 0 1 -110 0 00000000 1
0 0 1 0 36 00000000 1
0 0 1 -54 0 00000000 1
0 0 1 -86 0 00000000 1
0 0 1 20 0 00000000 1
0 0 1 0 -36 00000000 1
0 0 1 110 0 00000000 1
0 0 1 0 95 00000000 1
0 0 1 0 11 00000000 1
0 0 1 73 0 00000000 1
0 0 1 0 7 00000000 1
0 0 1 54 0 00000000 1
0 0 1 98 0 00000000 1
0 0 1 0 22 00000000 1
0 0 1 0 59 00000000 1
0 0 1 -3 0 00000000 1
0 0 1 0 108 00000000 1
0 0 1 -83 0 00000000 1
0 0 1 0 15 00000000 1
0 0 1 -56 0 00000000 1
0 0 1 0 -96 00000000 1
0 0 1 0 -24 00000000 1
0 0 1 63 0 00000000 1
0 0 1 97 0 00000000 1
0 0 1 0 -115 00000000 1
0 0 1 0 7 00000000 1
0 0 1 0 64 00000000 1
0 0 1 -108 0 00000000 1
0 0 1 0 109 00000000 1
0 0 1 60 0 00000000 1
0 0 1 0 -52 00000000 1
0 0 1 0 -114 00000000 1
0 0 1 0 -66 00000000 1
0 0 1 53 0 00000000 1
0 0 1 -5 0 00000000 1
0 0 1 0 5 00000000 1
0 0 1 -33 0 00000000 1
0 0 1 53 0 00000000 1
0 0 1 0 -16 00000000 1
0 0 1 0 82 00000000 1
0 0 1 0 -34 00000000 1
0 0 1 0 13 00000000 1
0 0 1 -45 0 00000000 1
0 0 1 0 -17 00000000 1
0 0 1 57 0 00000000 1
0 0 1 -81 0 00000000 1
0 0 1 24 0 00000000 1
0 0 1 0 70 00000000 1
0 0 1 0 65 00000000 1
0 0 1 0 -45 00000000 1
0 0 1 0 11 00000000 1
0 0 1 0 -64 00000000 1
0 0 1 0 -52 00000000 1
0 0 1 53 0 00000000 1
0 0 1 65 0 00000000 1
0 0 1 16 0 00000000 1
0 0 1 0 77 00000000 1
0 0 1 -45 0 00000000 1
0 0 1 89 0 00000000 1
0 0 1 0 -12 00000000 1
0 0 1 0 -41 00000000 1
0 0 1 0 -43 00000000 1
0 0 1 0 -103 00000000 1
0 0 1 0 -117 00000000 1
0 0 1 0 77 00000000 1
0 0 1 -51 0 00000000 1
0 0 1 71 0 00000000 1
0 0 1 0 44 00000000 1
0 0 1 -47 0 00000000 1
0 0 1 -14 0 00000000 1
0 0 1 0 23 00000000 1
0 0 1 -23 0 00000000 1
0 0 1 0 -82 00000000 1
0 0 1 -71 0 00000000 1
0 0 1 0 52 00000000 1
0 0 1 0 37 00000000 1
0 0 1 0 99 00000000 1
0 0 1 -76 0 00000000 1
0 0 1 0 94 00000000 1
0 0 1 0 -59 00000000 1
0 0 1 0 81 00000000 1
0 0 1 0 -100 00000000 1
0 0 1 0 -127 00000000 1
0 0 1 120 0 00000000 1
0 0 1 -56 0 00000000 1
0 0 1 0 107 00000000 1
0 0 1 -43 0 00000000 1
0 0 1 0 -93 00000000 1
0 0 1 0 92 00000000 1
0 0 1 -114 0 00000000 1
0 0 1 0 -58 00000000 1
0 0 1 0 -10 00000000 1
0 0 1 79 0 00000000 1
0 0 1 0 -88 00000000 1
0 0 1 0 107 00000000 1
0 0 1 0 42 00000000 1
0 0 1 0 -63 00000000 1
0 0 1 0 10 00000000 1
0 0 1 -58 0 00000000 1
0 0 1 0 -37 00000000 1
0 0 1 0 114 00000000 1
0 0 1 0 40 00000000 1
0 0 1 -35 0 00000000 1
0 0 1 0 10 00000000 1
0 0 1 -71 0 00000000 1
0 0 1 -22 0 00000000 1
0 0 1 0 -55 00000000 1
0 0 1 0 47 00000000 1
0 0 1 0 -50 00000000 1
0 0 1 0 119 00000000 1
0 0 1 0 -5 00000000 1
0 0 1 -36 0 00000000 1
0 0 1 0 -21 00000000 1
0 0 1 123 0 00000000 1
0 0 1 0 53 00000000 1
0 0 1 0 -34 00000000 1
0 0 1 0 -41 00000000 1
0 0 1 0 60 00000000 1
0 0 1 0 113 00000000 1
0 0 1 121 0 00000000 1
0 0 1 -110 0 00000000 1
0 0 1 0 119 00000000 1
0 0 1 43 0 00000000 1
0 0 1 99 0 00000000 1
0 0 1 0 47 00000000 1
0 0 1 -79 0 00000000 1
0 0 1 111 0 00000000 1
0 0 1 0 5 00000000 1
0 0 1 0 111 00000000 1
0 0 1 0 42 00000000 1
0 0 1 91 0 00000000 1
0 0 1 0 86 00000000 1
0 0 1 124 0 00000000 1
0 0 1 -79 0 00000000 1
0 0 1 -111 0 00000000 1
0 0 1 -58 0 00000000 1
0 0 1 53 0 00000000 1
0 0 1 0 100 00000000 1
0 0 1 58 0 00000000 1
0 0 1 0 93 00000000 1
0 0 1 0 30 00000000 1
0 0 1 -60 0 00000000 1
0 0 1 0 27 00000000 1
0 0 1 52 0 00000000 1
0 0 1 0 -14 00000000 1
0 0 1 -93 0 00000000 1
0 0 1 0 92 00000000 1
0 0 1 -72 0 00000000 1
0 0 1 -20 0 00000000 1
0 0 1 0 -104 00000000 1
0 0 1 -2 0 00000000 1
0 0 1 50 0 00000000 1
0 0 1 -93 0 00000000 1
0 0 1 6 0 00000000 1
0 0 1 76 0 00000000 1
0 0 1 -16 0 00000000 1
0 0 1 -29 0 00000000 1
0 0 1 0 -16 00000000 1
0 0 1 0 -24 00000000 1
0 0 1 0 74 00000000 1
0 0 1 0 -25 00000000 1
0 0 1 94 0 00000000 1
0 0 1 0 18 00000000 1
0 0 1 0 16 00000000 1
0 0 1 36 0 00000000 1
0 0 1 0 -4 00000000 1
0 0 1 -24 0 00000000 1
0 0 1 0 19 00000000 1
0 0 1 59 0 00000000 1
0 0 1 -58 0 00000000 1
0 0 1 0 118 00000000 1
0 0 1 52 0 00000000 1
0 0 1 73 0 00000000 1
0 0 1 -61 0 00000000 1
0 0 1 0 -124 00000000 1
0 0 1 0 -94 00000000 1
0 0 1 0 4 00000000 1
0 0 1 -108 0 00000000 1
0 0 1 -75 0 00000000 1
0 0 1 0 -22 00000000 1
0 0 1 -18 0 00000000 1
0 0 1 36 0 00000000 1
0 0 1 0 72 00000000 1
0 0 1 0 -96 00000000 1
0 0 1 4 0 00000000 1
0 0 1 0 123 00000000 1
0 0 1 0 -125 00000000 1
0 0 1 0 29 00000000 1
0 0 1 74 0 00000000 1
0 0 1 0 -111 00000000 1
0 0 1 -98 0 00000000 1
0 0 1 1 0 00000000 1
0 0 1 0 -104 00000000 1
0 0 1 0 4 00000000 1
0 0 1 123 0 00000000 1
0 0 1 -73 0 00000000 1
0 0 1 0 62 00000000 1
0 0 1 0 -34 00000000 1
0 0 1 65 0 00000000 1
0 0 1 0 97 00000000 1
0 0 1 0 42 00000000 1
0 0 1 0 -67 00000000 1
0 0 1 -94 0 00000000 1
0 0 1 0 -36 00000000 1
0 0 1 -119 0 00000000 1
0 0 1 70 0 00000000 1
0 0 1 0 -94 00000000 1
0 0 1 106 0 00000000 1
0 0 1 0 -47 00000000 1
0 0 1 0 -114 00000000 1
0 0 1 0 -112 00000000 1
0 0 1 -72 0 00000000 1
0 0 1 0 -11 00000000 1
0 0 1 0 87 00000000 1
0 0 1 0 55 00000000 1
0 0 1 127 0 00000000 1
0 0 1 57 0 00000000 1
0 0 1 -90 0 00000000 1
0 0 1 0 -32 00000000 1
0 0 1 0 -39 00000000 1
0 0 1 -115 0 00000000 1
0 0 1 8 0 00000000 1
0 0 1 -107 0 00000000 1
0 0 1 0 -110 00000000 1
0 0 1 107 0 00000000 1
0 0 1 0 -18 00000000 1
0 0 1 0 108 00000000 1
0 0 1 0 30 00000000 1
0 0 1 0 -69 00000000 1
0 0 1 0 -76 00000000 1
0 0 1 0 123 00000000 1
0 0 1 55 0 00000000 1
0 0 1 63 0 00000000 1
0 0 1 0 -98 00000000 1
0 0 1 -52 0 00000000 1
0 0 1 0 -89 00000000 1
0 0 1 0 -115 00000000 1
0 0 1 0 46 00000000 1
0 0 1 0 23 00000000 1
0 0 1 0 78 00000000 1
0 0 1 0 24 00000000 1
0 0 1 -107 0 00000000 1
0 0 1 0 48 00000000 1
0 0 1 54 0 00000000 1
0 0 1 -35 0 00000000 1
0 0 1 0 -123 00000000 1
0 0 1 0 -67 00000000 1
0 0 1 -90 0 00000000 1
0 0 1 0 68 00000000 1
0 0 1 64 0 00000000 1
0 0 1 -100 0 00000000 1
0 0 1 0 59 00000000 1
0 0 1 -31 0 00000000 1
0 0 1 0 -67 00000000 1
0 0 1 0 74 00000000 1
0 0 1 45 0 00000000 1
0 0 1 0 -73 00000000 1
0 0 1 0 90 00000000 1
0 0 1 0 7 00000000 1
0 0 1 -56 0 00000000 1
0 0 1 -73 0 00000000 1
0 0 1 0 -2 00000000 1
0 0 1 124 0 00000000 1
0 0 1 -80 0 00000000 1
0 0 1 0 60 00000000 1
0 0 1 102 0 00000000 1
0 0 1 0 42 00000000 1
0 0 1 51 0 00000000 1
0 0 1 -10 0 00000000 1
0 0 1 0 33 00000000 1
0 0 1 34 0 00000000 1
0 0 1 0 -76 00000000 1
0 0 1 71 0 00000000 1
0 0 1 0 115 00000000 1
0 0 1 0 -84 00000000 1
0 0 1 0 13 00000000 1
0 0 1 83 0 00000000 1
0 0 1 -35 0 00000000 1
0 0 1 72 0 00000000 1
0 0 1 61 0 00000000 1
0 0 1 0 46 00000000 1
0 0 1 -101 0 00000000 1
0 0 1 0 12 00000000 1
0 0 1 0 -40 00000000 1
0 0 1 82 0 00000000 1
0 0 1 -28 0 00000000 1
0 0 1 0 -27 00000000 1
0 0 1 0 -101 00000000 1
0 0 1 -46 0 00000000 1
0 0 1 0 49 00000000 1
0 0 1 0 118 00000000 1
0 0 1 37 0 00000000 1
0 0 1 -66 0 00000000 1
0 0 1 115 0 00000000 1
0 0 1 0 103 00000000 1
0 0 1 0 82 00000000 1
0 0 1 0 -41 00000000 1
0 0 1 -29 0 00000000 1
0 0 1 -77 0 00000000 1
0 0 1 -113 0 00000000 1
0 0 1 82 0 00000000 1
0 0 1 0 -1 00000000 1
0 0 1 0 115 00000000 1
0 0 1 99 0 00000000 1
0 0 1 51 0 00000000 1
0 0 1 0 76 00000000 1
0 0 1 -108 0 00000000 1
0 0 1 0 -29 00000000 1
0 0 1 0 70 00000000 1
0 0 1 -124 0 00000000 1
0 0 1 107 0 00000000 1
0 0 1 -74 0 00000000 1
0 0 1 0 -128 00000000 1
0 0 1 78 0 00000000 1
0 0 1 0 9 00000000 1
0 0 1 21 0 00000000 1
0 0 1 -28 0 00000000 1
0 0 1 119 0 00000000 1
0 0 1 0 27 00000000 1
0 0 1 25 0 00000000 1
0 0 1 31 0 00000000 1
0 0 1 0 -14 00000000 1
0 0 1 0 -46 00000000 1
0 0 1 -43 0 00000000 1
0 0 1 -5 0 00000000 1
0 0 1 0 111 00000000 1
0 0 1 117 0 00000000 1
0 0 1 -109 0 00000000 1
0 0 1 3 0 00000000 1
0 0 1 0 75 00000000 1
0 0 1 -84 0 00000000 1
0 0 1 0 92 00000000 1
0 0 1 0 113 00000000 1
0 0 1 0 -53 00000000 1
0 0 1 -78 0 00000000 1
0 0 1 0 -21 00000000 1
0 0 1 100 0 00000000 1
0 0 1 41 0 00000000 1
0 0 1 -12 0 00000000 1
0 0 1 0 -64 00000000 1
0 0 1 -29 0 00000000 1
0 0 1 0 73 00000000 1
0 0 1 -83 0 00000000 1
0 0 1 0 31 00000000 1
0 0 1 0 -108 00000000 1
0 0 1 29 0 00000000 1
0 0 1 0 95 00000000 1
0 0 1 0 -31 00000000 1
0 0 1 75 0 00000000 1
0 0 1 -50 0 00000000 1
0 0 1 114 0 00000000 1
0 0 1 83 0 00000000 1
0 0 1 115 0 00000000 1
0 0 1 8 0 00000000 1
0 0 1 0 -15 00000000 1
0 0 1 0 127 00000000 1
0 0 1 0 -23 00000000 1
0 0 1 -115 0 00000000 1
0 0 1 30 0 00000000 1
0 0 1 44 0 00000000 1
0 0 1 0 118 00000000 1
0 0 1 0 17 00000000 1
0 0 1 123 0 00000000 1
0 0 1 0 45 00000000 1
0 0 1 0 42 00000000 1
0 0 1 -83 0 00000000 1
0 0 1 -40 0 00000000 1
0 0 1 0 -44 00000000 1
0 0 1 7 0 00000000 1
0 0 1 0 85 00000000 1
0 0 1 -37 0 00000000 1
0 0 1 39 0 00000000 1
0 0 1 0 30 00000000 1
0 0 1 37 0 00000000 1
0 0 1 0 -107 00000000 1
0 0 1 -84 0 00000000 1
0 0 1 0 -31 00000000 1
0 0 1 69 0 00000000 1
0 0 1 0 121 00000000 1
0 0 1 0 48 00000000 1
0 0 1 0 10 00000000 1
0 0 1 -55 0 00000000 1
0 0 1 0 31 00000000 1
0 0 1 0 -14 00000000 1
0 0 1 -124 0 00000000 1
0 0 1 0 -4 00000000 1
0 0 1 -69 0 00000000 1
0 0 1 0 -124 00000000 1
0 0 1 0 76 00000000 1
0 0 1 0 50 00000000 1
0 0 1 -89 0 00000000 1
0 0 1 -83 0 00000000 1
0 0 1 -101 0 00000000 1
0 0 1 0 12 00000000 1
0 0 1 -115 0 00000000 1
0 0 1 0 -43 00000000 1
0 0 1 26 0 00000000 1
0 0 1 0 -57 00000000 1
0 0 1 0 93 00000000 1
0 0 1 0 103 00000000 1
0 0 1 -14 0 00000000 1
0 0 1 57 0 00000000 1
0 0 1 0 -55 00000000 1
0 0 1 0 -39 00000000 1
0 0 1 0 -35 00000000 1
0 0 1 97 0 00000000 1
0 0 1 89 0 00000000 1
0 0 1 -77 0 00000000 1
0 0 1 58 0 00000000 1
0 0 1 -98 0 00000000 1
0 0 1 112 0 00000000 1
0 0 1 -12 0 00000000 1
0 0 1 0 41 00000000 1
0 0 1 17 0 00000000 1
0 0 1 0 -97 00000000 1
0 0 1 0 -76 00000000 1
0 0 1 8 0 00000000 1
0 0 1 0 109 00000000 1
0 0 1 73 0 00000000 1
0 0 1 0 -115 00000000 1
0 0 1 0 -41 00000000 1
0 0 1 0 126 00000000 1
0 0 1 0 78 00000000 1
0 0 1 0 26 00000000 1
0 0 1 0 104 00000000 1
0 0 1 70 0 00000000 1
0 0 1 72 0 00000000 1
0 0 1 0 -80 00000000 1
0 0 1 0 -41 00000000 1
0 0 1 0 72 00000000 1
0 0 1 0 125 00000000 1
0 0 1 33 0 00000000 1
0 0 1 -119 0 00000000 1
0 0 1 18 0 00000000 1
0 0 1 -57 0 00000000 1
0 0 1 107 0 00000000 1
0 0 1 0 -12 00000000 1
0 0 1 14 0 00000000 1
0 0 1 0 -80 00000000 1
0 0 1 0 32 00000000 1
0 0 1 0 124 00000000 1
0 0 1 -127 0 00000000 1
0 0 1 90 0 00000000 1
0 0 1 0 52 00000000 1
0 0 1 -37 0 00000000 1
0 0 1 -50 0 00000000 1
0 0 1 -4 0 00000000 1
0 0 1 0 68 00000000 1
0 0 1 0 38 00000000 1
0 0 1 0 48 00000000 1
0 0 1 0 117 00000000 1
0 0 1 0 34 00000000 1
0 0 1 -7 0 00000000 1
0 0 1 0 97 00000000 1
0 0 1 0 115 00000000 1
0 0 1 0 116 00000000 1
0 0 1 -124 0 00000000 1
0 0 1 12 0 00000000 1
0 0 1 55 0 00000000 1
0 0 1 0 52 00000000 1
0 0 1 0 -97 00000000 1
0 0 1 0 99 00000000 1
0 0 1 0 112 00000000 1
0 0 1 -96 0 00000000 1
0 0 1 0 -23 00000000 1
0 0 1 0 21 00000000 1
0 0 1 0 18 00000000 1
0 0 1 70 0 00000000 1
0 0 1 -82 0 00000000 1
0 0 1 79 0 00000000 1
0 0 1 0 -113 00000000 1
0 0 1 0 -8 00000000 1
0 0 1 -123 0 00000000 1
0 0 1 -25 0 00000000 1
0 0 1 0 -109 00000000 1
0 0 1 -45 -46 00000000 1
0 0 1 105 -96 00000816 1
0 0 1 31 109 ffffe0b6 1
0 0 1 39 -11 ffffede9 1
0 0 1 -84 106 ffffec3c 1
0 0 1 112 57 ffffc974 1
0 0 1 -72 107 ffffe264 1
0 0 1 95 -60 ffffc44c 1
0 0 1 -40 33 ffffae08 1
0 0 1 64 -25 ffffa8e0 1
0 0 1 -102 107 ffffa2a0 1
0 0 1 -84 -111 ffff77fe 1
0 0 1 54 -97 ffff9c6a 1
0 0 1 70 -15 ffff87f4 1
0 0 1 20 28 ffff83da 1
0 0 1 83 24 ffff860a 1
0 0 1 -54 -100 ffff8dd2 1
0 0 1 -15 -20 ffffa2ea 1
0 0 1 -40 76 ffffa416 1
0 0 1 38 -126 ffff9836 1
0 0 1 -39 -13 ffff8582 1
0 0 1 -62 109 ffff877d 1
0 0 1 -20 -100 ffff6d17 1
0 0 1 7 17 ffff74e7 1
0 0 1 -83 -76 ffff755e 1
0 0 1 121 82 ffff8e02 1
0 0 1 -82 33 ffffb4c4 1
0 0 1 49 8 ffffaa32 1
0 0 1 -94 19 ffffabba 1
0 0 1 13 13 ffffa4c0 1
0 0 1 58 115 ffffa569 1
0 0 1 83 32 ffffbf77 1
0 0 1 2 -30 ffffc9d7 1
0 0 1 51 -120 ffffc99b 1
0 0 1 111 33 ffffb1b3 1
0 0 1 15 -47 ffffc002 1
0 0 1 -4 64 ffffbd41 1
0 0 1 126 -118 ffffbc41 1
0 0 1 61 -101 ffff822d 1
0 0 1 75 -87 ffff6a1c 1
0 0 1 -86 58 ffff509f 1
0 0 1 -106 -15 ffff3d23 1
0 0 1 125 -67 ffff4359 1
0 0 1 -36 109 ffff22a2 1
0 0 1 65 -94 ffff134e 1
0 0 1 -120 -18 fffefb70 1
0 0 1 -36 -61 ffff03e0 1
0 0 1 61 -22 ffff0c74 1
0 0 1 -109 15 ffff0736 1
0 0 1 -3 125 ffff00d3 1
0 0 1 -23 -90 fffeff5c 1
0 0 1 -99 -55 ffff0772 1
0 0 1 -12 -63 ffff1cb7 1
0 0 1 109 -37 ffff1fab 1
0 0 1 -25 49 ffff0fea 1
0 0 1 -113 -127 ffff0b21 1
0 0 1 -117 99 ffff4330 1
0 0 1 66 25 ffff15f1 1
0 0 1 -97 49 ffff1c63 1
0 0 1 -112 -70 ffff09d2 1
0 0 1 97 -16 ffff2872 1
0 0 1 -12 33 ffff2262 1
0 0 1 90 -119 ffff20d6 1
0 0 1 63 55 fffef700 1
0 0 1 100 120 ffff0489 1
0 0 1 -101 80 ffff3369 1
0 0 1 35 -88 ffff13d9 1
0 0 1 43 76 ffff07d1 1
0 0 1 109 89 ffff1495 1
0 0 1 73 -10 ffff3a7a 1
0 0 1 -118 -81 ffff37a0 1
0 0 1 -5 75 ffff5cf6 1
0 0 1 -25 63 ffff5b7f 1
0 0 1 36 124 ffff5558 1
0 0 1 -110 -91 ffff66c8 1
0 0 1 78 96 ffff8de2 1
0 0 1 -63 -43 ffffab22 1
0 0 1 35 -113 ffffb5b7 1
0 0 1 18 -32 ffffa644 1
0 0 1 18 -42 ffffa404 1
0 0 1 -31 -96 ffffa110 1
0 0 1 10 3 ffffacb0 1
0 0 1 -93 -119 ffffacce 1
0 0 1 -30 -117 ffffd809 1
0 0 1 -109 77 ffffe5bf 1
0 0 1 -124 -116 ffffc4f6 1
0 0 1 7 -82 fffffd26 1
0 0 1 -36 69 fffffae8 1
0 0 1 -5 -104 fffff134 1
0 0 1 92 86 fffff33c 1
0 0 1 -102 -125 00001224 1
0 0 1 11 121 000043f2 1
0 0 1 9 72 00004925 1
0 0 1 -35 101 00004bad 1
0 0 1 48 126 00003dde 1
0 0 1 -100 71 0000557e 1
0 0 1 29 -20 000039c2 1
0 0 1 73 94 0000377e 1
0 0 1 -31 -70 0000524c 1
0 0 1 -47 -5 00005ac6 1
0 0 0 37 -83 00005bb1 1
0 0 0 -49 72 00005bb1 0
