1 0 0 0 0 00000000 0
1 0 0 0 0 00000000 0
1 0 0 0 0 00000000 0
0 0 1 69 -114 00000000 0
0 0 1 0 64 ffffe146 1
0 0 1 95 0 ffffe146 1
0 0 1 0 54 ffffe146 1
0 0 1 87 0 ffffe146 1
0 0 1 -106 0 ffffe146 1
0 0 1 -38 0 ffffe146 1
0 0 1 0 -32 ffffe146 1
0 0 1 0 48 ffffe146 1
0 0 1 71 0 ffffe146 1
0 0 1 -60 -94 ffffe146 1
0 0 1 0 66 fffff74e 1
0 0 1 -52 0 fffff74e 1
0 0 1 110 0 fffff74e 1
0 0 1 0 -98 fffff74e 1
0 0 1 0 -44 fffff74e 1
0 0 1 0 101 fffff74e 1
0 0 1 -123 0 fffff74e 1
0 0 1 13 0 fffff74e 1
0 0 1 0 -20 fffff74e 1
0 0 1 -3 -59 fffff74e 1
0 0 1 66 0 fffff7ff 1
0 0 1 38 0 fffff7ff 1
0 0 1 0 34 fffff7ff 1
0 0 1 0 -77 fffff7ff 1
0 0 1 0 -58 fffff7ff 1
0 0 1 -5 0 fffff7ff 1
0 0 1 -78 0 fffff7ff 1
0 0 1 0 -26 fffff7ff 1
0 0 1 -77 0 fffff7ff 1
0 0 1 3 -90 fffff7ff 1
0 0 1 0 27 fffff6f1 1
0 0 1 0 -96 fffff6f1 1
0 0 1 43 0 fffff6f1 1
0 0 1 75 0 fffff6f1 1
0 0 1 0 -114 fffff6f1 1
0 0 1 -51 0 fffff6f1 1
0 0 1 -12 0 fffff6f1 1
0 0 1 0 38 fffff6f1 1
0 0 1 -107 0 fffff6f1 1
0 0 1 73 43 fffff6f1 1
0 0 1 0 -81 00000334 1
0 0 1 0 15 00000334 1
0 0 1 82 0 00000334 1
0 0 1 81 0 00000334 1
0 0 1 15 0 00000334 1
0 0 1 0 12 00000334 1
0 0 1 -96 0 00000334 1
0 0 1 0 -78 00000334 1
0 0 1 0 50 00000334 1
0 0 1 57 4 00000334 1
0 0 1 89 0 00000418 1
0 0 1 0 54 00000418 1
0 0 1 0 27 00000418 1
0 0 1 0 2 00000418 1
0 0 1 0 -40 00000418 1
0 0 1 0 -77 00000418 1
0 0 1 0 82 00000418 1
0 0 1 0 -62 00000418 1
0 0 1 0 127 00000418 1
0 0 1 -22 -37 00000418 1
0 0 1 -40 0 00000746 1
0 0 1 -58 0 00000746 1
0 0 1 -54 0 00000746 1
0 0 1 -43 0 00000746 1
0 0 1 0 31 00000746 1
0 0 1 0 99 00000746 1
0 0 1 0 33 00000746 1
0 0 1 28 0 00000746 1
0 0 1 -115 0 00000746 1
0 0 1 33 19 00000746 1
0 0 1 0 71 000009b9 1
0 0 1 0 67 000009b9 1
0 0 1 0 2 000009b9 1
0 0 1 -35 0 000009b9 1
0 0 1 96 0 000009b9 1
0 0 1 0 -100 000009b9 1
0 0 1 0 23 000009b9 1
0 0 1 61 0 000009b9 1
0 0 1 110 0 000009b9 1
0 0 1 46 -27 000009b9 1
0 0 1 53 0 000004df 1
0 0 1 6 0 000004df 1
0 0 1 0 118 000004df 1
0 0 1 0 67 000004df 1
0 0 1 -55 0 000004df 1
0 0 1 0 -66 000004df 1
0 0 1 -41 0 000004df 1
0 0 1 0 -4 000004df 1
0 0 1 0 121 000004df 1
0 0 1 -27 -125 000004df 1
0 0 1 -61 0 0000120e 1
0 0 1 0 17 0000120e 1
0 0 1 -37 0 0000120e 1
0 0 1 25 0 0000120e 1
0 0 1 0 127 0000120e 1
0 0 1 123 0 0000120e 1
0 0 1 0 97 0000120e 1
0 0 1 -91 0 0000120e 1
0 0 1 0 -99 0000120e 1
0 0 1 3 116 0000120e 1
0 0 1 0 -91 0000136a 1
0 0 1 0 59 0000136a 1
0 0 1 -42 0 0000136a 1
0 0 1 -111 0 0000136a 1
0 0 1 126 0 0000136a 1
0 0 1 -83 0 0000136a 1
0 0 1 79 0 0000136a 1
0 0 1 0 -105 0000136a 1
0 0 1 0 53 0000136a 1
0 0 1 -71 81 0000136a 1
0 0 1 0 42 fffffcf3 1
0 0 1 0 50 fffffcf3 1
0 0 1 -53 0 fffffcf3 1
0 0 1 56 0 fffffcf3 1
0 0 1 8 0 fffffcf3 1
0 0 1 0 25 fffffcf3 1
0 0 1 0 -123 fffffcf3 1
0 0 1 0 -120 fffffcf3 1
0 0 1 0 -76 fffffcf3 1
0 0 1 121 5 fffffcf3 1
0 0 1 0 73 ffffff50 1
0 0 1 0 -5 ffffff50 1
0 0 1 0 -119 ffffff50 1
0 0 1 0 26 ffffff50 1
0 0 1 0 115 ffffff50 1
0 0 1 0 117 ffffff50 1
0 0 1 -46 0 ffffff50 1
0 0 1 0 -114 ffffff50 1
0 0 1 91 0 ffffff50 1
0 0 1 11 92 ffffff50 1
0 0 1 113 0 00000344 1
0 0 1 0 -101 00000344 1
0 0 1 -78 0 00000344 1
0 0 1 0 -48 00000344 1
0 0 1 0 57 00000344 1
0 0 1 0 -113 00000344 1
0 0 1 0 -127 00000344 1
0 0 1 13 0 00000344 1
0 0 1 0 21 00000344 1
0 0 1 77 114 00000344 1
0 0 1 0 52 0000258e 1
0 0 1 0 -11 0000258e 1
0 0 1 68 0 0000258e 1
0 0 1 -85 0 0000258e 1
0 0 1 0 102 0000258e 1
0 0 1 -101 0 0000258e 1
0 0 1 0 21 0000258e 1
0 0 1 0 -1 0000258e 1
0 0 1 -90 0 0000258e 1
0 0 1 -17 13 0000258e 1
0 0 1 -96 0 000024b1 1
0 0 1 0 127 000024b1 1
0 0 1 0 -128 000024b1 1
0 0 1 38 0 000024b1 1
0 0 1 0 -114 000024b1 1
0 0 1 0 -49 000024b1 1
0 0 1 -49 0 000024b1 1
0 0 1 108 0 000024b1 1
0 0 1 14 0 000024b1 1
0 0 1 -109 -5 000024b1 1
0 0 1 102 0 000026d2 1
0 0 1 0 91 000026d2 1
0 0 1 107 0 000026d2 1
0 0 1 0 24 000026d2 1
0 0 1 0 11 000026d2 1
0 0 1 40 0 000026d2 1
0 0 1 0 86 000026d2 1
0 0 1 -60 0 000026d2 1
0 0 1 33 0 000026d2 1
0 0 1 -32 104 000026d2 1
0 0 1 0 -15 000019d2 1
0 0 1 0 -9 000019d2 1
0 0 1 67 0 000019d2 1
0 0 1 0 -62 000019d2 1
0 0 1 -127 0 000019d2 1
0 0 1 -34 0 000019d2 1
0 0 1 0 123 000019d2 1
0 0 1 -128 0 000019d2 1
0 0 1 112 0 000019d2 1
0 0 1 36 -41 000019d2 1
0 0 1 0 -3 0000140e 1
0 0 1 -117 0 0000140e 1
0 0 1 0 22 0000140e 1
0 0 1 -20 0 0000140e 1
0 0 1 0 42 0000140e 1
0 0 1 0 -39 0000140e 1
0 0 1 0 -78 0000140e 1
0 0 1 78 0 0000140e 1
0 0 1 -71 0 0000140e 1
0 0 1 -64 94 0000140e 1
0 0 1 0 -17 fffffc8e 1
0 0 1 0 87 fffffc8e 1
0 0 1 -18 0 fffffc8e 1
0 0 1 0 8 fffffc8e 1
0 0 1 -18 0 fffffc8e 1
0 0 1 0 -30 fffffc8e 1
0 0 1 0 38 fffffc8e 1
0 0 1 54 0 fffffc8e 1
0 0 1 0 -75 fffffc8e 1
0 0 1 5 -55 fffffc8e 1
0 0 1 0 -3 fffffb7b 1
0 0 1 0 22 fffffb7b 1
0 0 1 65 0 fffffb7b 1
0 0 1 0 31 fffffb7b 1
0 0 1 0 -111 fffffb7b 1
0 0 1 0 57 fffffb7b 1
0 0 1 0 -116 fffffb7b 1
0 0 1 0 61 fffffb7b 1
0 0 1 0 75 fffffb7b 1
0 0 1 -47 -102 fffffb7b 1
0 0 1 -58 0 00000e35 1
0 0 1 -61 0 00000e35 1
0 0 1 -32 0 00000e35 1
0 0 1 0 -125 00000e35 1
0 0 1 0 -44 00000e35 1
0 0 1 -28 0 00000e35 1
0 0 1 45 0 00000e35 1
0 0 1 39 0 00000e35 1
0 0 1 0 -89 00000e35 1
0 0 1 14 -97 00000e35 1
0 0 1 -7 0 000008e7 1
0 0 1 -62 0 000008e7 1
0 0 1 0 -3 000008e7 1
0 0 1 -96 0 000008e7 1
0 0 1 0 -77 000008e7 1
0 0 1 87 0 000008e7 1
0 0 1 101 0 000008e7 1
0 0 1 -4 0 000008e7 1
0 0 1 0 9 000008e7 1
0 0 1 -57 -3 000008e7 1
0 0 1 -18 0 00000992 1
0 0 1 0 57 00000992 1
0 0 1 -102 0 00000992 1
0 0 1 54 0 00000992 1
0 0 1 -12 0 00000992 1
0 0 1 0 35 00000992 1
0 0 1 -43 0 00000992 1
0 0 1 0 -121 00000992 1
0 0 1 0 7 00000992 1
0 0 1 -45 -7 00000992 1
0 0 1 25 0 00000acd 1
0 0 1 101 0 00000acd 1
0 0 1 14 0 00000acd 1
0 0 1 33 0 00000acd 1
0 0 1 -8 0 00000acd 1
0 0 1 -26 0 00000acd 1
0 0 1 -33 0 00000acd 1
0 0 1 -83 0 00000acd 1
0 0 1 0 11 00000acd 1
0 0 1 -98 106 00000acd 1
0 0 1 97 0 ffffe239 1
0 0 1 55 0 ffffe239 1
0 0 1 0 -115 ffffe239 1
0 0 1 0 66 ffffe239 1
0 0 1 0 -9 ffffe239 1
0 0 1 -90 0 ffffe239 1
0 0 1 76 0 ffffe239 1
0 0 1 0 28 ffffe239 1
0 0 1 0 -96 ffffe239 1
0 0 1 110 -112 ffffe239 1
0 0 1 -1 0 ffffb219 1
0 0 1 96 0 ffffb219 1
0 0 1 0 102 ffffb219 1
0 0 1 0 -69 ffffb219 1
0 0 1 0 -94 ffffb219 1
0 0 1 0 -127 ffffb219 1
0 0 1 0 -39 ffffb219 1
0 0 1 0 -39 ffffb219 1
0 0 1 79 0 ffffb219 1
0 0 1 43 -100 ffffb219 1
0 0 1 -30 0 ffffa14d 1
0 0 1 0 40 ffffa14d 1
0 0 1 0 56 ffffa14d 1
0 0 1 0 115 ffffa14d 1
0 0 1 41 0 ffffa14d 1
0 0 1 -59 0 ffffa14d 1
0 0 1 19 0 ffffa14d 1
0 0 1 -25 0 ffffa14d 1
0 0 1 72 0 ffffa14d 1
0 0 1 -88 92 ffffa14d 1
0 0 1 0 31 ffff81ad 1
0 0 1 -33 0 ffff81ad 1
0 0 1 116 0 ffff81ad 1
0 0 1 0 -10 ffff81ad 1
0 0 1 69 0 ffff81ad 1
0 0 1 0 -114 ffff81ad 1
0 0 1 0 -53 ffff81ad 1
0 0 1 0 37 ffff81ad 1
0 0 1 0 -32 ffff81ad 1
0 0 1 -41 123 ffff81ad 1
0 0 1 -113 0 ffff6dfa 1
0 0 1 -119 0 ffff6dfa 1
0 0 1 96 0 ffff6dfa 1
0 0 1 -118 0 ffff6dfa 1
0 0 1 0 -46 ffff6dfa 1
0 0 1 0 -106 ffff6dfa 1
0 0 1 -77 0 ffff6dfa 1
0 0 1 0 81 ffff6dfa 1
0 0 1 8 0 ffff6dfa 1
0 0 1 -51 -35 ffff6dfa 1
0 0 1 0 96 ffff74f3 1
0 0 1 115 0 ffff74f3 1
0 0 1 96 0 ffff74f3 1
0 0 1 0 -8 ffff74f3 1
0 0 1 0 11 ffff74f3 1
0 0 1 -41 0 ffff74f3 1
0 0 1 26 0 ffff74f3 1
0 0 1 0 -116 ffff74f3 1
0 0 1 0 91 ffff74f3 1
0 0 1 117 53 ffff74f3 1
0 0 1 -19 0 ffff8d2c 1
0 0 1 0 -30 ffff8d2c 1
0 0 1 0 71 ffff8d2c 1
0 0 1 -21 0 ffff8d2c 1
0 0 1 -18 0 ffff8d2c 1
0 0 1 0 15 ffff8d2c 1
0 0 1 0 66 ffff8d2c 1
0 0 1 4 0 ffff8d2c 1
0 0 1 4 0 ffff8d2c 1
0 0 1 -109 -110 ffff8d2c 1
0 0 1 0 -125 ffffbc02 1
0 0 1 0 39 ffffbc02 1
0 0 1 0 -51 ffffbc02 1
0 0 1 0 54 ffffbc02 1
0 0 1 0 -61 ffffbc02 1
0 0 1 -118 0 ffffbc02 1
0 0 1 0 -14 ffffbc02 1
0 0 1 0 -122 ffffbc02 1
0 0 1 0 -8 ffffbc02 1
0 0 1 110 -31 ffffbc02 1
0 0 1 38 0 ffffaeb0 1
0 0 1 0 113 ffffaeb0 1
0 0 1 0 15 ffffaeb0 1
0 0 1 25 0 ffffaeb0 1
0 0 1 60 0 ffffaeb0 1
0 0 1 -115 0 ffffaeb0 1
0 0 1 75 0 ffffaeb0 1
0 0 1 0 24 ffffaeb0 1
0 0 1 43 0 ffffaeb0 1
0 0 1 14 67 ffffaeb0 1
0 0 1 0 61 ffffb25a 1
0 0 1 30 0 ffffb25a 1
0 0 1 0 -105 ffffb25a 1
0 0 1 97 0 ffffb25a 1
0 0 1 21 0 ffffb25a 1
0 0 1 0 77 ffffb25a 1
0 0 1 13 0 ffffb25a 1
0 0 1 0 119 ffffb25a 1
0 0 1 -19 0 ffffb25a 1
0 0 1 88 103 ffffb25a 1
0 0 1 0 -35 ffffd5c2 1
0 0 1 0 45 ffffd5c2 1
0 0 1 -83 0 ffffd5c2 1
0 0 1 0 58 ffffd5c2 1
0 0 1 0 77 ffffd5c2 1
0 0 1 20 0 ffffd5c2 1
0 0 1 0 43 ffffd5c2 1
0 0 1 -45 0 ffffd5c2 1
0 0 1 0 14 ffffd5c2 1
0 0 1 75 63 ffffd5c2 1
0 0 1 0 55 ffffe837 1
0 0 1 14 0 ffffe837 1
0 0 1 109 0 ffffe837 1
0 0 1 0 2 ffffe837 1
0 0 1 -79 0 ffffe837 1
0 0 1 6 0 ffffe837 1
0 0 1 -5 0 ffffe837 1
0 0 1 -15 0 ffffe837 1
0 0 1 -12 0 ffffe837 1
0 0 1 -65 65 ffffe837 1
0 0 1 -123 0 ffffd7b6 1
0 0 1 -62 0 ffffd7b6 1
0 0 1 -49 0 ffffd7b6 1
0 0 1 0 108 ffffd7b6 1
0 0 1 0 -55 ffffd7b6 1
0 0 1 0 118 ffffd7b6 1
0 0 1 0 67 ffffd7b6 1
0 0 1 0 58 ffffd7b6 1
0 0 1 -45 0 ffffd7b6 1
0 0 1 14 103 ffffd7b6 1
0 0 1 0 30 ffffdd58 1
0 0 1 0 80 ffffdd58 1
0 0 1 -6 0 ffffdd58 1
0 0 1 0 -38 ffffdd58 1
0 0 1 59 0 ffffdd58 1
0 0 1 0 27 ffffdd58 1
0 0 1 -59 0 ffffdd58 1
0 0 1 0 -34 ffffdd58 1
0 0 1 0 -99 ffffdd58 1
0 0 1 117 106 ffffdd58 1
0 0 1 -34 0 00000dca 1
0 0 1 0 116 00000dca 1
0 0 1 0 -92 00000dca 1
0 0 1 -51 0 00000dca 1
0 0 1 0 -21 00000dca 1
0 0 1 -43 0 00000dca 1
0 0 1 -124 0 00000dca 1
0 0 1 0 85 00000dca 1
0 0 1 0 21 00000dca 1
0 0 1 -86 -69 00000dca 1
0 0 1 -121 0 000024f8 1
0 0 1 0 -84 000024f8 1
0 0 1 -62 0 000024f8 1
0 0 1 0 92 000024f8 1
0 0 1 0 -127 000024f8 1
0 0 1 34 0 000024f8 1
0 0 1 -86 0 000024f8 1
0 0 1 0 -41 000024f8 1
0 0 1 0 -127 000024f8 1
0 0 1 -51 69 000024f8 1
0 0 1 0 -74 00001739 1
0 0 1 56 0 00001739 1
0 0 1 -45 0 00001739 1
0 0 1 -127 0 00001739 1
0 0 1 -8 0 00001739 1
0 0 1 0 -39 00001739 1
0 0 1 118 0 00001739 1
0 0 1 0 119 00001739 1
0 0 1 119 0 00001739 1
0 0 1 98 -113 00001739 1
0 0 1 0 125 ffffebf7 1
0 0 1 0 64 ffffebf7 1
0 0 1 0 -57 ffffebf7 1
0 0 1 37 0 ffffebf7 1
0 0 1 -126 0 ffffebf7 1
0 0 1 0 -42 ffffebf7 1
0 0 1 120 0 ffffebf7 1
0 0 1 0 24 ffffebf7 1
0 0 1 0 60 ffffebf7 1
0 0 1 96 38 ffffebf7 1
0 0 1 0 12 fffffa37 1
0 0 1 0 6 fffffa37 1
0 0 1 -70 0 fffffa37 1
0 0 1 2 0 fffffa37 1
0 0 1 -109 0 fffffa37 1
0 0 1 0 127 fffffa37 1
0 0 1 0 41 fffffa37 1
0 0 1 -24 0 fffffa37 1
0 0 1 0 43 fffffa37 1
0 0 1 123 55 fffffa37 1
0 0 1 40 0 000014a4 1
0 0 1 0 100 000014a4 1
0 0 1 103 0 000014a4 1
0 0 1 0 74 000014a4 1
0 0 1 0 29 000014a4 1
0 0 1 0 29 000014a4 1
0 0 1 0 -60 000014a4 1
0 0 1 33 0 000014a4 1
0 0 1 115 0 000014a4 1
0 0 1 39 -123 000014a4 1
0 0 1 0 -62 000001e7 1
0 0 1 0 15 000001e7 1
0 0 1 0 -106 000001e7 1
0 0 1 0 -13 000001e7 1
0 0 1 -69 0 000001e7 1
0 0 1 106 0 000001e7 1
0 0 1 0 -113 000001e7 1
0 0 1 0 97 000001e7 1
0 0 1 -23 0 000001e7 1
0 0 1 79 114 000001e7 1
0 0 1 0 -20 00002515 1
0 0 1 0 -65 00002515 1
0 0 1 -28 0 00002515 1
0 0 1 -103 0 00002515 1
0 0 1 0 4 00002515 1
0 0 1 0 7 00002515 1
0 0 1 46 0 00002515 1
0 0 1 0 29 00002515 1
0 0 1 116 0 00002515 1
0 0 1 -84 -110 00002515 1
0 0 1 0 13 0000492d 1
0 0 1 6 0 0000492d 1
0 0 1 0 -124 0000492d 1
0 0 1 113 0 0000492d 1
0 0 1 0 -29 0000492d 1
0 0 1 0 -67 0000492d 1
0 0 1 0 39 0000492d 1
0 0 1 0 123 0000492d 1
0 0 1 67 0 0000492d 1
0 0 1 18 123 0000492d 1
0 0 1 0 113 000051d3 1
0 0 1 121 0 000051d3 1
0 0 1 21 0 000051d3 1
0 0 1 -119 0 000051d3 1
0 0 1 0 120 000051d3 1
0 0 1 0 12 000051d3 1
0 0 1 -115 0 000051d3 1
0 0 1 109 0 000051d3 1
0 0 1 74 0 000051d3 1
0 0 1 -64 -98 000051d3 1
0 0 1 0 -79 00006a53 1
0 0 1 0 -88 00006a53 1
0 0 1 7 0 00006a53 1
0 0 1 12 0 00006a53 1
0 0 1 0 95 00006a53 1
0 0 1 119 0 00006a53 1
0 0 1 34 0 00006a53 1
0 0 1 125 0 00006a53 1
0 0 1 0 -73 00006a53 1
0 0 1 -94 -115 00006a53 1
0 0 1 72 0 0000948d 1
0 0 1 0 -63 0000948d 1
0 0 1 93 0 0000948d 1
0 0 1 -98 0 0000948d 1
0 0 1 0 19 0000948d 1
0 0 1 -66 0 0000948d 1
0 0 1 0 -18 0000948d 1
0 0 1 -107 0 0000948d 1
0 0 1 -111 0 0000948d 1
0 0 1 -116 -128 0000948d 1
0 0 1 0 -41 0000ce8d 1
0 0 1 0 -49 0000ce8d 1
0 0 1 0 -125 0000ce8d 1
0 0 1 0 -43 0000ce8d 1
0 0 1 0 -108 0000ce8d 1
0 0 1 93 0 0000ce8d 1
0 0 1 0 -52 0000ce8d 1
0 0 1 0 27 0000ce8d 1
0 0 1 0 -54 0000ce8d 1
0 0 1 36 -31 0000ce8d 1
0 0 1 -108 0 0000ca31 1
0 0 1 0 -48 0000ca31 1
0 0 1 0 92 0000ca31 1
0 0 1 0 -52 0000ca31 1
0 0 1 -15 0 0000ca31 1
0 0 1 0 -101 0000ca31 1
0 0 1 0 15 0000ca31 1
0 0 1 90 0 0000ca31 1
0 0 1 0 98 0000ca31 1
0 0 1 84 72 0000ca31 1
0 0 1 -117 0 0000e1d1 1
0 0 1 -35 0 0000e1d1 1
0 0 1 0 -76 0000e1d1 1
0 0 1 0 -59 0000e1d1 1
0 0 1 0 -23 0000e1d1 1
0 0 1 0 90 0000e1d1 1
0 0 1 0 -22 0000e1d1 1
0 0 1 0 -63 0000e1d1 1
0 0 1 -99 0 0000e1d1 1
0 0 1 108 25 0000e1d1 1
0 0 1 0 -16 0000ec5d 1
0 0 1 -82 0 0000ec5d 1
0 0 1 95 0 0000ec5d 1
0 0 1 0 -17 0000ec5d 1
0 0 1 89 0 0000ec5d 1
0 0 1 -126 0 0000ec5d 1
0 0 1 0 97 0000ec5d 1
0 0 1 -8 0 0000ec5d 1
0 0 1 84 0 0000ec5d 1
0 0 1 22 -9 0000ec5d 1
0 0 1 0 105 0000eb97 1
0 0 1 0 -119 0000eb97 1
0 0 1 -63 0 0000eb97 1
0 0 1 0 125 0000eb97 1
0 0 1 0 79 0000eb97 1
0 0 1 -57 0 0000eb97 1
0 0 1 22 0 0000eb97 1
0 0 1 0 64 0000eb97 1
0 0 1 0 57 0000eb97 1
0 0 1 -68 62 0000eb97 1
0 0 1 68 0 0000db1f 1
0 0 1 -42 0 0000db1f 1
0 0 1 -73 0 0000db1f 1
0 0 1 0 -39 0000db1f 1
0 0 1 0 50 0000db1f 1
0 0 1 0 -61 0000db1f 1
0 0 1 0 92 0000db1f 1
0 0 1 -68 0 0000db1f 1
0 0 1 0 -77 0000db1f 1
0 0 1 57 53 0000db1f 1
0 0 1 0 -123 0000e6ec 1
0 0 1 0 -68 0000e6ec 1
0 0 1 55 0 0000e6ec 1
0 0 1 19 0 0000e6ec 1
0 0 1 102 0 0000e6ec 1
0 0 1 22 0 0000e6ec 1
0 0 1 0 58 0000e6ec 1
0 0 1 120 0 0000e6ec 1
0 0 1 0 -80 0000e6ec 1
0 0 1 75 -31 0000e6ec 1
0 0 1 73 0 0000ddd7 1
0 0 1 -53 0 0000ddd7 1
0 0 1 0 -69 0000ddd7 1
0 0 1 0 -40 0000ddd7 1
0 0 1 0 -71 0000ddd7 1
0 0 1 6 0 0000ddd7 1
0 0 1 -49 0 0000ddd7 1
0 0 1 0 76 0000ddd7 1
0 0 1 0 -47 0000ddd7 1
0 0 1 -72 -34 0000ddd7 1
0 0 1 0 -92 0000e767 1
0 0 1 0 -40 0000e767 1
0 0 1 0 -88 0000e767 1
0 0 1 0 -30 0000e767 1
0 0 1 0 108 0000e767 1
0 0 1 -62 0 0000e767 1
0 0 1 0 -70 0000e767 1
0 0 1 -80 0 0000e767 1
0 0 1 0 -83 0000e767 1
0 0 1 12 -124 0000e767 1
0 0 1 -22 0 0000e197 1
0 0 1 0 20 0000e197 1
0 0 1 0 110 0000e197 1
0 0 1 0 27 0000e197 1
0 0 1 14 0 0000e197 1
0 0 1 0 -1 0000e197 1
0 0 1 58 0 0000e197 1
0 0 1 101 0 0000e197 1
0 0 1 17 0 0000e197 1
0 0 1 -29 70 0000e197 1
0 0 1 0 -8 0000d9a9 1
0 0 1 0 60 0000d9a9 1
0 0 1 3 0 0000d9a9 1
0 0 1 0 -80 0000d9a9 1
0 0 1 42 0 0000d9a9 1
0 0 1 0 -95 0000d9a9 1
0 0 1 43 0 0000d9a9 1
0 0 1 1 0 0000d9a9 1
0 0 1 0 24 0000d9a9 1
0 0 1 123 -9 0000d9a9 1
0 0 1 62 0 0000d556 1
0 0 1 -7 0 0000d556 1
0 0 1 33 0 0000d556 1
0 0 1 -108 0 0000d556 1
0 0 1 -100 0 0000d556 1
0 0 1 -117 0 0000d556 1
0 0 1 0 -56 0000d556 1
0 0 1 -123 0 0000d556 1
0 0 1 0 -124 0000d556 1
0 0 1 55 60 0000d556 1
0 0 1 -2 0 0000e23a 1
0 0 1 0 -81 0000e23a 1
0 0 1 0 -81 0000e23a 1
0 0 1 -77 0 0000e23a 1
0 0 1 0 -88 0000e23a 1
0 0 1 -67 0 0000e23a 1
0 0 1 0 -2 0000e23a 1
0 0 1 109 0 0000e23a 1
0 0 1 126 0 0000e23a 1
0 0 1 16 -14 0000e23a 1
0 0 1 -57 0 0000e15a 1
0 0 1 -107 0 0000e15a 1
0 0 1 0 33 0000e15a 1
0 0 1 -2 0 0000e15a 1
0 0 1 9 0 0000e15a 1
0 0 1 -128 0 0000e15a 1
0 0 1 0 -40 0000e15a 1
0 0 1 -39 0 0000e15a 1
0 0 1 -78 0 0000e15a 1
0 0 1 -51 -14 0000e15a 1
0 0 1 0 43 0000e424 1
0 0 1 -42 0 0000e424 1
0 0 1 0 -27 0000e424 1
0 0 1 -102 0 0000e424 1
0 0 1 -9 0 0000e424 1
0 0 1 56 0 0000e424 1
0 0 1 -128 0 0000e424 1
0 0 1 -99 0 0000e424 1
0 0 1 0 68 0000e424 1
0 0 1 -121 -19 0000e424 1
0 0 1 0 -79 0000ed1f 1
0 0 1 0 52 0000ed1f 1
0 0 1 -109 0 0000ed1f 1
0 0 1 0 94 0000ed1f 1
0 0 1 0 22 0000ed1f 1
0 0 1 -79 0 0000ed1f 1
0 0 1 0 -19 0000ed1f 1
0 0 1 -120 0 0000ed1f 1
0 0 1 0 95 0000ed1f 1
0 0 1 93 10 0000ed1f 1
0 0 1 0 89 0000f0c1 1
0 0 1 0 -61 0000f0c1 1
0 0 1 0 44 0000f0c1 1
0 0 1 118 0 0000f0c1 1
0 0 1 0 106 0000f0c1 1
0 0 1 -33 0 0000f0c1 1
0 0 1 0 -114 0000f0c1 1
0 0 1 0 -79 0000f0c1 1
0 0 1 4 0 0000f0c1 1
0 0 1 -84 52 0000f0c1 1
0 0 1 0 111 0000dfb1 1
0 0 1 12 0 0000dfb1 1
0 0 1 0 -108 0000dfb1 1
0 0 1 46 0 0000dfb1 1
0 0 1 0 -36 0000dfb1 1
0 0 1 107 0 0000dfb1 1
0 0 1 0 -113 0000dfb1 1
0 0 1 0 -124 0000dfb1 1
0 0 1 97 0 0000dfb1 1
0 0 1 113 34 0000dfb1 1
0 0 1 0 6 0000eeb3 1
0 0 1 0 77 0000eeb3 1
0 0 1 -23 0 0000eeb3 1
0 0 1 -21 0 0000eeb3 1
0 0 1 -80 0 0000eeb3 1
0 0 1 0 2 0000eeb3 1
0 0 1 0 -41 0000eeb3 1
0 0 1 0 23 0000eeb3 1
0 0 1 -93 0 0000eeb3 1
0 0 1 -113 -38 0000eeb3 1
0 0 1 0 -55 0000ff79 1
0 0 1 0 10 0000ff79 1
0 0 1 0 28 0000ff79 1
0 0 1 0 46 0000ff79 1
0 0 1 -6 0 0000ff79 1
0 0 1 0 110 0000ff79 1
0 0 1 -112 0 0000ff79 1
0 0 1 0 77 0000ff79 1
0 0 1 -97 0 0000ff79 1
0 0 1 101 -21 0000ff79 1
0 0 1 14 0 0000f730 1
0 0 1 0 69 0000f730 1
0 0 1 -28 0 0000f730 1
0 0 1 117 0 0000f730 1
0 0 1 0 -21 0000f730 1
0 0 1 0 -60 0000f730 1
0 0 1 0 93 0000f730 1
0 0 1 -24 0 0000f730 1
0 0 1 58 0 0000f730 1
0 0 1 94 43 0000f730 1
0 0 1 115 0 000106fa 1
0 0 1 -21 0 000106fa 1
0 0 1 -112 0 000106fa 1
0 0 1 0 -67 000106fa 1
0 0 1 -112 0 000106fa 1
0 0 1 94 0 000106fa 1
0 0 1 8 0 000106fa 1
0 0 1 0 -81 000106fa 1
0 0 1 0 -122 000106fa 1
0 0 1 -24 96 000106fa 1
0 0 1 69 0 0000fdfa 1
0 0 1 51 0 0000fdfa 1
0 0 1 52 0 0000fdfa 1
0 0 1 0 116 0000fdfa 1
0 0 1 -58 0 0000fdfa 1
0 0 1 -59 0 0000fdfa 1
0 0 1 0 38 0000fdfa 1
0 0 1 0 -55 0000fdfa 1
0 0 1 0 -100 0000fdfa 1
0 0 1 -19 125 0000fdfa 1
0 0 1 0 123 0000f4b3 1
0 0 1 0 35 0000f4b3 1
0 0 1 -47 0 0000f4b3 1
0 0 1 -40 0 0000f4b3 1
0 0 1 0 24 0000f4b3 1
0 0 1 -7 0 0000f4b3 1
0 0 1 0 94 0000f4b3 1
0 0 1 -94 0 0000f4b3 1
0 0 1 0 69 0000f4b3 1
0 0 1 118 -127 0000f4b3 1
0 0 1 -45 0 0000ba29 1
0 0 1 0 115 0000ba29 1
0 0 1 65 0 0000ba29 1
0 0 1 79 0 0000ba29 1
0 0 1 48 0 0000ba29 1
0 0 1 0 -69 0000ba29 1
0 0 1 0 -113 0000ba29 1
0 0 1 0 30 0000ba29 1
0 0 1 102 0 0000ba29 1
0 0 1 -85 -87 0000ba29 1
0 0 1 0 -83 0000d70c 1
0 0 1 0 127 0000d70c 1
0 0 1 0 116 0000d70c 1
0 0 1 17 0 0000d70c 1
0 0 1 0 35 0000d70c 1
0 0 1 0 -69 0000d70c 1
0 0 1 -116 0 0000d70c 1
0 0 1 0 -85 0000d70c 1
0 0 1 0 34 0000d70c 1
0 0 1 -78 95 0000d70c 1
0 0 1 0 3 0000ba1a 1
0 0 1 0 -13 0000ba1a 1
0 0 1 0 9 0000ba1a 1
0 0 1 -65 0 0000ba1a 1
0 0 1 -31 0 0000ba1a 1
0 0 1 0 -10 0000ba1a 1
0 0 1 70 0 0000ba1a 1
0 0 1 -123 0 0000ba1a 1
0 0 1 -61 0 0000ba1a 1
0 0 1 110 -47 0000ba1a 1
0 0 1 0 -75 0000a5e8 1
0 0 1 0 6 0000a5e8 1
0 0 1 41 0 0000a5e8 1
0 0 1 -54 0 0000a5e8 1
0 0 1 54 0 0000a5e8 1
0 0 1 0 6 0000a5e8 1
0 0 1 -51 0 0000a5e8 1
0 0 1 0 97 0000a5e8 1
0 0 1 -44 0 0000a5e8 1
0 0 1 123 93 0000a5e8 1
0 0 1 0 -12 0000d297 1
0 0 1 -7 0 0000d297 1
0 0 1 13 0 0000d297 1
0 0 1 0 70 0000d297 1
0 0 1 0 -94 0000d297 1
0 0 1 0 62 0000d297 1
0 0 1 0 69 0000d297 1
0 0 1 0 14 0000d297 1
0 0 1 -81 0 0000d297 1
0 0 1 74 49 0000d297 1
0 0 1 0 107 0000e0c1 1
0 0 1 0 94 0000e0c1 1
0 0 1 0 -77 0000e0c1 1
0 0 1 -96 0 0000e0c1 1
0 0 1 113 0 0000e0c1 1
0 0 1 -125 0 0000e0c1 1
0 0 1 0 -11 0000e0c1 1
0 0 1 24 0 0000e0c1 1
0 0 1 -85 0 0000e0c1 1
0 0 1 28 104 0000e0c1 1
0 0 1 0 -94 0000ec21 1
0 0 1 0 -69 0000ec21 1
0 0 1 -9 0 0000ec21 1
0 0 1 0 24 0000ec21 1
0 0 1 62 0 0000ec21 1
0 0 1 -30 0 0000ec21 1
0 0 1 0 45 0000ec21 1
0 0 1 0 -36 0000ec21 1
0 0 1 0 106 0000ec21 1
0 0 1 14 110 0000ec21 1
0 0 1 0 -64 0000f225 1
0 0 1 66 0 0000f225 1
0 0 1 54 0 0000f225 1
0 0 1 88 0 0000f225 1
0 0 1 0 51 0000f225 1
0 0 1 58 0 0000f225 1
0 0 1 0 -73 0000f225 1
0 0 1 56 0 0000f225 1
0 0 1 -94 0 0000f225 1
0 0 1 118 5 0000f225 1
0 0 1 110 0 0000f473 1
0 0 1 -40 0 0000f473 1
0 0 1 0 89 0000f473 1
0 0 1 115 0 0000f473 1
0 0 1 0 27 0000f473 1
0 0 1 0 -75 0000f473 1
0 0 1 84 0 0000f473 1
0 0 1 0 -7 0000f473 1
0 0 1 77 0 0000f473 1
0 0 1 106 27 0000f473 1
0 0 1 12 0 0000ffa1 1
0 0 1 0 -35 0000ffa1 1
0 0 1 0 -68 0000ffa1 1
0 0 1 0 87 0000ffa1 1
0 0 1 91 0 0000ffa1 1
0 0 1 0 103 0000ffa1 1
0 0 1 0 85 0000ffa1 1
0 0 1 0 117 0000ffa1 1
0 0 1 0 -15 0000ffa1 1
0 0 1 63 9 0000ffa1 1
0 0 1 0 26 000101d8 1
0 0 1 -35 0 000101d8 1
0 0 1 77 0 000101d8 1
0 0 1 -43 0 000101d8 1
0 0 1 -81 0 000101d8 1
0 0 1 66 0 000101d8 1
0 0 1 -35 0 000101d8 1
0 0 1 0 10 000101d8 1
0 0 1 0 40 000101d8 1
0 0 1 -119 -16 000101d8 1
0 0 1 -120 0 00010948 1
0 0 1 -108 0 00010948 1
0 0 1 -55 0 00010948 1
0 0 1 -49 0 00010948 1
0 0 1 0 -68 00010948 1
0 0 1 98 0 00010948 1
0 0 1 89 0 00010948 1
0 0 1 0 91 00010948 1
0 0 1 0 57 00010948 1
0 0 1 -61 -34 00010948 1
0 0 1 75 0 00011162 1
0 0 1 120 0 00011162 1
0 0 1 0 14 00011162 1
0 0 1 8 0 00011162 1
0 0 1 -128 0 00011162 1
0 0 1 0 -9 00011162 1
0 0 1 13 0 00011162 1
0 0 1 71 0 00011162 1
0 0 1 99 0 00011162 1
0 0 1 26 -107 00011162 1
0 0 1 0 54 00010684 1
0 0 1 0 95 00010684 1
0 0 1 -50 0 00010684 1
0 0 1 40 0 00010684 1
0 0 1 0 -80 00010684 1
0 0 1 24 0 00010684 1
0 0 1 -29 0 00010684 1
0 0 1 0 -16 00010684 1
0 0 1 124 0 00010684 1
0 0 1 84 7 00010684 1
0 0 1 0 117 000108d0 1
0 0 1 0 -4 000108d0 1
0 0 1 0 121 000108d0 1
0 0 1 -111 0 000108d0 1
0 0 1 15 0 000108d0 1
0 0 1 0 93 000108d0 1
0 0 1 -112 0 000108d0 1
0 0 1 -102 0 000108d0 1
0 0 1 0 73 000108d0 1
0 0 1 -22 -118 000108d0 1
0 0 1 0 -94 000112f4 1
0 0 1 0 -17 000112f4 1
0 0 1 0 -24 000112f4 1
0 0 1 0 -115 000112f4 1
0 0 1 57 0 000112f4 1
0 0 1 31 0 000112f4 1
0 0 1 0 75 000112f4 1
0 0 1 55 0 000112f4 1
0 0 1 0 15 000112f4 1
0 0 1 77 35 000112f4 1
0 0 1 0 122 00011d7b 1
0 0 1 97 0 00011d7b 1
0 0 1 77 0 00011d7b 1
0 0 1 99 0 00011d7b 1
0 0 1 0 -20 00011d7b 1
0 0 1 -94 0 00011d7b 1
0 0 1 0 -73 00011d7b 1
0 0 1 54 0 00011d7b 1
0 0 1 -37 0 00011d7b 1
0 0 1 -57 79 00011d7b 1
0 0 1 0 -7 00010be4 1
0 0 1 28 0 00010be4 1
0 0 1 0 -95 00010be4 1
0 0 1 0 106 00010be4 1
0 0 1 0 29 00010be4 1
0 0 1 0 -29 00010be4 1
0 0 1 0 1 00010be4 1
0 0 1 98 0 00010be4 1
0 0 1 0 102 00010be4 1
0 0 1 -38 75 00010be4 1
0 0 1 80 0 000100c2 1
0 0 1 100 0 000100c2 1
0 0 1 123 0 000100c2 1
0 0 1 109 0 000100c2 1
0 0 1 0 82 000100c2 1
0 0 1 -88 0 000100c2 1
0 0 1 0 -69 000100c2 1
0 0 1 0 -70 000100c2 1
0 0 1 -45 0 000100c2 1
0 0 1 -16 92 000100c2 1
0 0 1 0 49 0000fb02 1
0 0 1 0 16 0000fb02 1
0 0 1 0 -61 0000fb02 1
0 0 1 0 -122 0000fb02 1
0 0 1 -75 0 0000fb02 1
0 0 1 -49 0 0000fb02 1
0 0 1 0 74 0000fb02 1
0 0 1 0 -123 0000fb02 1
0 0 1 53 0 0000fb02 1
0 0 1 -82 49 0000fb02 1
0 0 1 120 0 0000eb50 1
0 0 1 1 0 0000eb50 1
0 0 1 0 8 0000eb50 1
0 0 1 0 -10 0000eb50 1
0 0 1 0 -25 0000eb50 1
0 0 1 -39 0 0000eb50 1
0 0 1 0 -109 0000eb50 1
0 0 1 0 -44 0000eb50 1
0 0 1 0 -51 0000eb50 1
0 0 1 -125 -47 0000eb50 1
0 0 1 0 -76 00010243 1
0 0 1 0 121 00010243 1
0 0 1 36 0 00010243 1
0 0 1 0 -68 00010243 1
0 0 1 -31 0 00010243 1
0 0 1 0 51 00010243 1
0 0 1 43 0 00010243 1
0 0 1 0 -37 00010243 1
0 0 1 0 76 00010243 1
0 0 1 50 -80 00010243 1
0 0 1 0 67 0000f2a3 1
0 0 1 0 -103 0000f2a3 1
0 0 1 -103 0 0000f2a3 1
0 0 1 101 0 0000f2a3 1
0 0 1 -120 0 0000f2a3 1
0 0 1 60 0 0000f2a3 1
0 0 1 0 -82 0000f2a3 1
0 0 1 0 78 0000f2a3 1
0 0 1 0 -85 0000f2a3 1
0 0 1 119 40 0000f2a3 1
0 0 1 0 23 0001053b 1
0 0 1 111 0 0001053b 1
0 0 1 0 -111 0001053b 1
0 0 1 7 0 0001053b 1
0 0 1 0 70 0001053b 1
0 0 1 11 0 0001053b 1
0 0 1 0 -88 0001053b 1
0 0 1 0 124 0001053b 1
0 0 1 -103 0 0001053b 1
0 0 1 -119 -31 0001053b 1
0 0 1 0 102 000113a4 1
0 0 1 70 0 000113a4 1
0 0 1 0 -79 000113a4 1
0 0 1 -124 0 000113a4 1
0 0 1 26 0 000113a4 1
0 0 1 -77 0 000113a4 1
0 0 1 -27 0 000113a4 1
0 0 1 0 -68 000113a4 1
0 0 1 24 0 000113a4 1
0 0 0 37 -83 000113a4 1
0 0 0 -49 72 000113a4 0
