1 0 0 0 0 00000000 0
1 0 0 0 0 00000000 0
1 0 0 0 0 00000000 0
0 0 1 0 64 00000000 0
0 0 1 95 0 00000000 1
0 0 1 0 54 00000000 1
0 0 1 87 0 00000000 1
0 0 1 -106 0 00000000 1
0 0 1 -38 0 00000000 1
0 0 1 0 -32 00000000 1
0 0 1 0 48 00000000 1
0 0 1 71 0 00000000 1
0 0 1 0 66 00000000 1
0 0 1 -52 0 00000000 1
0 0 1 110 0 00000000 1
0 0 1 0 -98 00000000 1
0 0 1 0 -44 00000000 1
0 0 1 0 101 00000000 1
0 0 1 -123 0 00000000 1
0 0 1 13 0 00000000 1
0 0 1 0 -20 00000000 1
0 0 1 66 0 00000000 1
0 0 1 38 0 00000000 1
0 0 1 0 34 00000000 1
0 0 1 0 -77 00000000 1
0 0 1 0 -58 00000000 1
0 0 1 -5 0 00000000 1
0 0 1 -78 0 00000000 1
0 0 1 0 -26 00000000 1
0 0 1 -77 0 00000000 1
0 0 1 0 27 00000000 1
0 0 1 0 -96 00000000 1
0 0 1 43 0 00000000 1
0 0 1 75 0 00000000 1
0 0 1 0 -114 00000000 1
0 0 1 -51 0 00000000 1
0 0 1 -12 0 00000000 1
0 0 1 0 38 00000000 1
0 0 1 -107 0 00000000 1
0 0 1 0 -81 00000000 1
0 0 1 0 15 00000000 1
0 0 1 82 0 00000000 1
0 0 1 81 0 00000000 1
0 0 1 15 0 00000000 1
0 0 1 0 12 00000000 1
0 0 1 -96 0 00000000 1
0 0 1 0 -78 00000000 1
0 0 1 0 50 00000000 1
0 0 1 89 0 00000000 1
0 0 1 0 54 00000000 1
0 0 1 0 27 00000000 1
0 0 1 0 2 00000000 1
0 0 1 0 -40 00000000 1
0 0 1 0 -77 00000000 1
0 0 1 0 82 00000000 1
0 0 1 0 -62 00000000 1
0 0 1 0 127 00000000 1
0 0 1 -40 0 00000000 1
0 0 1 -58 0 00000000 1
0 0 1 -54 0 00000000 1
0 0 1 -43 0 00000000 1
0 0 1 0 31 00000000 1
0 0 1 0 99 00000000 1
0 0 1 0 33 00000000 1
0 0 1 28 0 00000000 1
0 0 1 -115 0 00000000 1
0 0 1 0 71 00000000 1
0 0 1 0 67 00000000 1
0 0 1 0 2 00000000 1
0 0 1 -35 0 00000000 1
0 0 1 96 0 00000000 1
0 0 1 0 -100 00000000 1
0 0 1 0 23 00000000 1
0 0 1 61 0 00000000 1
0 0 1 110 0 00000000 1
0 0 1 53 0 00000000 1
0 0 1 6 0 00000000 1
0 0 1 0 118 00000000 1
0 0 1 0 67 00000000 1
0 0 1 -55 0 00000000 1
0 0 1 0 -66 00000000 1
0 0 1 -41 0 00000000 1
0 0 1 0 -4 00000000 1
0 0 1 0 121 00000000 1
0 0 1 -61 0 00000000 1
0 0 1 0 17 00000000 1
0 0 1 -37 0 00000000 1
0 0 1 25 0 00000000 1
0 0 1 0 127 00000000 1
0 0 1 123 0 00000000 1
0 0 1 0 97 00000000 1
0 0 1 -91 0 00000000 1
0 0 1 0 -99 00000000 1
0 0 1 0 -91 00000000 1
0 0 1 0 59 00000000 1
0 0 1 -42 0 00000000 1
0 0 1 -111 0 00000000 1
0 0 1 126 0 00000000 1
0 0 1 -83 0 00000000 1
0 0 1 79 0 00000000 1
0 0 1 0 -105 00000000 1
0 0 1 0 53 00000000 1
0 0 1 0 42 00000000 1
0 0 1 0 50 00000000 1
0 0 1 -53 0 00000000 1
0 0 1 56 0 00000000 1
0 0 1 8 0 00000000 1
0 0 1 0 25 00000000 1
0 0 1 0 -123 00000000 1
0 0 1 0 -120 00000000 1
0 0 1 0 -76 00000000 1
0 0 1 0 73 00000000 1
0 0 1 0 -5 00000000 1
0 0 1 0 -119 00000000 1
0 0 1 0 26 00000000 1
0 0 1 0 115 00000000 1
0 0 1 0 117 00000000 1
0 0 1 -46 0 00000000 1
0 0 1 0 -114 00000000 1
0 0 1 91 0 00000000 1
0 0 1 113 0 00000000 1
0 0 1 0 -101 00000000 1
0 0 1 -78 0 00000000 1
0 0 1 0 -48 00000000 1
0 0 1 0 57 00000000 1
0 0 1 0 -113 00000000 1
0 0 1 0 -127 00000000 1
0 0 1 13 0 00000000 1
0 0 1 0 21 00000000 1
0 0 1 0 52 00000000 1
0 0 1 0 -11 00000000 1
0 0 1 68 0 00000000 1
0 0 1 -85 0 00000000 1
0 0 1 0 102 00000000 1
0 0 1 -101 0 00000000 1
0 0 1 0 21 00000000 1
0 0 1 0 -1 00000000 1
0 0 1 -90 0 00000000 1
0 0 1 -96 0 00000000 1
0 0 1 0 127 00000000 1
0 0 1 0 -128 00000000 1
0 0 1 38 0 00000000 1
0 0 1 0 -114 00000000 1
0 0 1 0 -49 00000000 1
0 0 1 -49 0 00000000 1
0 0 1 108 0 00000000 1
0 0 1 14 0 00000000 1
0 0 1 102 0 00000000 1
0 0 1 0 91 00000000 1
0 0 1 107 0 00000000 1
0 0 1 0 24 00000000 1
0 0 1 0 11 00000000 1
0 0 1 40 0 00000000 1
0 0 1 0 86 00000000 1
0 0 1 -60 0 00000000 1
0 0 1 33 0 00000000 1
0 0 1 0 -15 00000000 1
0 0 1 0 -9 00000000 1
0 0 1 67 0 00000000 1
0 0 1 0 -62 00000000 1
0 0 1 -127 0 00000000 1
0 0 1 -34 0 00000000 1
0 0 1 0 123 00000000 1
0 0 1 -128 0 00000000 1
0 0 1 112 0 00000000 1
0 0 1 0 -3 00000000 1
0 0 1 -117 0 00000000 1
0 0 1 0 22 00000000 1
0 0 1 -20 0 00000000 1
0 0 1 0 42 00000000 1
0 0 1 0 -39 00000000 1
0 0 1 0 -78 00000000 1
0 0 1 78 0 00000000 1
0 0 1 -71 0 00000000 1
0 0 1 0 -17 00000000 1
0 0 1 0 87 00000000 1
0 0 1 -18 0 00000000 1
0 0 1 0 8 00000000 1
0 0 1 -18 0 00000000 1
0 0 1 0 -30 00000000 1
0 0 1 0 38 00000000 1
0 0 1 54 0 00000000 1
0 0 1 0 -75 00000000 1
0 0 1 0 -3 00000000 1
0 0 1 0 22 00000000 1
0 0 1 65 0 00000000 1
0 0 1 0 31 00000000 1
0 0 1 0 -111 00000000 1
0 0 1 0 57 00000000 1
0 0 1 0 -116 00000000 1
0 0 1 0 61 00000000 1
0 0 1 0 75 00000000 1
0 0 1 -58 0 00000000 1
0 0 1 -61 0 00000000 1
0 0 1 -32 0 00000000 1
0 0 1 0 -125 00000000 1
0 0 1 0 -44 00000000 1
0 0 1 -28 0 00000000 1
0 0 1 45 0 00000000 1
0 0 1 39 0 00000000 1
0 0 1 0 -89 00000000 1
0 0 1 -7 0 00000000 1
0 0 1 -62 0 00000000 1
0 0 1 0 -3 00000000 1
0 0 1 -96 0 00000000 1
0 0 1 0 -77 00000000 1
0 0 1 87 0 00000000 1
0 0 1 101 0 00000000 1
0 0 1 -4 0 00000000 1
0 0 1 0 9 00000000 1
0 0 1 -18 0 00000000 1
0 0 1 0 57 00000000 1
0 0 1 -102 0 00000000 1
0 0 1 54 0 00000000 1
0 0 1 -12 0 00000000 1
0 0 1 0 35 00000000 1
0 0 1 -43 0 00000000 1
0 0 1 0 -121 00000000 1
0 0 1 0 7 00000000 1
0 0 1 25 0 00000000 1
0 0 1 101 0 00000000 1
0 0 1 14 0 00000000 1
0 0 1 33 0 00000000 1
0 0 1 -8 0 00000000 1
0 0 1 -26 0 00000000 1
0 0 1 -33 0 00000000 1
0 0 1 -83 0 00000000 1
0 0 1 0 11 00000000 1
0 0 1 97 0 00000000 1
0 0 1 55 0 00000000 1
0 0 1 0 -115 00000000 1
0 0 1 0 66 00000000 1
0 0 1 0 -9 00000000 1
0 0 1 -90 0 00000000 1
0 0 1 76 0 00000000 1
0 0 1 0 28 00000000 1
0 0 1 0 -96 00000000 1
0 0 1 -1 0 00000000 1
0 0 1 96 0 00000000 1
0 0 1 0 102 00000000 1
0 0 1 0 -69 00000000 1
0 0 1 0 -94 00000000 1
0 0 1 0 -127 00000000 1
0 0 1 0 -39 00000000 1
0 0 1 0 -39 00000000 1
0 0 1 79 0 00000000 1
0 0 1 -30 0 00000000 1
0 0 1 0 40 00000000 1
0 0 1 0 56 00000000 1
0 0 1 0 115 00000000 1
0 0 1 41 0 00000000 1
0 0 1 -59 0 00000000 1
0 0 1 19 0 00000000 1
0 0 1 -25 0 00000000 1
0 0 1 72 0 00000000 1
0 0 1 0 31 00000000 1
0 0 1 -33 0 00000000 1
0 0 1 116 0 00000000 1
0 0 1 0 -10 00000000 1
0 0 1 69 0 00000000 1
0 0 1 0 -114 00000000 1
0 0 1 0 -53 00000000 1
0 0 1 0 37 00000000 1
0 0 1 0 -32 00000000 1
0 0 1 -113 0 00000000 1
0 0 1 -119 0 00000000 1
0 0 1 96 0 00000000 1
0 0 1 -118 0 00000000 1
0 0 1 0 -46 00000000 1
0 0 1 0 -106 00000000 1
0 0 1 -77 0 00000000 1
0 0 1 0 81 00000000 1
0 0 1 8 0 00000000 1
0 0 1 0 96 00000000 1
0 0 1 115 0 00000000 1
0 0 1 96 0 00000000 1
0 0 1 0 -8 00000000 1
0 0 1 0 11 00000000 1
0 0 1 -41 0 00000000 1
0 0 1 26 0 00000000 1
0 0 1 0 -116 00000000 1
0 0 1 0 91 00000000 1
0 0 1 -19 0 00000000 1
0 0 1 0 -30 00000000 1
0 0 1 0 71 00000000 1
0 0 1 -21 0 00000000 1
0 0 1 -18 0 00000000 1
0 0 1 0 15 00000000 1
0 0 1 0 66 00000000 1
0 0 1 4 0 00000000 1
0 0 1 4 0 00000000 1
0 0 1 0 -125 00000000 1
0 0 1 0 39 00000000 1
0 0 1 0 -51 00000000 1
0 0 1 0 54 00000000 1
0 0 1 0 -61 00000000 1
0 0 1 -118 0 00000000 1
0 0 1 0 -14 00000000 1
0 0 1 0 -122 00000000 1
0 0 1 0 -8 00000000 1
0 0 1 38 0 00000000 1
0 0 1 0 113 00000000 1
0 0 1 0 15 00000000 1
0 0 1 25 0 00000000 1
0 0 1 60 0 00000000 1
0 0 1 -115 0 00000000 1
0 0 1 75 0 00000000 1
0 0 1 0 24 00000000 1
0 0 1 43 0 00000000 1
0 0 1 0 61 00000000 1
0 0 1 30 0 00000000 1
0 0 1 0 -105 00000000 1
0 0 1 97 0 00000000 1
0 0 1 21 0 00000000 1
0 0 1 0 77 00000000 1
0 0 1 13 0 00000000 1
0 0 1 0 119 00000000 1
0 0 1 -19 0 00000000 1
0 0 1 0 -35 00000000 1
0 0 1 0 45 00000000 1
0 0 1 -83 0 00000000 1
0 0 1 0 58 00000000 1
0 0 1 0 77 00000000 1
0 0 1 20 0 00000000 1
0 0 1 0 43 00000000 1
0 0 1 -45 0 00000000 1
0 0 1 0 14 00000000 1
0 0 1 0 55 00000000 1
0 0 1 14 0 00000000 1
0 0 1 109 0 00000000 1
0 0 1 0 2 00000000 1
0 0 1 -79 0 00000000 1
0 0 1 6 0 00000000 1
0 0 1 -5 0 00000000 1
0 0 1 -15 0 00000000 1
0 0 1 -12 0 00000000 1
0 0 1 -123 0 00000000 1
0 0 1 -62 0 00000000 1
0 0 1 -49 0 00000000 1
0 0 1 0 108 00000000 1
0 0 1 0 -55 00000000 1
0 0 1 0 118 00000000 1
0 0 1 0 67 00000000 1
0 0 1 0 58 00000000 1
0 0 1 -45 0 00000000 1
0 0 1 0 30 00000000 1
0 0 1 0 80 00000000 1
0 0 1 -6 0 00000000 1
0 0 1 0 -38 00000000 1
0 0 1 59 0 00000000 1
0 0 1 0 27 00000000 1
0 0 1 -59 0 00000000 1
0 0 1 0 -34 00000000 1
0 0 1 0 -99 00000000 1
0 0 1 -34 0 00000000 1
0 0 1 0 116 00000000 1
0 0 1 0 -92 00000000 1
0 0 1 -51 0 00000000 1
0 0 1 0 -21 00000000 1
0 0 1 -43 0 00000000 1
0 0 1 -124 0 00000000 1
0 0 1 0 85 00000000 1
0 0 1 0 21 00000000 1
0 0 1 -121 0 00000000 1
0 0 1 0 -84 00000000 1
0 0 1 -62 0 00000000 1
0 0 1 0 92 00000000 1
0 0 1 0 -127 00000000 1
0 0 1 34 0 00000000 1
0 0 1 -86 0 00000000 1
0 0 1 0 -41 00000000 1
0 0 1 0 -127 00000000 1
0 0 1 0 -74 00000000 1
0 0 1 56 0 00000000 1
0 0 1 -45 0 00000000 1
0 0 1 -127 0 00000000 1
0 0 1 -8 0 00000000 1
0 0 1 0 -39 00000000 1
0 0 1 118 0 00000000 1
0 0 1 0 119 00000000 1
0 0 1 119 0 00000000 1
0 0 1 0 125 00000000 1
0 0 1 0 64 00000000 1
0 0 1 0 -57 00000000 1
0 0 1 37 0 00000000 1
0 0 1 -126 0 00000000 1
0 0 1 0 -42 00000000 1
0 0 1 120 0 00000000 1
0 0 1 0 24 00000000 1
0 0 1 0 60 00000000 1
0 0 1 0 12 00000000 1
0 0 1 0 6 00000000 1
0 0 1 -70 0 00000000 1
0 0 1 2 0 00000000 1
0 0 1 -109 0 00000000 1
0 0 1 0 127 00000000 1
0 0 1 0 41 00000000 1
0 0 1 -24 0 00000000 1
0 0 1 0 43 00000000 1
0 0 1 40 0 00000000 1
0 0 1 0 100 00000000 1
0 0 1 103 0 00000000 1
0 0 1 0 74 00000000 1
0 0 1 0 29 00000000 1
0 0 1 0 29 00000000 1
0 0 1 0 -60 00000000 1
0 0 1 33 0 00000000 1
0 0 1 115 0 00000000 1
0 0 1 0 -62 00000000 1
0 0 1 0 15 00000000 1
0 0 1 0 -106 00000000 1
0 0 1 0 -13 00000000 1
0 0 1 -69 0 00000000 1
0 0 1 106 0 00000000 1
0 0 1 0 -113 00000000 1
0 0 1 0 97 00000000 1
0 0 1 -23 0 00000000 1
0 0 1 0 -20 00000000 1
0 0 1 0 -65 00000000 1
0 0 1 -28 0 00000000 1
0 0 1 -103 0 00000000 1
0 0 1 0 4 00000000 1
0 0 1 0 7 00000000 1
0 0 1 46 0 00000000 1
0 0 1 0 29 00000000 1
0 0 1 116 0 00000000 1
0 0 1 0 13 00000000 1
0 0 1 6 0 00000000 1
0 0 1 0 -124 00000000 1
0 0 1 113 0 00000000 1
0 0 1 0 -29 00000000 1
0 0 1 0 -67 00000000 1
0 0 1 0 39 00000000 1
0 0 1 0 123 00000000 1
0 0 1 67 0 00000000 1
0 0 1 0 113 00000000 1
0 0 1 121 0 00000000 1
0 0 1 21 0 00000000 1
0 0 1 -119 0 00000000 1
0 0 1 0 120 00000000 1
0 0 1 0 12 00000000 1
0 0 1 -115 0 00000000 1
0 0 1 109 0 00000000 1
0 0 1 74 0 00000000 1
0 0 1 0 -79 00000000 1
0 0 1 0 -88 00000000 1
0 0 1 7 0 00000000 1
0 0 1 12 0 00000000 1
0 0 1 0 95 00000000 1
0 0 1 119 0 00000000 1
0 0 1 34 0 00000000 1
0 0 1 125 0 00000000 1
0 0 1 0 -73 00000000 1
0 0 1 72 0 00000000 1
0 0 1 0 -63 00000000 1
0 0 1 93 0 00000000 1
0 0 1 -98 0 00000000 1
0 0 1 0 19 00000000 1
0 0 1 -66 0 00000000 1
0 0 1 0 -18 00000000 1
0 0 1 -107 0 00000000 1
0 0 1 -111 0 00000000 1
0 0 1 0 -41 00000000 1
0 0 1 0 -49 00000000 1
0 0 1 0 -125 00000000 1
0 0 1 0 -43 00000000 1
0 0 1 0 -108 00000000 1
0 0 1 93 0 00000000 1
0 0 1 0 -52 00000000 1
0 0 1 0 27 00000000 1
0 0 1 0 -54 00000000 1
0 0 1 -108 0 00000000 1
0 0 1 0 -48 00000000 1
0 0 1 0 92 00000000 1
0 0 1 0 -52 00000000 1
0 0 1 -15 0 00000000 1
0 0 1 0 -101 00000000 1
0 0 1 0 15 00000000 1
0 0 1 90 0 00000000 1
0 0 1 0 98 00000000 1
0 0 1 -117 0 00000000 1
0 0 1 -35 0 00000000 1
0 0 1 0 -76 00000000 1
0 0 1 0 -59 00000000 1
0 0 1 0 -23 00000000 1
0 0 1 0 90 00000000 1
0 0 1 0 -22 00000000 1
0 0 1 0 -63 00000000 1
0 0 1 -99 0 00000000 1
0 0 1 0 -16 00000000 1
0 0 1 -82 0 00000000 1
0 0 1 95 0 00000000 1
0 0 1 0 -17 00000000 1
0 0 1 89 0 00000000 1
0 0 1 -126 0 00000000 1
0 0 1 0 97 00000000 1
0 0 1 -8 0 00000000 1
0 0 1 84 0 00000000 1
0 0 1 0 105 00000000 1
0 0 1 0 -119 00000000 1
0 0 1 -63 0 00000000 1
0 0 1 0 125 00000000 1
0 0 1 0 79 00000000 1
0 0 1 -57 0 00000000 1
0 0 1 22 0 00000000 1
0 0 1 0 64 00000000 1
0 0 1 0 57 00000000 1
0 0 1 68 0 00000000 1
0 0 1 -42 0 00000000 1
0 0 1 -73 0 00000000 1
0 0 1 0 -39 00000000 1
0 0 1 0 50 00000000 1
0 0 1 0 -61 00000000 1
0 0 1 0 92 00000000 1
0 0 1 -68 0 00000000 1
0 0 1 0 -77 00000000 1
0 0 1 0 -123 00000000 1
0 0 1 0 -68 00000000 1
0 0 1 55 0 00000000 1
0 0 1 19 0 00000000 1
0 0 1 102 0 00000000 1
0 0 1 22 0 00000000 1
0 0 1 0 58 00000000 1
0 0 1 120 0 00000000 1
0 0 1 0 -80 00000000 1
0 0 1 73 0 00000000 1
0 0 1 -53 0 00000000 1
0 0 1 0 -69 00000000 1
0 0 1 0 -40 00000000 1
0 0 1 0 -71 00000000 1
0 0 1 6 0 00000000 1
0 0 1 -49 0 00000000 1
0 0 1 0 76 00000000 1
0 0 1 0 -47 00000000 1
0 0 1 0 -92 00000000 1
0 0 1 0 -40 00000000 1
0 0 1 0 -88 00000000 1
0 0 1 0 -30 00000000 1
0 0 1 0 108 00000000 1
0 0 1 -62 0 00000000 1
0 0 1 0 -70 00000000 1
0 0 1 -80 0 00000000 1
0 0 1 0 -83 00000000 1
0 0 1 -22 0 00000000 1
0 0 1 0 20 00000000 1
0 0 1 0 110 00000000 1
0 0 1 0 27 00000000 1
0 0 1 14 0 00000000 1
0 0 1 0 -1 00000000 1
0 0 1 58 0 00000000 1
0 0 1 101 0 00000000 1
0 0 1 17 0 00000000 1
0 0 1 0 -8 00000000 1
0 0 1 0 60 00000000 1
0 0 1 3 0 00000000 1
0 0 1 0 -80 00000000 1
0 0 1 42 0 00000000 1
0 0 1 0 -95 00000000 1
0 0 1 43 0 00000000 1
0 0 1 1 0 00000000 1
0 0 1 0 24 00000000 1
0 0 1 62 0 00000000 1
0 0 1 -7 0 00000000 1
0 0 1 33 0 00000000 1
0 0 1 -108 0 00000000 1
0 0 1 -100 0 00000000 1
0 0 1 -117 0 00000000 1
0 0 1 0 -56 00000000 1
0 0 1 -123 0 00000000 1
0 0 1 0 -124 00000000 1
0 0 1 -2 0 00000000 1
0 0 1 0 -81 00000000 1
0 0 1 0 -81 00000000 1
0 0 1 -77 0 00000000 1
0 0 1 0 -88 00000000 1
0 0 1 -67 0 00000000 1
0 0 1 0 -2 00000000 1
0 0 1 109 0 00000000 1
0 0 1 126 0 00000000 1
0 0 1 -57 0 00000000 1
0 0 1 -107 0 00000000 1
0 0 1 0 33 00000000 1
0 0 1 -2 0 00000000 1
0 0 1 9 0 00000000 1
0 0 1 -128 0 00000000 1
0 0 1 0 -40 00000000 1
0 0 1 -39 0 00000000 1
0 0 1 -78 0 00000000 1
0 0 1 0 43 00000000 1
0 0 1 -42 0 00000000 1
0 0 1 0 -27 00000000 1
0 0 1 -102 0 00000000 1
0 0 1 -9 0 00000000 1
0 0 1 56 0 00000000 1
0 0 1 -128 0 00000000 1
0 0 1 -99 0 00000000 1
0 0 1 0 68 00000000 1
0 0 1 0 -79 00000000 1
0 0 1 0 52 00000000 1
0 0 1 -109 0 00000000 1
0 0 1 0 94 00000000 1
0 0 1 0 22 00000000 1
0 0 1 -79 0 00000000 1
0 0 1 0 -19 00000000 1
0 0 1 -120 0 00000000 1
0 0 1 0 95 00000000 1
0 0 1 0 89 00000000 1
0 0 1 0 -61 00000000 1
0 0 1 0 44 00000000 1
0 0 1 118 0 00000000 1
0 0 1 0 106 00000000 1
0 0 1 -33 0 00000000 1
0 0 1 0 -114 00000000 1
0 0 1 0 -79 00000000 1
0 0 1 4 0 00000000 1
0 0 1 0 111 00000000 1
0 0 1 12 0 00000000 1
0 0 1 0 -108 00000000 1
0 0 1 46 0 00000000 1
0 0 1 0 -36 00000000 1
0 0 1 107 0 00000000 1
0 0 1 0 -113 00000000 1
0 0 1 0 -124 00000000 1
0 0 1 97 0 00000000 1
0 0 1 0 6 00000000 1
0 0 1 0 77 00000000 1
0 0 1 -23 0 00000000 1
0 0 1 -21 0 00000000 1
0 0 1 -80 0 00000000 1
0 0 1 0 2 00000000 1
0 0 1 0 -41 00000000 1
0 0 1 0 23 00000000 1
0 0 1 -93 0 00000000 1
0 0 1 0 -55 00000000 1
0 0 1 0 10 00000000 1
0 0 1 0 28 00000000 1
0 0 1 0 46 00000000 1
0 0 1 -6 0 00000000 1
0 0 1 0 110 00000000 1
0 0 1 -112 0 00000000 1
0 0 1 0 77 00000000 1
0 0 1 -97 0 00000000 1
0 0 1 14 0 00000000 1
0 0 1 0 69 00000000 1
0 0 1 -28 0 00000000 1
0 0 1 117 0 00000000 1
0 0 1 0 -21 00000000 1
0 0 1 0 -60 00000000 1
0 0 1 0 93 00000000 1
0 0 1 -24 0 00000000 1
0 0 1 58 0 00000000 1
0 0 1 115 0 00000000 1
0 0 1 -21 0 00000000 1
0 0 1 -112 0 00000000 1
0 0 1 0 -67 00000000 1
0 0 1 -112 0 00000000 1
0 0 1 94 0 00000000 1
0 0 1 8 0 00000000 1
0 0 1 0 -81 00000000 1
0 0 1 0 -122 00000000 1
0 0 1 69 0 00000000 1
0 0 1 51 0 00000000 1
0 0 1 52 0 00000000 1
0 0 1 0 116 00000000 1
0 0 1 -58 0 00000000 1
0 0 1 -59 0 00000000 1
0 0 1 0 38 00000000 1
0 0 1 0 -55 00000000 1
0 0 1 0 -100 00000000 1
0 0 1 0 123 00000000 1
0 0 1 0 35 00000000 1
0 0 1 -47 0 00000000 1
0 0 1 -40 0 00000000 1
0 0 1 0 24 00000000 1
0 0 1 -7 0 00000000 1
0 0 1 0 94 00000000 1
0 0 1 -94 0 00000000 1
0 0 1 0 69 00000000 1
0 0 1 -45 0 00000000 1
0 0 1 0 115 00000000 1
0 0 1 65 0 00000000 1
0 0 1 79 0 00000000 1
0 0 1 48 0 00000000 1
0 0 1 0 -69 00000000 1
0 0 1 0 -113 00000000 1
0 0 1 0 30 00000000 1
0 0 1 102 0 00000000 1
0 0 1 0 -83 00000000 1
0 0 1 0 127 00000000 1
0 0 1 0 116 00000000 1
0 0 1 17 0 00000000 1
0 0 1 0 35 00000000 1
0 0 1 0 -69 00000000 1
0 0 1 -116 0 00000000 1
0 0 1 0 -85 00000000 1
0 0 1 0 34 00000000 1
0 0 1 0 3 00000000 1
0 0 1 0 -13 00000000 1
0 0 1 0 9 00000000 1
0 0 1 -65 0 00000000 1
0 0 1 -31 0 00000000 1
0 0 1 0 -10 00000000 1
0 0 1 70 0 00000000 1
0 0 1 -123 0 00000000 1
0 0 1 -61 0 00000000 1
0 0 1 0 -75 00000000 1
0 0 1 0 6 00000000 1
0 0 1 41 0 00000000 1
0 0 1 -54 0 00000000 1
0 0 1 54 0 00000000 1
0 0 1 0 6 00000000 1
0 0 1 -51 0 00000000 1
0 0 1 0 97 00000000 1
0 0 1 -44 0 00000000 1
0 0 1 0 -12 00000000 1
0 0 1 -7 0 00000000 1
0 0 1 13 0 00000000 1
0 0 1 0 70 00000000 1
0 0 1 0 -94 00000000 1
0 0 1 0 62 00000000 1
0 0 1 0 69 00000000 1
0 0 1 0 14 00000000 1
0 0 1 -81 0 00000000 1
0 0 1 0 107 00000000 1
0 0 1 0 94 00000000 1
0 0 1 0 -77 00000000 1
0 0 1 -96 0 00000000 1
0 0 1 113 0 00000000 1
0 0 1 -125 0 00000000 1
0 0 1 0 -11 00000000 1
0 0 1 24 0 00000000 1
0 0 1 -85 0 00000000 1
0 0 1 0 -94 00000000 1
0 0 1 0 -69 00000000 1
0 0 1 -9 0 00000000 1
0 0 1 0 24 00000000 1
0 0 1 62 0 00000000 1
0 0 1 -30 0 00000000 1
0 0 1 0 45 00000000 1
0 0 1 0 -36 00000000 1
0 0 1 0 106 00000000 1
0 0 1 0 -64 00000000 1
0 0 1 66 0 00000000 1
0 0 1 54 0 00000000 1
0 0 1 88 0 00000000 1
0 0 1 0 51 00000000 1
0 0 1 58 0 00000000 1
0 0 1 0 -73 00000000 1
0 0 1 56 0 00000000 1
0 0 1 -94 0 00000000 1
0 0 1 110 0 00000000 1
0 0 1 -40 0 00000000 1
0 0 1 0 89 00000000 1
0 0 1 115 0 00000000 1
0 0 1 0 27 00000000 1
0 0 1 0 -75 00000000 1
0 0 1 84 0 00000000 1
0 0 1 0 -7 00000000 1
0 0 1 77 0 00000000 1
0 0 1 12 0 00000000 1
0 0 1 0 -35 00000000 1
0 0 1 0 -68 00000000 1
0 0 1 0 87 00000000 1
0 0 1 91 0 00000000 1
0 0 1 0 103 00000000 1
0 0 1 0 85 00000000 1
0 0 1 0 117 00000000 1
0 0 1 0 -15 00000000 1
0 0 1 0 26 00000000 1
0 0 1 -35 0 00000000 1
0 0 1 77 0 00000000 1
0 0 1 -43 0 00000000 1
0 0 1 -81 0 00000000 1
0 0 1 66 0 00000000 1
0 0 1 -35 0 00000000 1
0 0 1 0 10 00000000 1
0 0 1 0 40 00000000 1
0 0 1 -120 0 00000000 1
0 0 1 -108 0 00000000 1
0 0 1 -55 0 00000000 1
0 0 1 -49 0 00000000 1
0 0 1 0 -68 00000000 1
0 0 1 98 0 00000000 1
0 0 1 89 0 00000000 1
0 0 1 0 91 00000000 1
0 0 1 0 57 00000000 1
0 0 1 75 0 00000000 1
0 0 1 120 0 00000000 1
0 0 1 0 14 00000000 1
0 0 1 8 0 00000000 1
0 0 1 -128 0 00000000 1
0 0 1 0 -9 00000000 1
0 0 1 13 0 00000000 1
0 0 1 71 0 00000000 1
0 0 1 99 0 00000000 1
0 0 1 0 54 00000000 1
0 0 1 0 95 00000000 1
0 0 1 -50 0 00000000 1
0 0 1 40 0 00000000 1
0 0 1 0 -80 00000000 1
0 0 1 24 0 00000000 1
0 0 1 -29 0 00000000 1
0 0 1 0 -16 00000000 1
0 0 1 124 0 00000000 1
0 0 1 0 117 00000000 1
0 0 1 0 -4 00000000 1
0 0 1 0 121 00000000 1
0 0 1 -111 0 00000000 1
0 0 1 15 0 00000000 1
0 0 1 0 93 00000000 1
0 0 1 -112 0 00000000 1
0 0 1 -102 0 00000000 1
0 0 1 0 73 00000000 1
0 0 1 0 -94 00000000 1
0 0 1 0 -17 00000000 1
0 0 1 0 -24 00000000 1
0 0 1 0 -115 00000000 1
0 0 1 57 0 00000000 1
0 0 1 31 0 00000000 1
0 0 1 0 75 00000000 1
0 0 1 55 0 00000000 1
0 0 1 0 15 00000000 1
0 0 1 0 122 00000000 1
0 0 1 97 0 00000000 1
0 0 1 77 0 00000000 1
0 0 1 99 0 00000000 1
0 0 1 0 -20 00000000 1
0 0 1 -94 0 00000000 1
0 0 1 0 -73 00000000 1
0 0 1 54 0 00000000 1
0 0 1 -37 0 00000000 1
0 0 1 0 -7 00000000 1
0 0 1 28 0 00000000 1
0 0 1 0 -95 00000000 1
0 0 1 0 106 00000000 1
0 0 1 0 29 00000000 1
0 0 1 0 -29 00000000 1
0 0 1 0 1 00000000 1
0 0 1 98 0 00000000 1
0 0 1 0 102 00000000 1
0 0 1 80 0 00000000 1
0 0 1 100 0 00000000 1
0 0 1 123 0 00000000 1
0 0 1 109 0 00000000 1
0 0 1 0 82 00000000 1
0 0 1 -88 0 00000000 1
0 0 1 0 -69 00000000 1
0 0 1 0 -70 00000000 1
0 0 1 -45 0 00000000 1
0 0 1 0 49 00000000 1
0 0 1 0 16 00000000 1
0 0 1 0 -61 00000000 1
0 0 1 0 -122 00000000 1
0 0 1 -75 0 00000000 1
0 0 1 -49 0 00000000 1
0 0 1 0 74 00000000 1
0 0 1 0 -123 00000000 1
0 0 1 53 0 00000000 1
0 0 1 120 0 00000000 1
0 0 1 1 0 00000000 1
0 0 1 0 8 00000000 1
0 0 1 0 -10 00000000 1
0 0 1 0 -25 00000000 1
0 0 1 -39 0 00000000 1
0 0 1 0 -109 00000000 1
0 0 1 0 -44 00000000 1
0 0 1 0 -51 00000000 1
0 0 1 0 -76 00000000 1
0 0 1 0 121 00000000 1
0 0 1 36 0 00000000 1
0 0 1 0 -68 00000000 1
0 0 1 -31 0 00000000 1
0 0 1 0 51 00000000 1
0 0 1 43 0 00000000 1
0 0 1 0 -37 00000000 1
0 0 1 0 76 00000000 1
0 0 1 0 67 00000000 1
0 0 1 0 -103 00000000 1
0 0 1 -103 0 00000000 1
0 0 1 101 0 00000000 1
0 0 1 -120 0 00000000 1
0 0 1 60 0 00000000 1
0 0 1 0 -82 00000000 1
0 0 1 0 78 00000000 1
0 0 1 0 -85 00000000 1
0 0 1 0 23 00000000 1
0 0 1 111 0 00000000 1
0 0 1 0 -111 00000000 1
0 0 1 7 0 00000000 1
0 0 1 0 70 00000000 1
0 0 1 11 0 00000000 1
0 0 1 0 -88 00000000 1
0 0 1 0 124 00000000 1
0 0 1 -103 0 00000000 1
0 0 1 0 102 00000000 1
0 0 1 70 0 00000000 1
0 0 1 0 -79 00000000 1
0 0 1 -124 0 00000000 1
0 0 1 26 0 00000000 1
0 0 1 -77 0 00000000 1
0 0 1 -27 0 00000000 1
0 0 1 0 -68 00000000 1
0 0 1 24 0 00000000 1
0 0 1 69 -114 00000000 1
0 0 1 -60 -94 ffffe146 1
0 0 1 -3 -59 fffff74e 1
0 0 1 3 -90 fffff7ff 1
0 0 1 73 43 fffff6f1 1
0 0 1 57 4 00000334 1
0 0 1 -22 -37 00000418 1
0 0 1 33 19 00000746 1
0 0 1 46 -27 000009b9 1
0 0 1 -27 -125 000004df 1
0 0 1 3 116 0000120e 1
0 0 1 -71 81 0000136a 1
0 0 1 121 5 fffffcf3 1
0 0 1 11 92 ffffff50 1
0 0 1 77 114 00000344 1
0 0 1 -17 13 0000258e 1
0 0 1 -109 -5 000024b1 1
0 0 1 -32 104 000026d2 1
0 0 1 36 -41 000019d2 1
0 0 1 -64 94 0000140e 1
0 0 1 5 -55 fffffc8e 1
0 0 1 -47 -102 fffffb7b 1
0 0 1 14 -97 00000e35 1
0 0 1 -57 -3 000008e7 1
0 0 1 -45 -7 00000992 1
0 0 1 -98 106 00000acd 1
0 0 1 110 -112 ffffe239 1
0 0 1 43 -100 ffffb219 1
0 0 1 -88 92 ffffa14d 1
0 0 1 -41 123 ffff81ad 1
0 0 1 -51 -35 ffff6dfa 1
0 0 1 117 53 ffff74f3 1
0 0 1 -109 -110 ffff8d2c 1
0 0 1 110 -31 ffffbc02 1
0 0 1 14 67 ffffaeb0 1
0 0 1 88 103 ffffb25a 1
0 0 1 75 63 ffffd5c2 1
0 0 1 -65 65 ffffe837 1
0 0 1 14 103 ffffd7b6 1
0 0 1 117 106 ffffdd58 1
0 0 1 -86 -69 00000dca 1
0 0 1 -51 69 000024f8 1
0 0 1 98 -113 00001739 1
0 0 1 96 38 ffffebf7 1
0 0 1 123 55 fffffa37 1
0 0 1 39 -123 000014a4 1
0 0 1 79 114 000001e7 1
0 0 1 -84 -110 00002515 1
0 0 1 18 123 0000492d 1
0 0 1 -64 -98 000051d3 1
0 0 1 -94 -115 00006a53 1
0 0 1 -116 -128 0000948d 1
0 0 1 36 -31 0000ce8d 1
0 0 1 84 72 0000ca31 1
0 0 1 108 25 0000e1d1 1
0 0 1 22 -9 0000ec5d 1
0 0 1 -68 62 0000eb97 1
0 0 1 57 53 0000db1f 1
0 0 1 75 -31 0000e6ec 1
0 0 1 -72 -34 0000ddd7 1
0 0 1 12 -124 0000e767 1
0 0 1 -29 70 0000e197 1
0 0 1 123 -9 0000d9a9 1
0 0 1 55 60 0000d556 1
0 0 1 16 -14 0000e23a 1
0 0 1 -51 -14 0000e15a 1
0 0 1 -121 -19 0000e424 1
0 0 1 93 10 0000ed1f 1
0 0 1 -84 52 0000f0c1 1
0 0 1 113 34 0000dfb1 1
0 0 1 -113 -38 0000eeb3 1
0 0 1 101 -21 0000ff79 1
0 0 1 94 43 0000f730 1
0 0 1 -24 96 000106fa 1
0 0 1 -19 125 0000fdfa 1
0 0 1 118 -127 0000f4b3 1
0 0 1 -85 -87 0000ba29 1
0 0 1 -78 95 0000d70c 1
0 0 1 110 -47 0000ba1a 1
0 0 1 123 93 0000a5e8 1
0 0 1 74 49 0000d297 1
0 0 1 28 104 0000e0c1 1
0 0 1 14 110 0000ec21 1
0 0 1 118 5 0000f225 1
0 0 1 106 27 0000f473 1
0 0 1 63 9 0000ffa1 1
0 0 1 -119 -16 000101d8 1
0 0 1 -61 -34 00010948 1
0 0 1 26 -107 00011162 1
0 0 1 84 7 00010684 1
0 0 1 -22 -118 000108d0 1
0 0 1 77 35 000112f4 1
0 0 1 -57 79 00011d7b 1
0 0 1 -38 75 00010be4 1
0 0 1 -16 92 000100c2 1
0 0 1 -82 49 0000fb02 1
0 0 1 -125 -47 0000eb50 1
0 0 1 50 -80 00010243 1
0 0 1 119 40 0000f2a3 1
0 0 1 -119 -31 0001053b 1
0 0 0 37 -83 000113a4 1
0 0 0 -49 72 000113a4 0
