1 0 0 0 0 00000000 0
1 0 0 0 0 00000000 0
1 0 0 0 0 00000000 0
0 0 1 5 0 00000000 0
0 0 1 -96 0 00000000 1
0 0 1 0 12 00000000 1
0 0 1 126 0 00000000 1
0 0 1 0 97 00000000 1
0 0 1 29 0 00000000 1
0 0 1 45 0 00000000 1
0 0 1 8 0 00000000 1
0 0 1 0 96 00000000 1
0 0 1 0 -53 00000000 1
0 0 1 120 0 00000000 1
0 0 1 -113 0 00000000 1
0 0 1 48 0 00000000 1
0 0 1 0 -106 00000000 1
0 0 1 0 -65 00000000 1
0 0 1 117 0 00000000 1
0 0 1 0 -94 00000000 1
0 0 1 28 0 00000000 1
0 0 1 0 97 00000000 1
0 0 1 0 9 00000000 1
0 0 1 0 119 00000000 1
0 0 1 0 -53 00000000 1
0 0 1 -38 0 00000000 1
0 0 1 -115 0 00000000 1
0 0 1 0 -68 00000000 1
0 0 1 0 -29 00000000 1
0 0 1 0 46 00000000 1
0 0 1 -73 0 00000000 1
0 0 1 -4 0 00000000 1
0 0 1 0 55 00000000 1
0 0 1 0 -109 00000000 1
0 0 1 0 4 00000000 1
0 0 1 -75 0 00000000 1
0 0 1 0 75 00000000 1
0 0 1 107 0 00000000 1
0 0 1 0 -107 00000000 1
0 0 1 9 0 00000000 1
0 0 1 56 0 00000000 1
0 0 1 -11 0 00000000 1
0 0 1 0 -10 00000000 1
0 0 1 -72 0 00000000 1
0 0 1 -74 0 00000000 1
0 0 1 0 122 00000000 1
0 0 1 0 96 00000000 1
0 0 1 98 0 00000000 1
0 0 1 -86 0 00000000 1
0 0 1 0 36 00000000 1
0 0 1 0 81 00000000 1
0 0 1 68 0 00000000 1
0 0 1 80 0 00000000 1
0 0 1 0 108 00000000 1
0 0 1 -2 0 00000000 1
0 0 1 0 17 00000000 1
0 0 1 -89 0 00000000 1
0 0 1 -50 0 00000000 1
0 0 1 0 -59 00000000 1
0 0 1 0 -3 00000000 1
0 0 1 0 -10 00000000 1
0 0 1 0 100 00000000 1
0 0 1 -110 0 00000000 1
0 0 1 -23 0 00000000 1
0 0 1 0 -67 00000000 1
0 0 1 -64 0 00000000 1
0 0 1 -84 0 00000000 1
0 0 1 0 -40 00000000 1
0 0 1 84 0 00000000 1
0 0 1 98 0 00000000 1
0 0 1 -116 0 00000000 1
0 0 1 0 69 00000000 1
0 0 1 -67 0 00000000 1
0 0 1 42 0 00000000 1
0 0 1 118 0 00000000 1
0 0 1 0 50 00000000 1
0 0 1 89 0 00000000 1
0 0 1 0 48 00000000 1
0 0 1 0 -2 00000000 1
0 0 1 -79 0 00000000 1
0 0 1 7 0 00000000 1
0 0 1 -97 0 00000000 1
0 0 1 95 0 00000000 1
0 0 1 0 37 00000000 1
0 0 1 0 -118 00000000 1
0 0 1 89 0 00000000 1
0 0 1 0 50 00000000 1
0 0 1 0 -99 00000000 1
0 0 1 0 -55 00000000 1
0 0 1 0 -25 00000000 1
0 0 1 0 -53 00000000 1
0 0 1 0 127 00000000 1
0 0 1 0 114 00000000 1
0 0 1 0 105 00000000 1
0 0 1 0 -19 00000000 1
0 0 1 104 0 00000000 1
0 0 1 0 10 00000000 1
0 0 1 40 0 00000000 1
0 0 1 0 28 00000000 1
0 0 1 0 68 00000000 1
0 0 1 0 37 00000000 1
0 0 1 -72 0 00000000 1
0 0 1 0 109 00000000 1
0 0 1 -10 0 00000000 1
0 0 1 0 -37 00000000 1
0 0 1 0 124 00000000 1
0 0 1 123 0 00000000 1
0 0 1 99 0 00000000 1
0 0 1 0 89 00000000 1
0 0 1 78 0 00000000 1
0 0 1 -30 0 00000000 1
0 0 1 -96 0 00000000 1
0 0 1 76 0 00000000 1
0 0 1 -70 0 00000000 1
0 0 1 -115 0 00000000 1
0 0 1 9 0 00000000 1
0 0 1 0 -72 00000000 1
0 0 1 0 -29 00000000 1
0 0 1 0 17 00000000 1
0 0 1 -101 0 00000000 1
0 0 1 52 0 00000000 1
0 0 1 0 -100 00000000 1
0 0 1 0 -39 00000000 1
0 0 1 80 0 00000000 1
0 0 1 49 0 00000000 1
0 0 1 69 0 00000000 1
0 0 1 0 120 00000000 1
0 0 1 0 43 00000000 1
0 0 1 0 -70 00000000 1
0 0 1 0 -122 00000000 1
0 0 1 76 0 00000000 1
0 0 1 105 0 00000000 1
0 0 1 81 0 00000000 1
0 0 1 -99 0 00000000 1
0 0 1 -20 0 00000000 1
0 0 1 0 75 00000000 1
0 0 1 0 34 00000000 1
0 0 1 0 35 00000000 1
0 0 1 86 0 00000000 1
0 0 1 -97 0 00000000 1
0 0 1 0 -105 00000000 1
0 0 1 41 0 00000000 1
0 0 1 -60 0 00000000 1
0 0 1 0 -73 00000000 1
0 0 1 -20 0 00000000 1
0 0 1 0 -90 00000000 1
0 0 1 0 -62 00000000 1
0 0 1 -38 0 00000000 1
0 0 1 0 -41 00000000 1
0 0 1 78 0 00000000 1
0 0 1 -60 0 00000000 1
0 0 1 0 -82 00000000 1
0 0 1 0 17 00000000 1
0 0 1 78 0 00000000 1
0 0 1 0 -65 00000000 1
0 0 1 -3 0 00000000 1
0 0 1 19 0 00000000 1
0 0 1 0 53 00000000 1
0 0 1 100 0 00000000 1
0 0 1 0 -110 00000000 1
0 0 1 0 -103 00000000 1
0 0 1 0 -119 00000000 1
0 0 1 -89 0 00000000 1
0 0 1 100 0 00000000 1
0 0 1 -49 0 00000000 1
0 0 1 -15 0 00000000 1
0 0 1 -122 0 00000000 1
0 0 1 76 0 00000000 1
0 0 1 0 118 00000000 1
0 0 1 0 16 00000000 1
0 0 1 0 -75 00000000 1
0 0 1 0 33 00000000 1
0 0 1 94 0 00000000 1
0 0 1 0 -35 00000000 1
0 0 1 70 0 00000000 1
0 0 1 0 24 00000000 1
0 0 1 0 -80 00000000 1
0 0 1 -100 0 00000000 1
0 0 1 1 0 00000000 1
0 0 1 0 113 00000000 1
0 0 1 0 37 00000000 1
0 0 1 0 110 00000000 1
0 0 1 28 0 00000000 1
0 0 1 -92 0 00000000 1
0 0 1 0 15 00000000 1
0 0 1 0 51 00000000 1
0 0 1 8 0 00000000 1
0 0 1 0 9 00000000 1
0 0 1 0 37 00000000 1
0 0 1 24 0 00000000 1
0 0 1 0 -104 00000000 1
0 0 1 0 99 00000000 1
0 0 1 37 0 00000000 1
0 0 1 0 38 00000000 1
0 0 1 12 0 00000000 1
0 0 1 0 -70 00000000 1
0 0 1 120 0 00000000 1
0 0 1 0 -51 00000000 1
0 0 1 0 -42 00000000 1
0 0 1 -68 0 00000000 1
0 0 1 0 108 00000000 1
0 0 1 0 43 00000000 1
0 0 1 63 0 00000000 1
0 0 1 0 -95 00000000 1
0 0 1 -126 0 00000000 1
0 0 1 43 0 00000000 1
0 0 1 42 0 00000000 1
0 0 1 41 0 00000000 1
0 0 1 10 0 00000000 1
0 0 1 0 103 00000000 1
0 0 1 0 -89 00000000 1
0 0 1 0 111 00000000 1
0 0 1 5 0 00000000 1
0 0 1 0 -62 00000000 1
0 0 1 0 -42 00000000 1
0 0 1 0 -88 00000000 1
0 0 1 0 -44 00000000 1
0 0 1 0 -125 00000000 1
0 0 1 0 20 00000000 1
0 0 1 0 -82 00000000 1
0 0 1 0 64 00000000 1
0 0 1 94 0 00000000 1
0 0 1 124 0 00000000 1
0 0 1 0 41 00000000 1
0 0 1 0 92 00000000 1
0 0 1 0 104 00000000 1
0 0 1 0 -65 00000000 1
0 0 1 0 17 00000000 1
0 0 1 0 89 00000000 1
0 0 1 -8 0 00000000 1
0 0 1 0 -90 00000000 1
0 0 1 0 84 00000000 1
0 0 1 20 0 00000000 1
0 0 1 0 -121 00000000 1
0 0 1 -94 0 00000000 1
0 0 1 -113 0 00000000 1
0 0 1 0 -125 00000000 1
0 0 1 0 -111 00000000 1
0 0 1 73 0 00000000 1
0 0 1 0 114 00000000 1
0 0 1 59 0 00000000 1
0 0 1 0 91 00000000 1
0 0 1 0 82 00000000 1
0 0 1 -99 0 00000000 1
0 0 1 47 0 00000000 1
0 0 1 0 49 00000000 1
0 0 1 0 36 00000000 1
0 0 1 -61 0 00000000 1
0 0 1 0 -14 00000000 1
0 0 1 68 0 00000000 1
0 0 1 0 -82 00000000 1
0 0 1 0 7 00000000 1
0 0 1 0 48 00000000 1
0 0 1 0 -122 00000000 1
0 0 1 -46 0 00000000 1
0 0 1 0 -61 00000000 1
0 0 1 59 0 00000000 1
0 0 1 0 -46 00000000 1
0 0 1 0 68 00000000 1
0 0 1 0 102 00000000 1
0 0 1 0 15 00000000 1
0 0 1 0 108 00000000 1
0 0 1 0 20 00000000 1
0 0 1 121 0 00000000 1
0 0 1 75 0 00000000 1
0 0 1 0 -34 00000000 1
0 0 1 0 65 00000000 1
0 0 1 -9 0 00000000 1
0 0 1 0 29 00000000 1
0 0 1 98 0 00000000 1
0 0 1 56 0 00000000 1
0 0 1 -20 0 00000000 1
0 0 1 0 78 00000000 1
0 0 1 0 -106 00000000 1
0 0 1 0 -37 00000000 1
0 0 1 0 -88 00000000 1
0 0 1 0 8 00000000 1
0 0 1 0 4 00000000 1
0 0 1 101 0 00000000 1
0 0 1 124 0 00000000 1
0 0 1 0 -103 00000000 1
0 0 1 -46 0 00000000 1
0 0 1 0 -6 00000000 1
0 0 1 119 0 00000000 1
0 0 1 47 0 00000000 1
0 0 1 -45 0 00000000 1
0 0 1 0 -103 00000000 1
0 0 1 -123 0 00000000 1
0 0 1 61 0 00000000 1
0 0 1 0 40 00000000 1
0 0 1 0 -32 00000000 1
0 0 1 0 60 00000000 1
0 0 1 0 -21 00000000 1
0 0 1 0 -53 00000000 1
0 0 1 -1 0 00000000 1
0 0 1 115 0 00000000 1
0 0 1 -107 0 00000000 1
0 0 1 -49 0 00000000 1
0 0 1 27 0 00000000 1
0 0 1 20 0 00000000 1
0 0 1 52 0 00000000 1
0 0 1 0 1 00000000 1
0 0 1 48 0 00000000 1
0 0 1 0 -122 00000000 1
0 0 1 3 0 00000000 1
0 0 1 -39 0 00000000 1
0 0 1 0 -105 00000000 1
0 0 1 0 -29 00000000 1
0 0 1 0 32 00000000 1
0 0 1 98 0 00000000 1
0 0 1 0 -58 00000000 1
0 0 1 0 79 00000000 1
0 0 1 -102 0 00000000 1
0 0 1 -79 0 00000000 1
0 0 1 4 0 00000000 1
0 0 1 0 -113 00000000 1
0 0 1 0 -44 00000000 1
0 0 1 0 5 00000000 1
0 0 1 -108 0 00000000 1
0 0 1 0 86 00000000 1
0 0 1 0 -74 00000000 1
0 0 1 91 0 00000000 1
0 0 1 66 0 00000000 1
0 0 1 -44 0 00000000 1
0 0 1 30 0 00000000 1
0 0 1 0 80 00000000 1
0 0 1 0 68 00000000 1
0 0 1 28 0 00000000 1
0 0 1 0 -21 00000000 1
0 0 1 0 125 00000000 1
0 0 1 0 23 00000000 1
0 0 1 0 -72 00000000 1
0 0 1 0 78 00000000 1
0 0 1 -48 0 00000000 1
0 0 1 -32 0 00000000 1
0 0 1 0 -20 00000000 1
0 0 1 32 0 00000000 1
0 0 1 0 -65 00000000 1
0 0 1 0 -110 00000000 1
0 0 1 -57 0 00000000 1
0 0 1 0 11 00000000 1
0 0 1 -116 0 00000000 1
0 0 1 0 64 00000000 1
0 0 1 81 0 00000000 1
0 0 1 0 -75 00000000 1
0 0 1 -125 0 00000000 1
0 0 1 -55 0 00000000 1
0 0 1 -122 0 00000000 1
0 0 1 8 0 00000000 1
0 0 1 -42 0 00000000 1
0 0 1 0 89 00000000 1
0 0 1 -106 0 00000000 1
0 0 1 0 65 00000000 1
0 0 1 0 -84 00000000 1
0 0 1 65 0 00000000 1
0 0 1 -84 0 00000000 1
0 0 1 0 -88 00000000 1
0 0 1 0 42 00000000 1
0 0 1 0 82 00000000 1
0 0 1 -67 0 00000000 1
0 0 1 -16 0 00000000 1
0 0 1 0 -64 00000000 1
0 0 1 -103 0 00000000 1
0 0 1 0 109 00000000 1
0 0 1 0 -65 00000000 1
0 0 1 0 -59 00000000 1
0 0 1 -74 0 00000000 1
0 0 1 0 13 00000000 1
0 0 1 0 96 00000000 1
0 0 1 -64 0 00000000 1
0 0 1 0 14 00000000 1
0 0 1 -108 0 00000000 1
0 0 1 3 0 00000000 1
0 0 1 0 13 00000000 1
0 0 1 0 29 00000000 1
0 0 1 29 0 00000000 1
0 0 1 -81 0 00000000 1
0 0 1 0 -119 00000000 1
0 0 1 0 -113 00000000 1
0 0 1 -3 0 00000000 1
0 0 1 -124 0 00000000 1
0 0 1 0 -67 00000000 1
0 0 1 0 110 00000000 1
0 0 1 0 45 00000000 1
0 0 1 19 0 00000000 1
0 0 1 0 114 00000000 1
0 0 1 0 -68 00000000 1
0 0 1 0 -103 00000000 1
0 0 1 0 -81 00000000 1
0 0 1 0 20 00000000 1
0 0 1 -48 0 00000000 1
0 0 1 22 0 00000000 1
0 0 1 0 6 00000000 1
0 0 1 58 0 00000000 1
0 0 1 75 0 00000000 1
0 0 1 -95 0 00000000 1
0 0 1 100 0 00000000 1
0 0 1 34 0 00000000 1
0 0 1 73 0 00000000 1
0 0 1 82 0 00000000 1
0 0 1 0 -80 00000000 1
0 0 1 -99 0 00000000 1
0 0 1 -38 0 00000000 1
0 0 1 99 0 00000000 1
0 0 1 0 -15 00000000 1
0 0 1 0 32 00000000 1
0 0 1 0 82 00000000 1
0 0 1 0 -114 00000000 1
0 0 1 0 -98 00000000 1
0 0 1 3 0 00000000 1
0 0 1 -64 0 00000000 1
0 0 1 0 55 00000000 1
0 0 1 -107 0 00000000 1
0 0 1 -14 0 00000000 1
0 0 1 -55 0 00000000 1
0 0 1 -71 0 00000000 1
0 0 1 29 0 00000000 1
0 0 1 -66 0 00000000 1
0 0 1 -13 0 00000000 1
0 0 1 -9 0 00000000 1
0 0 1 0 -31 00000000 1
0 0 1 -76 0 00000000 1
0 0 1 0 117 00000000 1
0 0 1 -60 0 00000000 1
0 0 1 0 -8 00000000 1
0 0 1 0 -5 00000000 1
0 0 1 0 -4 00000000 1
0 0 1 0 62 00000000 1
0 0 1 120 0 00000000 1
0 0 1 0 113 00000000 1
0 0 1 -108 0 00000000 1
0 0 1 -10 0 00000000 1
0 0 1 0 -59 00000000 1
0 0 1 0 -70 00000000 1
0 0 1 0 -101 00000000 1
0 0 1 39 0 00000000 1
0 0 1 87 0 00000000 1
0 0 1 0 -65 00000000 1
0 0 1 124 0 00000000 1
0 0 1 87 0 00000000 1
0 0 1 0 -105 00000000 1
0 0 1 63 0 00000000 1
0 0 1 0 -38 00000000 1
0 0 1 0 -91 00000000 1
0 0 1 0 87 00000000 1
0 0 1 0 101 00000000 1
0 0 1 55 0 00000000 1
0 0 1 86 0 00000000 1
0 0 1 0 -46 00000000 1
0 0 1 93 0 00000000 1
0 0 1 88 0 00000000 1
0 0 1 0 -121 00000000 1
0 0 1 -108 0 00000000 1
0 0 1 0 6 00000000 1
0 0 1 16 0 00000000 1
0 0 1 -91 0 00000000 1
0 0 1 0 42 00000000 1
0 0 1 0 -81 00000000 1
0 0 1 0 -112 00000000 1
0 0 1 0 -23 00000000 1
0 0 1 -71 0 00000000 1
0 0 1 0 -77 00000000 1
0 0 1 57 0 00000000 1
0 0 1 -60 0 00000000 1
0 0 1 -9 0 00000000 1
0 0 1 -54 0 00000000 1
0 0 1 0 106 00000000 1
0 0 1 49 0 00000000 1
0 0 1 30 0 00000000 1
0 0 1 0 76 00000000 1
0 0 1 0 67 00000000 1
0 0 1 0 80 00000000 1
0 0 1 -64 0 00000000 1
0 0 1 7 0 00000000 1
0 0 1 126 0 00000000 1
0 0 1 0 -61 00000000 1
0 0 1 0 -112 00000000 1
0 0 1 -8 0 00000000 1
0 0 1 0 23 00000000 1
0 0 1 -88 0 00000000 1
0 0 1 0 -110 00000000 1
0 0 1 0 49 00000000 1
0 0 1 23 0 00000000 1
0 0 1 -69 0 00000000 1
0 0 1 -92 0 00000000 1
0 0 1 6 0 00000000 1
0 0 1 0 -92 00000000 1
0 0 1 93 0 00000000 1
0 0 1 -91 0 00000000 1
0 0 1 23 0 00000000 1
0 0 1 95 0 00000000 1
0 0 1 0 -105 00000000 1
0 0 1 0 -9 00000000 1
0 0 1 51 0 00000000 1
0 0 1 -10 0 00000000 1
0 0 1 0 -60 00000000 1
0 0 1 37 0 00000000 1
0 0 1 -12 0 00000000 1
0 0 1 0 34 00000000 1
0 0 1 42 0 00000000 1
0 0 1 -27 0 00000000 1
0 0 1 0 -52 00000000 1
0 0 1 28 0 00000000 1
0 0 1 0 -66 00000000 1
0 0 1 -56 0 00000000 1
0 0 1 0 46 00000000 1
0 0 1 0 -90 00000000 1
0 0 1 0 21 00000000 1
0 0 1 0 -124 00000000 1
0 0 1 0 -31 00000000 1
0 0 1 0 6 00000000 1
0 0 1 0 -55 00000000 1
0 0 1 0 98 00000000 1
0 0 1 0 -5 00000000 1
0 0 1 -98 0 00000000 1
0 0 1 0 -21 00000000 1
0 0 1 0 55 00000000 1
0 0 1 0 91 00000000 1
0 0 1 -96 0 00000000 1
0 0 1 0 -109 00000000 1
0 0 1 -76 0 00000000 1
0 0 1 -93 0 00000000 1
0 0 1 0 48 00000000 1
0 0 1 0 -41 00000000 1
0 0 1 0 48 00000000 1
0 0 1 70 0 00000000 1
0 0 1 0 -82 00000000 1
0 0 1 -79 0 00000000 1
0 0 1 40 0 00000000 1
0 0 1 0 69 00000000 1
0 0 1 0 -8 00000000 1
0 0 1 89 0 00000000 1
0 0 1 0 -49 00000000 1
0 0 1 0 72 00000000 1
0 0 1 127 0 00000000 1
0 0 1 0 104 00000000 1
0 0 1 -43 0 00000000 1
0 0 1 -7 0 00000000 1
0 0 1 25 0 00000000 1
0 0 1 0 -64 00000000 1
0 0 1 84 0 00000000 1
0 0 1 0 -60 00000000 1
0 0 1 -46 0 00000000 1
0 0 1 0 115 00000000 1
0 0 1 61 0 00000000 1
0 0 1 0 82 00000000 1
0 0 1 8 0 00000000 1
0 0 1 0 -109 00000000 1
0 0 1 0 115 00000000 1
0 0 1 0 -32 00000000 1
0 0 1 57 0 00000000 1
0 0 1 0 43 00000000 1
0 0 1 0 -105 00000000 1
0 0 1 79 0 00000000 1
0 0 1 0 30 00000000 1
0 0 1 0 -124 00000000 1
0 0 1 0 -107 00000000 1
0 0 1 -92 0 00000000 1
0 0 1 0 107 00000000 1
0 0 1 0 96 00000000 1
0 0 1 125 0 00000000 1
0 0 1 48 0 00000000 1
0 0 1 -6 0 00000000 1
0 0 1 -56 0 00000000 1
0 0 1 0 87 00000000 1
0 0 1 -17 0 00000000 1
0 0 1 -48 0 00000000 1
0 0 1 0 -84 00000000 1
0 0 1 0 -42 00000000 1
0 0 1 0 -64 00000000 1
0 0 1 -99 0 00000000 1
0 0 1 0 1 00000000 1
0 0 1 0 -93 00000000 1
0 0 1 0 -69 00000000 1
0 0 1 0 -111 00000000 1
0 0 1 -112 0 00000000 1
0 0 1 0 56 00000000 1
0 0 1 0 -5 00000000 1
0 0 1 102 0 00000000 1
0 0 1 0 -62 00000000 1
0 0 1 86 0 00000000 1
0 0 1 124 0 00000000 1
0 0 1 0 -20 00000000 1
0 0 1 0 -23 00000000 1
0 0 1 -24 0 00000000 1
0 0 1 -84 0 00000000 1
0 0 1 0 -87 00000000 1
0 0 1 43 0 00000000 1
0 0 1 23 0 00000000 1
0 0 1 0 64 00000000 1
0 0 1 5 0 00000000 1
0 0 1 0 -118 00000000 1
0 0 1 -81 0 00000000 1
0 0 1 0 -95 00000000 1
0 0 1 -59 0 00000000 1
0 0 1 -93 0 00000000 1
0 0 1 0 88 00000000 1
0 0 1 0 56 00000000 1
0 0 1 0 102 00000000 1
0 0 1 -56 0 00000000 1
0 0 1 0 -96 00000000 1
0 0 1 -55 0 00000000 1
0 0 1 -118 0 00000000 1
0 0 1 0 -7 00000000 1
0 0 1 -95 0 00000000 1
0 0 1 0 81 00000000 1
0 0 1 -17 0 00000000 1
0 0 1 0 115 00000000 1
0 0 1 0 -41 00000000 1
0 0 1 0 -5 00000000 1
0 0 1 -39 0 00000000 1
0 0 1 0 8 00000000 1
0 0 1 100 0 00000000 1
0 0 1 0 -27 00000000 1
0 0 1 0 118 00000000 1
0 0 1 0 -86 00000000 1
0 0 1 77 0 00000000 1
0 0 1 0 95 00000000 1
0 0 1 0 -9 00000000 1
0 0 1 92 0 00000000 1
0 0 1 0 54 00000000 1
0 0 1 -40 0 00000000 1
0 0 1 0 108 00000000 1
0 0 1 0 60 00000000 1
0 0 1 -79 0 00000000 1
0 0 1 0 -71 00000000 1
0 0 1 0 113 00000000 1
0 0 1 -52 0 00000000 1
0 0 1 123 0 00000000 1
0 0 1 -4 0 00000000 1
0 0 1 -87 0 00000000 1
0 0 1 -44 0 00000000 1
0 0 1 0 -83 00000000 1
0 0 1 24 0 00000000 1
0 0 1 0 4 00000000 1
0 0 1 -101 0 00000000 1
0 0 1 0 93 00000000 1
0 0 1 -79 0 00000000 1
0 0 1 78 0 00000000 1
0 0 1 0 31 00000000 1
0 0 1 73 0 00000000 1
0 0 1 0 -41 00000000 1
0 0 1 -77 0 00000000 1
0 0 1 0 -126 00000000 1
0 0 1 111 0 00000000 1
0 0 1 0 92 00000000 1
0 0 1 0 -9 00000000 1
0 0 1 -119 0 00000000 1
0 0 1 41 0 00000000 1
0 0 1 91 0 00000000 1
0 0 1 118 0 00000000 1
0 0 1 -23 0 00000000 1
0 0 1 9 0 00000000 1
0 0 1 59 0 00000000 1
0 0 1 -77 0 00000000 1
0 0 1 0 -59 00000000 1
0 0 1 95 0 00000000 1
0 0 1 0 63 00000000 1
0 0 1 0 88 00000000 1
0 0 1 64 0 00000000 1
0 0 1 0 -123 00000000 1
0 0 1 0 32 00000000 1
0 0 1 -85 0 00000000 1
0 0 1 0 -102 00000000 1
0 0 1 -94 0 00000000 1
0 0 1 0 52 00000000 1
0 0 1 0 77 00000000 1
0 0 1 0 98 00000000 1
0 0 1 0 25 00000000 1
0 0 1 -24 0 00000000 1
0 0 1 0 33 00000000 1
0 0 1 0 68 00000000 1
0 0 1 0 17 00000000 1
0 0 1 0 -96 00000000 1
0 0 1 1 0 00000000 1
0 0 1 0 -74 00000000 1
0 0 1 0 -90 00000000 1
0 0 1 0 75 00000000 1
0 0 1 0 -119 00000000 1
0 0 1 60 0 00000000 1
0 0 1 0 39 00000000 1
0 0 1 73 0 00000000 1
0 0 1 4 0 00000000 1
0 0 1 -42 0 00000000 1
0 0 1 -76 0 00000000 1
0 0 1 -34 0 00000000 1
0 0 1 100 0 00000000 1
0 0 1 0 -82 00000000 1
0 0 1 -41 0 00000000 1
0 0 1 0 -39 00000000 1
0 0 1 -9 0 00000000 1
0 0 1 0 69 00000000 1
0 0 1 0 -59 00000000 1
0 0 1 0 -47 00000000 1
0 0 1 0 75 00000000 1
0 0 1 0 -21 00000000 1
0 0 1 5 0 00000000 1
0 0 1 0 -126 00000000 1
0 0 1 0 -32 00000000 1
0 0 1 0 15 00000000 1
0 0 1 0 29 00000000 1
0 0 1 76 0 00000000 1
0 0 1 0 36 00000000 1
0 0 1 0 119 00000000 1
0 0 1 0 81 00000000 1
0 0 1 0 119 00000000 1
0 0 1 0 31 00000000 1
0 0 1 34 0 00000000 1
0 0 1 80 0 00000000 1
0 0 1 -77 0 00000000 1
0 0 1 0 -70 00000000 1
0 0 1 0 82 00000000 1
0 0 1 0 -4 00000000 1
0 0 1 -85 0 00000000 1
0 0 1 90 0 00000000 1
0 0 1 89 0 00000000 1
0 0 1 0 21 00000000 1
0 0 1 0 51 00000000 1
0 0 1 -106 0 00000000 1
0 0 1 81 0 00000000 1
0 0 1 35 0 00000000 1
0 0 1 0 62 00000000 1
0 0 1 -102 0 00000000 1
0 0 1 -17 0 00000000 1
0 0 1 -36 0 00000000 1
0 0 1 0 -36 00000000 1
0 0 1 0 -109 00000000 1
0 0 1 -126 0 00000000 1
0 0 1 7 0 00000000 1
0 0 1 105 0 00000000 1
0 0 1 -115 0 00000000 1
0 0 1 0 -54 00000000 1
0 0 1 0 -86 00000000 1
0 0 1 0 7 00000000 1
0 0 1 -81 0 00000000 1
0 0 1 0 68 00000000 1
0 0 1 0 91 00000000 1
0 0 1 -64 0 00000000 1
0 0 1 126 0 00000000 1
0 0 1 0 -110 00000000 1
0 0 1 -82 0 00000000 1
0 0 1 44 0 00000000 1
0 0 1 0 -35 00000000 1
0 0 1 -25 0 00000000 1
0 0 1 0 -59 00000000 1
0 0 1 -51 0 00000000 1
0 0 1 123 0 00000000 1
0 0 1 -99 0 00000000 1
0 0 1 86 0 00000000 1
0 0 1 41 0 00000000 1
0 0 1 0 -67 00000000 1
0 0 1 0 -89 00000000 1
0 0 1 0 106 00000000 1
0 0 1 106 0 00000000 1
0 0 1 0 91 00000000 1
0 0 1 0 -28 00000000 1
0 0 1 0 -103 00000000 1
0 0 1 118 0 00000000 1
0 0 1 -115 0 00000000 1
0 0 1 0 -12 00000000 1
0 0 1 39 0 00000000 1
0 0 1 25 0 00000000 1
0 0 1 16 0 00000000 1
0 0 1 0 49 00000000 1
0 0 1 28 0 00000000 1
0 0 1 0 18 00000000 1
0 0 1 0 100 00000000 1
0 0 1 39 0 00000000 1
0 0 1 3 0 00000000 1
0 0 1 62 0 00000000 1
0 0 1 0 -20 00000000 1
0 0 1 0 71 00000000 1
0 0 1 0 -102 00000000 1
0 0 1 -24 0 00000000 1
0 0 1 0 -27 00000000 1
0 0 1 -101 0 00000000 1
0 0 1 45 0 00000000 1
0 0 1 0 -106 00000000 1
0 0 1 -64 0 00000000 1
0 0 1 -105 0 00000000 1
0 0 1 0 -62 00000000 1
0 0 1 0 13 00000000 1
0 0 1 0 -15 00000000 1
0 0 1 0 -106 00000000 1
0 0 1 0 -45 00000000 1
0 0 1 0 -33 00000000 1
0 0 1 0 21 00000000 1
0 0 1 2 0 00000000 1
0 0 1 0 -103 00000000 1
0 0 1 0 49 00000000 1
0 0 1 55 0 00000000 1
0 0 1 -99 0 00000000 1
0 0 1 32 0 00000000 1
0 0 1 73 0 00000000 1
0 0 1 50 0 00000000 1
0 0 1 0 123 00000000 1
0 0 1 0 -60 00000000 1
0 0 1 -93 0 00000000 1
0 0 1 0 -67 00000000 1
0 0 1 -128 0 00000000 1
0 0 1 -36 0 00000000 1
0 0 1 0 -11 00000000 1
0 0 1 90 0 00000000 1
0 0 1 60 0 00000000 1
0 0 1 -61 0 00000000 1
0 0 1 0 -93 00000000 1
0 0 1 69 0 00000000 1
0 0 1 97 0 00000000 1
0 0 1 30 0 00000000 1
0 0 1 98 0 00000000 1
0 0 1 0 15 00000000 1
0 0 1 -82 0 00000000 1
0 0 1 0 -64 00000000 1
0 0 1 0 112 00000000 1
0 0 1 -36 0 00000000 1
0 0 1 0 41 00000000 1
0 0 1 0 -55 00000000 1
0 0 1 104 0 00000000 1
0 0 1 0 -106 00000000 1
0 0 1 0 49 00000000 1
0 0 1 -85 0 00000000 1
0 0 1 0 -124 00000000 1
0 0 1 0 -40 00000000 1
0 0 1 124 0 00000000 1
0 0 1 113 0 00000000 1
0 0 1 0 -115 00000000 1
0 0 1 0 -94 00000000 1
0 0 1 93 0 00000000 1
0 0 1 80 0 00000000 1
0 0 1 -62 0 00000000 1
0 0 1 0 -115 00000000 1
0 0 1 53 0 00000000 1
0 0 1 0 -58 00000000 1
0 0 1 93 0 00000000 1
0 0 1 0 80 00000000 1
0 0 1 91 0 00000000 1
0 0 1 92 0 00000000 1
0 0 1 -111 0 00000000 1
0 0 1 0 -116 00000000 1
0 0 1 0 115 00000000 1
0 0 1 -91 0 00000000 1
0 0 1 71 0 00000000 1
0 0 1 0 -59 00000000 1
0 0 1 0 47 00000000 1
0 0 1 0 35 00000000 1
0 0 1 0 16 00000000 1
0 0 1 -120 0 00000000 1
0 0 1 0 20 00000000 1
0 0 1 0 -122 00000000 1
0 0 1 0 -18 00000000 1
0 0 1 0 -105 00000000 1
0 0 1 0 -25 00000000 1
0 0 1 77 0 00000000 1
0 0 1 -45 0 00000000 1
0 0 1 0 -79 00000000 1
0 0 1 -39 0 00000000 1
0 0 1 37 0 00000000 1
0 0 1 0 -18 00000000 1
0 0 1 -74 0 00000000 1
0 0 1 0 126 00000000 1
0 0 1 0 29 00000000 1
0 0 1 0 80 00000000 1
0 0 1 -71 0 00000000 1
0 0 1 93 0 00000000 1
0 0 1 0 -20 00000000 1
0 0 1 24 0 00000000 1
0 0 1 62 0 00000000 1
0 0 1 0 -20 00000000 1
0 0 1 68 0 00000000 1
0 0 1 0 -119 00000000 1
0 0 1 -88 0 00000000 1
0 0 1 0 -122 00000000 1
0 0 1 121 0 00000000 1
0 0 1 23 0 00000000 1
0 0 1 51 0 00000000 1
0 0 1 53 0 00000000 1
0 0 1 0 -77 00000000 1
0 0 1 0 -88 00000000 1
0 0 1 0 82 00000000 1
0 0 1 58 0 00000000 1
0 0 1 -42 0 00000000 1
0 0 1 96 0 00000000 1
0 0 1 -77 0 00000000 1
0 0 1 0 -72 00000000 1
0 0 1 0 -117 00000000 1
0 0 1 10 0 00000000 1
0 0 1 -15 0 00000000 1
0 0 1 0 -73 00000000 1
0 0 1 -69 0 00000000 1
0 0 1 0 40 00000000 1
0 0 1 -63 0 00000000 1
0 0 1 0 13 00000000 1
0 0 1 78 0 00000000 1
0 0 1 0 -55 00000000 1
0 0 1 -121 0 00000000 1
0 0 1 0 56 00000000 1
0 0 1 72 0 00000000 1
0 0 1 83 0 00000000 1
0 0 1 0 116 00000000 1
0 0 1 -72 0 00000000 1
0 0 1 6 0 00000000 1
0 0 1 0 -126 00000000 1
0 0 1 49 0 00000000 1
0 0 1 -107 106 00000000 1
0 0 1 81 75 ffffd3b2 1
0 0 1 -36 -10 ffffeb6d 1
0 0 1 67 124 ffffecd5 1
0 0 1 -105 71 00000d49 1
0 0 1 -114 -51 fffff02a 1
0 0 1 107 -28 000006e0 1
0 0 1 102 33 fffffb2c 1
0 0 1 86 -85 00000852 1
0 0 1 43 65 ffffebc4 1
0 0 1 -84 -50 fffff6af 1
0 0 1 -93 97 00000717 1
0 0 1 -51 -94 ffffe3da 1
0 0 1 79 -106 fffff694 1
0 0 1 39 55 ffffd5de 1
0 0 1 -75 76 ffffde3f 1
0 0 1 -116 16 ffffc7fb 1
0 0 1 -91 -27 ffffc0bb 1
0 0 1 -67 -11 ffffca54 1
0 0 1 87 -74 ffffcd35 1
0 0 1 123 -7 ffffb40f 1
0 0 1 28 58 ffffb0b2 1
0 0 1 5 -89 ffffb70a 1
0 0 1 -110 37 ffffb54d 1
0 0 1 -118 -43 ffffa567 1
0 0 1 75 22 ffffb939 1
0 0 1 -119 -7 ffffbfab 1
0 0 1 -16 -26 ffffc2ec 1
0 0 1 -116 10 ffffc48c 1
0 0 1 -69 122 ffffc004 1
0 0 1 -99 82 ffff9f22 1
0 0 1 109 -127 ffff7f6c 1
0 0 1 33 -21 ffff4959 1
0 0 1 80 -81 ffff46a4 1
0 0 1 -38 -52 ffff2d54 1
0 0 1 -56 -48 ffff350c 1
0 0 1 -121 126 ffff3f8c 1
0 0 1 126 44 ffff03fe 1
0 0 1 -68 -126 ffff19a6 1
0 0 1 63 15 ffff3b1e 1
0 0 1 107 -38 ffff3ecf 1
0 0 1 -107 7 ffff2eed 1
0 0 1 75 -114 ffff2c00 1
0 0 1 57 -38 ffff0a9a 1
0 0 1 14 -50 ffff0224 1
0 0 1 -52 91 fffeff68 1
0 0 1 -89 -46 fffeecec 1
0 0 1 -117 -22 fffefcea 1
0 0 1 122 14 ffff06f8 1
0 0 1 43 -21 ffff0da4 1
0 0 1 79 -56 ffff0a1d 1
0 0 1 40 -76 fffef8d5 1
0 0 1 -87 -2 fffeecf5 1
0 0 1 -115 -71 fffeeda3 1
0 0 1 92 119 ffff0d88 1
0 0 1 -6 23 ffff384c 1
0 0 1 -13 -2 ffff37c2 1
0 0 1 4 37 ffff37dc 1
0 0 1 -76 65 ffff3870 1
0 0 1 -59 -46 ffff2524 1
0 0 1 68 -122 ffff2fbe 1
0 0 1 42 -92 ffff0f56 1
0 0 1 60 97 ffff003e 1
0 0 1 95 76 ffff16fa 1
0 0 1 59 -32 ffff332e 1
0 0 1 126 52 ffff2bce 1
0 0 1 97 114 ffff4566 1
0 0 1 -72 -43 ffff7098 1
0 0 1 43 127 ffff7cb0 1
0 0 1 -43 102 ffff9205 1
0 0 1 -118 34 ffff80e3 1
0 0 1 57 109 ffff7137 1
0 0 1 3 -17 ffff897c 1
0 0 1 -123 -7 ffff8949 1
0 0 1 87 -38 ffff8ca6 1
0 0 1 -53 104 ffff7fbc 1
0 0 1 -24 18 ffff6a34 1
0 0 1 117 -57 ffff6884 1
0 0 1 -89 -90 ffff4e77 1
0 0 1 -67 8 ffff6dc1 1
0 0 1 -15 21 ffff6ba9 1
0 0 1 -72 -13 ffff6a6e 1
0 0 1 47 -122 ffff6e16 1
0 0 1 -120 112 ffff57b0 1
0 0 1 77 -127 ffff2330 1
0 0 1 126 -68 fffefcfd 1
0 0 1 3 35 fffedb85 1
0 0 1 -78 5 fffedbee 1
0 0 1 98 -63 fffeda68 1
0 0 1 -109 60 fffec24a 1
0 0 1 45 24 fffea8be 1
0 0 1 95 -4 fffeacf6 1
0 0 1 -127 -62 fffeab7a 1
0 0 1 59 -102 fffeca3c 1
0 0 1 67 15 fffeb2ba 1
0 0 1 93 -126 fffeb6a7 1
0 0 1 40 51 fffe88e1 1
0 0 1 113 -83 fffe90d9 1
0 0 1 106 41 fffe6c36 1
0 0 1 116 -39 fffe7d30 1
0 0 0 37 -83 fffe6b84 1
0 0 0 -49 72 fffe6b84 0
