1 0 0 0 0 00000000 0
1 0 0 0 0 00000000 0
1 0 0 0 0 00000000 0
0 0 1 -58 0 00000000 0
0 0 1 0 118 00000000 1
0 0 1 -52 0 00000000 1
0 0 1 -71 0 00000000 1
0 0 1 0 60 00000000 1
0 0 1 21 0 00000000 1
0 0 1 -47 0 00000000 1
0 0 1 28 0 00000000 1
0 0 1 0 -111 00000000 1
0 0 1 -110 -91 00000000 1
0 0 1 0 103 0000271a 1
0 0 1 -72 107 0000271a 1
0 0 1 75 0 00000902 1
0 0 1 0 18 00000902 1
0 0 1 0 -66 00000902 1
0 0 1 -83 0 00000902 1
0 0 1 0 -98 00000902 1
0 0 1 0 -48 00000902 1
0 0 1 0 27 00000902 1
0 0 1 81 0 00000902 1
0 0 1 -106 -15 00000902 1
0 0 1 -26 0 00000f38 1
0 0 1 72 0 00000f38 1
0 0 1 0 30 00000f38 1
0 0 1 -83 0 00000f38 1
0 0 1 0 97 00000f38 1
0 0 1 -5 -104 00000f38 1
0 0 1 78 96 00001140 1
0 0 1 -114 0 00002e80 1
0 0 1 30 0 00002e80 1
0 0 1 -36 -61 00002e80 1
0 0 1 109 89 00003714 1
0 0 1 0 -52 00005cf9 1
0 0 1 -29 0 00005cf9 1
0 0 1 94 0 00005cf9 1
0 0 1 83 0 00005cf9 1
0 0 1 71 0 00005cf9 1
0 0 1 0 122 00005cf9 1
0 0 1 0 57 00005cf9 1
0 0 1 -43 0 00005cf9 1
0 0 1 0 -84 00005cf9 1
0 0 1 55 0 00005cf9 1
0 0 1 70 0 00005cf9 1
0 0 1 -56 0 00005cf9 1
0 0 1 0 -59 00005cf9 1
0 0 1 -124 0 00005cf9 1
0 0 1 0 -34 00005cf9 1
0 0 1 0 16 00005cf9 1
0 0 1 0 -67 00005cf9 1
0 0 1 0 4 00005cf9 1
0 0 1 -62 109 00005cf9 1
0 0 1 -47 -5 00004293 1
0 0 1 124 0 0000437e 1
0 0 1 0 -71 0000437e 1
0 0 1 59 0 0000437e 1
0 0 1 55 0 0000437e 1
0 0 1 0 -3 0000437e 1
0 0 1 0 100 0000437e 1
0 0 1 0 -93 0000437e 1
0 0 1 -119 0 0000437e 1
0 0 1 95 0 0000437e 1
0 0 1 6 0 0000437e 1
0 0 1 -22 0 0000437e 1
0 0 1 -111 0 0000437e 1
0 0 1 21 0 0000437e 1
0 0 1 7 0 0000437e 1
0 0 1 0 -1 0000437e 1
0 0 1 -12 0 0000437e 1
0 0 1 0 -73 0000437e 1
0 0 1 34 0 0000437e 1
0 0 1 -39 -13 0000437e 1
0 0 1 7 0 00004579 1
0 0 1 -4 64 00004579 1
0 0 1 -109 77 00004479 1
0 0 1 10 3 000023b0 1
0 0 1 -71 0 000023ce 1
0 0 1 0 5 000023ce 1
0 0 1 0 29 000023ce 1
0 0 1 0 -59 000023ce 1
0 0 1 0 52 000023ce 1
0 0 1 0 -98 000023ce 1
0 0 1 0 -113 000023ce 1
0 0 1 0 -16 000023ce 1
0 0 1 -21 0 000023ce 1
0 0 1 0 113 000023ce 1
0 0 1 100 0 000023ce 1
0 0 1 -83 0 000023ce 1
0 0 1 17 0 000023ce 1
0 0 1 -2 0 000023ce 1
0 0 1 0 -8 000023ce 1
0 0 1 0 -76 000023ce 1
0 0 1 0 38 000023ce 1
0 0 1 0 1 000023ce 1
0 0 1 -127 0 000023ce 1
0 0 1 18 -42 000023ce 1
0 0 1 0 10 000020da 1
0 0 1 0 42 000020da 1
0 0 1 95 0 000020da 1
0 0 1 0 -115 000020da 1
0 0 1 0 13 000020da 1
0 0 1 -15 -20 000020da 1
0 0 1 0 -115 00002206 1
0 0 1 0 89 00002206 1
0 0 1 0 -64 00002206 1
0 0 1 102 0 00002206 1
0 0 1 0 34 00002206 1
0 0 1 0 -4 00002206 1
0 0 1 63 0 00002206 1
0 0 1 50 0 00002206 1
0 0 1 0 -114 00002206 1
0 0 1 0 89 00002206 1
0 0 1 0 44 00002206 1
0 0 1 0 125 00002206 1
0 0 1 0 69 00002206 1
0 0 1 -40 0 00002206 1
0 0 1 6 0 00002206 1
0 0 1 0 53 00002206 1
0 0 1 67 0 00002206 1
0 0 1 0 67 00002206 1
0 0 1 0 7 00002206 1
0 0 1 0 108 00002206 1
0 0 1 -81 0 00002206 1
0 0 1 111 33 00002206 1
0 0 1 20 0 00003055 1
0 0 1 93 0 00003055 1
0 0 1 0 80 00003055 1
0 0 1 31 0 00003055 1
0 0 1 0 -60 00003055 1
0 0 1 -98 0 00003055 1
0 0 1 0 97 00003055 1
0 0 1 0 71 00003055 1
0 0 1 0 13 00003055 1
0 0 1 -30 -117 00003055 1
0 0 1 0 -76 00003e0b 1
0 0 1 0 -52 00003e0b 1
0 0 1 -84 106 00003e0b 1
0 0 1 -113 0 00001b43 1
0 0 1 71 0 00001b43 1
0 0 1 50 0 00001b43 1
0 0 1 0 -80 00001b43 1
0 0 1 0 27 00001b43 1
0 0 1 -50 0 00001b43 1
0 0 1 -25 0 00001b43 1
0 0 1 0 86 00001b43 1
0 0 1 0 11 00001b43 1
0 0 1 0 -42 00001b43 1
0 0 1 -78 0 00001b43 1
0 0 1 -107 0 00001b43 1
0 0 1 -81 0 00001b43 1
0 0 1 49 8 00001b43 1
0 0 1 0 73 00001ccb 1
0 0 1 26 0 00001ccb 1
0 0 1 0 22 00001ccb 1
0 0 1 -46 0 00001ccb 1
0 0 1 0 104 00001ccb 1
0 0 1 0 93 00001ccb 1
0 0 1 0 75 00001ccb 1
0 0 1 -71 0 00001ccb 1
0 0 1 -67 0 00001ccb 1
0 0 1 0 -41 00001ccb 1
0 0 1 0 116 00001ccb 1
0 0 1 -93 0 00001ccb 1
0 0 1 -122 0 00001ccb 1
0 0 1 51 0 00001ccb 1
0 0 1 121 82 00001ccb 1
0 0 1 0 -94 0000438d 1
0 0 1 0 -22 0000438d 1
0 0 1 0 42 0000438d 1
0 0 1 0 76 0000438d 1
0 0 1 0 -2 0000438d 1
0 0 1 0 -66 0000438d 1
0 0 1 -112 0 0000438d 1
0 0 1 -49 0 0000438d 1
0 0 1 1 0 0000438d 1
0 0 1 -119 0 0000438d 1
0 0 1 0 -16 0000438d 1
0 0 1 12 0 0000438d 1
0 0 1 0 45 0000438d 1
0 0 1 58 0 0000438d 1
0 0 1 -55 0 0000438d 1
0 0 1 0 -67 0000438d 1
0 0 1 0 -107 0000438d 1
0 0 1 -109 15 0000438d 1
0 0 1 0 -109 00003d2a 1
0 0 1 0 -106 00003d2a 1
0 0 1 0 -43 00003d2a 1
0 0 1 0 118 00003d2a 1
0 0 1 0 -39 00003d2a 1
0 0 1 9 72 00003d2a 1
0 0 1 0 -127 00003fb2 1
0 0 1 -8 0 00003fb2 1
0 0 1 35 0 00003fb2 1
0 0 1 -97 49 00003fb2 1
0 0 1 65 0 00002d21 1
0 0 1 -76 0 00002d21 1
0 0 1 37 0 00002d21 1
0 0 1 0 85 00002d21 1
0 0 1 0 115 00002d21 1
0 0 1 0 -94 00002d21 1
0 0 1 13 13 00002d21 1
0 0 1 0 -16 00002dca 1
0 0 1 0 48 00002dca 1
0 0 1 0 -89 00002dca 1
0 0 1 49 0 00002dca 1
0 0 1 0 -107 00002dca 1
0 0 1 -51 0 00002dca 1
0 0 1 0 63 00002dca 1
0 0 1 73 -10 00002dca 1
0 0 1 89 0 00002af0 1
0 0 1 -99 -55 00002af0 1
0 0 1 97 -16 00004035 1
0 0 1 70 -15 00003a25 1
0 0 1 0 -24 0000360b 1
0 0 1 -72 0 0000360b 1
0 0 1 -111 0 0000360b 1
0 0 1 36 0 0000360b 1
0 0 1 0 -126 0000360b 1
0 0 1 0 59 0000360b 1
0 0 1 0 35 0000360b 1
0 0 1 -70 0 0000360b 1
0 0 1 0 -9 0000360b 1
0 0 1 -76 0 0000360b 1
0 0 1 1 0 0000360b 1
0 0 1 0 87 0000360b 1
0 0 1 -120 -18 0000360b 1
0 0 1 -75 0 00003e7b 1
0 0 1 0 -120 00003e7b 1
0 0 1 -22 0 00003e7b 1
0 0 1 107 0 00003e7b 1
0 0 1 0 -104 00003e7b 1
0 0 1 0 -117 00003e7b 1
0 0 1 0 31 00003e7b 1
0 0 1 0 -82 00003e7b 1
0 0 1 46 0 00003e7b 1
0 0 1 -84 0 00003e7b 1
0 0 1 0 29 00003e7b 1
0 0 1 114 0 00003e7b 1
0 0 1 83 0 00003e7b 1
0 0 1 0 82 00003e7b 1
0 0 1 0 112 00003e7b 1
0 0 1 103 0 00003e7b 1
0 0 1 -24 0 00003e7b 1
0 0 1 64 -25 00003e7b 1
0 0 1 0 13 0000383b 1
0 0 1 -36 69 0000383b 1
0 0 1 -33 0 00002e87 1
0 0 1 0 -24 00002e87 1
0 0 1 -58 0 00002e87 1
0 0 1 0 119 00002e87 1
0 0 1 0 -101 00002e87 1
0 0 1 122 0 00002e87 1
0 0 1 -28 0 00002e87 1
0 0 1 124 0 00002e87 1
0 0 1 -126 0 00002e87 1
0 0 1 0 17 00002e87 1
0 0 1 0 -12 00002e87 1
0 0 1 0 97 00002e87 1
0 0 1 -109 0 00002e87 1
0 0 1 0 5 00002e87 1
0 0 1 -50 0 00002e87 1
0 0 1 -119 0 00002e87 1
0 0 1 0 -97 00002e87 1
0 0 1 5 0 00002e87 1
0 0 1 12 0 00002e87 1
0 0 1 0 10 00002e87 1
0 0 1 0 119 00002e87 1
0 0 1 90 -119 00002e87 1
0 0 1 -43 0 000004b1 1
0 0 1 -81 0 000004b1 1
0 0 1 0 -94 000004b1 1
0 0 1 0 -41 000004b1 1
0 0 1 0 111 000004b1 1
0 0 1 -12 0 000004b1 1
0 0 1 32 0 000004b1 1
0 0 1 0 21 000004b1 1
0 0 1 -12 -63 000004b1 1
0 0 1 77 0 000007a5 1
0 0 1 0 59 000007a5 1
0 0 1 52 0 000007a5 1
0 0 1 -9 0 000007a5 1
0 0 1 0 65 000007a5 1
0 0 1 0 -88 000007a5 1
0 0 1 -83 0 000007a5 1
0 0 1 -14 0 000007a5 1
0 0 1 0 -92 000007a5 1
0 0 1 45 0 000007a5 1
0 0 1 0 68 000007a5 1
0 0 1 40 0 000007a5 1
0 0 1 -84 0 000007a5 1
0 0 1 0 -21 000007a5 1
0 0 1 0 118 000007a5 1
0 0 1 92 0 000007a5 1
0 0 1 0 -20 000007a5 1
0 0 1 91 0 000007a5 1
0 0 1 0 -14 000007a5 1
0 0 1 0 -111 000007a5 1
0 0 1 -21 0 000007a5 1
0 0 1 121 0 000007a5 1
0 0 1 0 -43 000007a5 1
0 0 1 0 96 000007a5 1
0 0 1 31 109 000007a5 1
0 0 1 120 0 000014d8 1
0 0 1 -23 -90 000014d8 1
0 0 1 -93 -119 00001cee 1
0 0 1 -12 33 00004829 1
0 0 1 102 0 0000469d 1
0 0 1 0 51 0000469d 1
0 0 1 0 -102 0000469d 1
0 0 1 0 119 0000469d 1
0 0 1 -95 0 0000469d 1
0 0 1 0 -117 0000469d 1
0 0 1 0 -29 0000469d 1
0 0 1 -41 0 0000469d 1
0 0 1 0 -117 0000469d 1
0 0 1 -93 0 0000469d 1
0 0 1 0 -47 0000469d 1
0 0 1 0 -17 0000469d 1
0 0 1 -28 0 0000469d 1
0 0 1 0 -21 0000469d 1
0 0 1 -86 0 0000469d 1
0 0 1 53 0 0000469d 1
0 0 1 0 -50 0000469d 1
0 0 1 0 18 0000469d 1
0 0 1 -108 0 0000469d 1
0 0 1 0 91 0000469d 1
0 0 1 0 123 0000469d 1
0 0 1 0 -35 0000469d 1
0 0 1 0 48 0000469d 1
0 0 1 -29 0 0000469d 1
0 0 1 0 -125 0000469d 1
0 0 1 0 -24 0000469d 1
0 0 1 -119 0 0000469d 1
0 0 1 0 -37 0000469d 1
0 0 1 -90 0 0000469d 1
0 0 1 0 86 0000469d 1
0 0 1 0 -85 0000469d 1
0 0 1 0 -21 0000469d 1
0 0 1 0 -41 0000469d 1
0 0 1 -85 0 0000469d 1
0 0 1 89 0 0000469d 1
0 0 1 83 32 0000469d 1
0 0 1 0 60 000050fd 1
0 0 1 0 -55 000050fd 1
0 0 1 -101 80 000050fd 1
0 0 1 0 4 0000316d 1
0 0 1 75 0 0000316d 1
0 0 1 0 124 0000316d 1
0 0 1 0 30 0000316d 1
0 0 1 0 -43 0000316d 1
0 0 1 -110 0 0000316d 1
0 0 1 0 64 0000316d 1
0 0 1 0 106 0000316d 1
0 0 1 0 -49 0000316d 1
0 0 1 0 121 0000316d 1
0 0 1 8 0 0000316d 1
0 0 1 -106 0 0000316d 1
0 0 1 0 -23 0000316d 1
0 0 1 -31 0 0000316d 1
0 0 1 -59 0 0000316d 1
0 0 1 0 40 0000316d 1
0 0 1 0 -12 0000316d 1
0 0 1 0 -62 0000316d 1
0 0 1 -117 0 0000316d 1
0 0 1 66 0 0000316d 1
0 0 1 0 -10 0000316d 1
0 0 1 60 0 0000316d 1
0 0 1 -94 19 0000316d 1
0 0 1 0 8 00002a73 1
0 0 1 0 65 00002a73 1
0 0 1 -100 0 00002a73 1
0 0 1 0 -123 00002a73 1
0 0 1 0 92 00002a73 1
0 0 1 0 -14 00002a73 1
0 0 1 -84 -111 00002a73 1
0 0 1 -29 0 00004edf 1
0 0 1 100 120 00004edf 1
0 0 1 0 -115 00007dbf 1
0 0 1 57 0 00007dbf 1
0 0 1 0 -88 00007dbf 1
0 0 1 -80 0 00007dbf 1
0 0 1 -98 0 00007dbf 1
0 0 1 0 78 00007dbf 1
0 0 1 51 0 00007dbf 1
0 0 1 -102 -125 00007dbf 1
0 0 1 111 0 0000af8d 1
0 0 1 0 115 0000af8d 1
0 0 1 -72 0 0000af8d 1
0 0 1 25 0 0000af8d 1
0 0 1 0 76 0000af8d 1
0 0 1 -91 0 0000af8d 1
0 0 1 0 7 0000af8d 1
0 0 1 0 95 0000af8d 1
0 0 1 -82 0 0000af8d 1
0 0 1 34 0 0000af8d 1
0 0 1 41 0 0000af8d 1
0 0 1 -11 0 0000af8d 1
0 0 1 -77 0 0000af8d 1
0 0 1 0 123 0000af8d 1
0 0 1 109 -37 0000af8d 1
0 0 1 0 30 00009fcc 1
0 0 1 35 -113 00009fcc 1
0 0 1 0 -88 00009059 1
0 0 1 127 0 00009059 1
0 0 1 0 -5 00009059 1
0 0 1 0 30 00009059 1
0 0 1 91 0 00009059 1
0 0 1 -35 0 00009059 1
0 0 1 10 0 00009059 1
0 0 1 0 3 00009059 1
0 0 1 0 -124 00009059 1
0 0 1 63 0 00009059 1
0 0 1 -120 0 00009059 1
0 0 1 93 0 00009059 1
0 0 1 0 -13 00009059 1
0 0 1 0 70 00009059 1
0 0 1 0 46 00009059 1
0 0 1 0 55 00009059 1
0 0 1 0 64 00009059 1
0 0 1 0 65 00009059 1
0 0 1 78 0 00009059 1
0 0 1 -97 0 00009059 1
0 0 1 0 -5 00009059 1
0 0 1 -14 0 00009059 1
0 0 1 79 0 00009059 1
0 0 1 -108 0 00009059 1
0 0 1 0 -31 00009059 1
0 0 1 -89 0 00009059 1
0 0 1 0 16 00009059 1
0 0 1 -37 0 00009059 1
0 0 1 -2 0 00009059 1
0 0 1 -122 0 00009059 1
0 0 1 -112 -70 00009059 1
0 0 1 0 8 0000aef9 1
0 0 1 -71 0 0000aef9 1
0 0 1 -95 0 0000aef9 1
0 0 1 0 99 0000aef9 1
0 0 1 67 0 0000aef9 1
0 0 1 0 56 0000aef9 1
0 0 1 0 9 0000aef9 1
0 0 1 33 0 0000aef9 1
0 0 1 0 2 0000aef9 1
0 0 1 0 86 0000aef9 1
0 0 1 0 47 0000aef9 1
0 0 1 14 0 0000aef9 1
0 0 1 44 0 0000aef9 1
0 0 1 0 3 0000aef9 1
0 0 1 0 -12 0000aef9 1
0 0 1 -28 0 0000aef9 1
0 0 1 58 0 0000aef9 1
0 0 1 44 0 0000aef9 1
0 0 1 54 0 0000aef9 1
0 0 1 52 0 0000aef9 1
0 0 1 -127 0 0000aef9 1
0 0 1 -3 125 0000aef9 1
0 0 1 0 -117 0000ad82 1
0 0 1 -124 -116 0000ad82 1
0 0 1 0 113 0000e5b2 1
0 0 1 -5 0 0000e5b2 1
0 0 1 70 0 0000e5b2 1
0 0 1 0 -110 0000e5b2 1
0 0 1 0 -56 0000e5b2 1
0 0 1 61 -22 0000e5b2 1
0 0 1 0 -20 0000e074 1
0 0 1 112 0 0000e074 1
0 0 1 -86 0 0000e074 1
0 0 1 -115 0 0000e074 1
0 0 1 -21 0 0000e074 1
0 0 1 -47 0 0000e074 1
0 0 1 -84 0 0000e074 1
0 0 1 -57 0 0000e074 1
0 0 1 -84 0 0000e074 1
0 0 1 0 88 0000e074 1
0 0 1 79 0 0000e074 1
0 0 1 92 86 0000e074 1
0 0 1 99 0 0000ff5c 1
0 0 1 74 0 0000ff5c 1
0 0 1 0 -67 0000ff5c 1
0 0 1 -79 0 0000ff5c 1
0 0 1 112 57 0000ff5c 1
0 0 1 -35 0 0001184c 1
0 0 1 0 41 0001184c 1
0 0 1 0 -55 0001184c 1
0 0 1 0 127 0001184c 1
0 0 1 0 52 0001184c 1
0 0 1 -9 0 0001184c 1
0 0 1 0 -117 0001184c 1
0 0 1 0 50 0001184c 1
0 0 1 80 0 0001184c 1
0 0 1 76 0 0001184c 1
0 0 1 62 0 0001184c 1
0 0 1 -127 0 0001184c 1
0 0 1 -73 0 0001184c 1
0 0 1 0 108 0001184c 1
0 0 1 -73 0 0001184c 1
0 0 1 29 -20 0001184c 1
0 0 1 0 51 00011608 1
0 0 1 0 -57 00011608 1
0 0 1 -4 0 00011608 1
0 0 1 52 0 00011608 1
0 0 1 48 126 00011608 1
0 0 1 0 -104 00012da8 1
0 0 1 14 0 00012da8 1
0 0 1 0 -61 00012da8 1
0 0 1 -16 0 00012da8 1
0 0 1 78 0 00012da8 1
0 0 1 -24 0 00012da8 1
0 0 1 -54 0 00012da8 1
0 0 1 -72 0 00012da8 1
0 0 1 43 0 00012da8 1
0 0 1 -51 0 00012da8 1
0 0 1 18 -32 00012da8 1
0 0 1 0 -54 00012b68 1
0 0 1 83 24 00012b68 1
0 0 1 0 -34 00013330 1
0 0 1 0 -24 00013330 1
0 0 1 -25 49 00013330 1
0 0 1 0 1 00012e67 1
0 0 1 0 -58 00012e67 1
0 0 1 -16 0 00012e67 1
0 0 1 57 0 00012e67 1
0 0 1 0 -69 00012e67 1
0 0 1 0 -120 00012e67 1
0 0 1 0 118 00012e67 1
0 0 1 36 0 00012e67 1
0 0 1 99 0 00012e67 1
0 0 1 0 110 00012e67 1
0 0 1 0 -45 00012e67 1
0 0 1 0 -36 00012e67 1
0 0 1 0 -64 00012e67 1
0 0 1 0 100 00012e67 1
0 0 1 0 93 00012e67 1
0 0 1 -22 0 00012e67 1
0 0 1 -117 99 00012e67 1
0 0 1 0 14 00010128 1
0 0 1 73 0 00010128 1
0 0 1 0 -104 00010128 1
0 0 1 -113 -127 00010128 1
0 0 1 -77 0 00013937 1
0 0 1 0 70 00013937 1
0 0 1 115 0 00013937 1
0 0 1 98 0 00013937 1
0 0 1 -31 -96 00013937 1
0 0 1 53 0 000144d7 1
0 0 1 107 0 000144d7 1
0 0 1 10 0 000144d7 1
0 0 1 123 0 000144d7 1
0 0 1 51 0 000144d7 1
0 0 1 0 59 000144d7 1
0 0 1 73 94 000144d7 1
0 0 1 0 24 00015fa5 1
0 0 1 0 -4 00015fa5 1
0 0 1 8 0 00015fa5 1
0 0 1 0 -44 00015fa5 1
0 0 1 25 0 00015fa5 1
0 0 1 0 -41 00015fa5 1
0 0 1 4 0 00015fa5 1
0 0 1 15 -47 00015fa5 1
0 0 1 123 0 00015ce4 1
0 0 1 -96 0 00015ce4 1
0 0 1 -90 0 00015ce4 1
0 0 1 -29 0 00015ce4 1
0 0 1 125 0 00015ce4 1
0 0 1 28 0 00015ce4 1
0 0 1 0 22 00015ce4 1
0 0 1 0 46 00015ce4 1
0 0 1 0 30 00015ce4 1
0 0 1 0 -22 00015ce4 1
0 0 1 0 12 00015ce4 1
0 0 1 0 93 00015ce4 1
0 0 1 0 127 00015ce4 1
0 0 1 73 0 00015ce4 1
0 0 1 -71 0 00015ce4 1
0 0 1 -67 0 00015ce4 1
0 0 1 -74 0 00015ce4 1
0 0 1 0 -16 00015ce4 1
0 0 1 0 42 00015ce4 1
0 0 1 -83 -76 00015ce4 1
0 0 1 0 46 00017588 1
0 0 1 0 94 00017588 1
0 0 1 0 -39 00017588 1
0 0 1 8 0 00017588 1
0 0 1 -101 0 00017588 1
0 0 1 0 7 00017588 1
0 0 1 -94 0 00017588 1
0 0 1 0 48 00017588 1
0 0 1 0 -39 00017588 1
0 0 1 0 15 00017588 1
0 0 1 64 0 00017588 1
0 0 1 0 104 00017588 1
0 0 1 0 126 00017588 1
0 0 1 0 93 00017588 1
0 0 1 0 -27 00017588 1
0 0 1 0 -45 00017588 1
0 0 1 0 92 00017588 1
0 0 1 38 -126 00017588 1
0 0 1 0 -122 000162d4 1
0 0 1 -111 0 000162d4 1
0 0 1 65 0 000162d4 1
0 0 1 -20 0 000162d4 1
0 0 1 -107 0 000162d4 1
0 0 1 -45 0 000162d4 1
0 0 1 -78 0 000162d4 1
0 0 1 -5 0 000162d4 1
0 0 1 0 74 000162d4 1
0 0 1 18 0 000162d4 1
0 0 1 -50 0 000162d4 1
0 0 1 0 -128 000162d4 1
0 0 1 -5 75 000162d4 1
0 0 1 0 -5 0001615d 1
0 0 1 61 0 0001615d 1
0 0 1 -54 -100 0001615d 1
0 0 1 0 12 00017675 1
0 0 1 60 0 00017675 1
0 0 1 0 42 00017675 1
0 0 1 0 23 00017675 1
0 0 1 0 -63 00017675 1
0 0 1 0 92 00017675 1
0 0 1 -78 0 00017675 1
0 0 1 -102 0 00017675 1
0 0 1 0 32 00017675 1
0 0 1 -93 0 00017675 1
0 0 1 29 0 00017675 1
0 0 1 -25 63 00017675 1
0 0 1 -56 0 0001704e 1
0 0 1 0 -6 0001704e 1
0 0 1 35 -88 0001704e 1
0 0 1 54 0 00016446 1
0 0 1 0 66 00016446 1
0 0 1 47 0 00016446 1
0 0 1 -23 0 00016446 1
0 0 1 -118 -81 00016446 1
0 0 1 53 0 0001899c 1
0 0 1 -45 0 0001899c 1
0 0 1 -72 0 0001899c 1
0 0 1 -119 0 0001899c 1
0 0 1 -31 -70 0001899c 1
0 0 1 0 -50 00019216 1
0 0 1 0 102 00019216 1
0 0 1 -120 0 00019216 1
0 0 1 24 0 00019216 1
0 0 1 0 77 00019216 1
0 0 1 0 -101 00019216 1
0 0 1 0 -46 00019216 1
0 0 1 -69 0 00019216 1
0 0 1 0 107 00019216 1
0 0 1 0 20 00019216 1
0 0 1 106 0 00019216 1
0 0 1 0 -25 00019216 1
0 0 1 0 107 00019216 1
0 0 1 -115 0 00019216 1
0 0 1 0 92 00019216 1
0 0 1 -2 0 00019216 1
0 0 1 0 -34 00019216 1
0 0 1 -100 0 00019216 1
0 0 1 0 19 00019216 1
0 0 1 -52 0 00019216 1
0 0 1 72 0 00019216 1
0 0 1 122 0 00019216 1
0 0 1 86 0 00019216 1
0 0 1 0 111 00019216 1
0 0 1 0 37 00019216 1
0 0 1 0 8 00019216 1
0 0 1 69 0 00019216 1
0 0 1 -5 0 00019216 1
0 0 1 59 0 00019216 1
0 0 1 -60 0 00019216 1
0 0 1 -45 0 00019216 1
0 0 1 -1 0 00019216 1
0 0 1 -40 33 00019216 1
0 0 1 69 0 00018cee 1
0 0 1 -82 33 00018cee 1
0 0 1 65 -94 0001825c 1
0 0 1 0 -96 00016a7e 1
0 0 1 0 60 00016a7e 1
0 0 1 127 0 00016a7e 1
0 0 1 -35 101 00016a7e 1
0 0 1 116 0 00015caf 1
0 0 1 -125 0 00015caf 1
0 0 1 -65 0 00015caf 1
0 0 1 -3 0 00015caf 1
0 0 1 0 31 00015caf 1
0 0 1 0 111 00015caf 1
0 0 1 0 -82 00015caf 1
0 0 1 0 114 00015caf 1
0 0 1 -36 0 00015caf 1
0 0 1 0 109 00015caf 1
0 0 1 -10 0 00015caf 1
0 0 1 0 -84 00015caf 1
0 0 1 54 -97 00015caf 1
0 0 1 -23 0 00014839 1
0 0 1 0 77 00014839 1
0 0 1 0 33 00014839 1
0 0 1 0 103 00014839 1
0 0 1 -63 -43 00014839 1
0 0 1 36 124 000152ce 1
0 0 1 -71 0 0001643e 1
0 0 1 73 0 0001643e 1
0 0 1 -100 71 0001643e 1
0 0 1 0 57 00014882 1
0 0 1 8 0 00014882 1
0 0 1 82 0 00014882 1
0 0 1 51 -120 00014882 1
0 0 1 0 78 0001309a 1
0 0 1 0 -73 0001309a 1
0 0 1 53 0 0001309a 1
0 0 1 0 99 0001309a 1
0 0 1 0 112 0001309a 1
0 0 1 34 0 0001309a 1
0 0 1 0 -36 0001309a 1
0 0 1 0 -69 0001309a 1
0 0 1 57 0 0001309a 1
0 0 1 0 -107 0001309a 1
0 0 1 0 36 0001309a 1
0 0 1 0 109 0001309a 1
0 0 1 0 90 0001309a 1
0 0 1 -115 0 0001309a 1
0 0 1 0 54 0001309a 1
0 0 1 0 117 0001309a 1
0 0 1 -74 0 0001309a 1
0 0 1 79 0 0001309a 1
0 0 1 0 -18 0001309a 1
0 0 1 -7 0 0001309a 1
0 0 1 82 0 0001309a 1
0 0 1 -86 0 0001309a 1
0 0 1 0 -47 0001309a 1
0 0 1 0 29 0001309a 1
0 0 1 -110 0 0001309a 1
0 0 1 0 -14 0001309a 1
0 0 1 -38 0 0001309a 1
0 0 1 0 -59 0001309a 1
0 0 1 0 -112 0001309a 1
0 0 1 41 0 0001309a 1
0 0 1 0 -11 0001309a 1
0 0 1 0 116 0001309a 1
0 0 1 -65 0 0001309a 1
0 0 1 0 11 0001309a 1
0 0 1 0 -76 0001309a 1
0 0 1 -55 0 0001309a 1
0 0 1 -36 0 0001309a 1
0 0 1 0 -122 0001309a 1
0 0 1 46 0 0001309a 1
0 0 1 0 -87 0001309a 1
0 0 1 -82 0 0001309a 1
0 0 1 0 -98 0001309a 1
0 0 1 0 -34 0001309a 1
0 0 1 116 0 0001309a 1
0 0 1 77 0 0001309a 1
0 0 1 -21 0 0001309a 1
0 0 1 -10 0 0001309a 1
0 0 1 9 0 0001309a 1
0 0 1 0 -24 0001309a 1
0 0 1 2 -30 0001309a 1
0 0 1 -20 -100 0001305e 1
0 0 1 0 -31 0001382e 1
0 0 1 0 57 0001382e 1
0 0 1 -27 0 0001382e 1
0 0 1 0 -43 0001382e 1
0 0 1 0 93 0001382e 1
0 0 1 -63 0 0001382e 1
0 0 1 0 -91 0001382e 1
0 0 1 0 -67 0001382e 1
0 0 1 -106 0 0001382e 1
0 0 1 43 0 0001382e 1
0 0 1 0 23 0001382e 1
0 0 1 70 0 0001382e 1
0 0 1 43 76 0001382e 1
0 0 1 -86 58 000144f2 1
0 0 1 16 0 00013176 1
0 0 1 0 99 00013176 1
0 0 1 0 10 00013176 1
0 0 1 -128 0 00013176 1
0 0 1 0 113 00013176 1
0 0 1 -18 0 00013176 1
0 0 1 35 0 00013176 1
0 0 1 -69 0 00013176 1
0 0 1 90 0 00013176 1
0 0 1 99 0 00013176 1
0 0 1 0 82 00013176 1
0 0 1 66 0 00013176 1
0 0 1 0 -117 00013176 1
0 0 1 -37 0 00013176 1
0 0 1 0 -15 00013176 1
0 0 1 58 0 00013176 1
0 0 1 0 124 00013176 1
0 0 1 0 125 00013176 1
0 0 1 0 -81 00013176 1
0 0 1 0 74 00013176 1
0 0 1 -58 0 00013176 1
0 0 1 0 -29 00013176 1
0 0 1 -79 0 00013176 1
0 0 1 7 -82 00013176 1
0 0 1 0 -80 00012f38 1
0 0 1 59 0 00012f38 1
0 0 1 83 0 00012f38 1
0 0 1 0 -23 00012f38 1
0 0 1 105 -96 00012f38 1
0 0 1 30 0 000107d8 1
0 0 1 0 -35 000107d8 1
0 0 1 0 50 000107d8 1
0 0 1 0 47 000107d8 1
0 0 1 97 0 000107d8 1
0 0 1 0 29 000107d8 1
0 0 1 -94 0 000107d8 1
0 0 1 0 29 000107d8 1
0 0 1 1 0 000107d8 1
0 0 1 0 -113 000107d8 1
0 0 1 0 108 000107d8 1
0 0 1 0 -90 000107d8 1
0 0 1 0 95 000107d8 1
0 0 1 0 -11 000107d8 1
0 0 1 0 -76 000107d8 1
0 0 1 0 72 000107d8 1
0 0 1 -60 0 000107d8 1
0 0 1 114 0 000107d8 1
0 0 1 0 -115 000107d8 1
0 0 1 0 -38 000107d8 1
0 0 1 -13 0 000107d8 1
0 0 1 -5 0 000107d8 1
0 0 1 -52 0 000107d8 1
0 0 1 -108 0 000107d8 1
0 0 1 0 94 000107d8 1
0 0 1 -101 0 000107d8 1
0 0 1 0 -108 000107d8 1
0 0 1 0 -53 000107d8 1
0 0 1 0 81 000107d8 1
0 0 1 0 41 000107d8 1
0 0 1 18 0 000107d8 1
0 0 1 95 -60 000107d8 1
0 0 1 7 17 0000f194 1
0 0 1 45 0 0000f20b 1
0 0 1 -5 0 0000f20b 1
0 0 1 -101 0 0000f20b 1
0 0 1 0 -116 0000f20b 1
0 0 1 0 101 0000f20b 1
0 0 1 0 76 0000f20b 1
0 0 1 0 -74 0000f20b 1
0 0 1 -35 0 0000f20b 1
0 0 1 -51 0 0000f20b 1
0 0 1 0 -74 0000f20b 1
0 0 1 97 0 0000f20b 1
0 0 1 53 0 0000f20b 1
0 0 1 0 73 0000f20b 1
0 0 1 0 -97 0000f20b 1
0 0 1 58 115 0000f20b 1
0 0 1 -8 0 00010c19 1
0 0 1 0 -50 00010c19 1
0 0 1 36 0 00010c19 1
0 0 1 -96 0 00010c19 1
0 0 1 0 115 00010c19 1
0 0 1 0 120 00010c19 1
0 0 1 0 62 00010c19 1
0 0 1 37 0 00010c19 1
0 0 1 -36 109 00010c19 1
0 0 1 0 68 0000fcc5 1
0 0 1 11 121 0000fcc5 1
0 0 1 0 49 000101f8 1
0 0 1 0 52 000101f8 1
0 0 1 0 21 000101f8 1
0 0 1 63 55 000101f8 1
0 0 1 0 84 00010f81 1
0 0 1 0 26 00010f81 1
0 0 1 0 115 00010f81 1
0 0 1 0 3 00010f81 1
0 0 1 39 0 00010f81 1
0 0 1 0 34 00010f81 1
0 0 1 0 -94 00010f81 1
0 0 1 0 23 00010f81 1
0 0 1 0 -100 00010f81 1
0 0 1 3 0 00010f81 1
0 0 1 0 -76 00010f81 1
0 0 1 49 0 00010f81 1
0 0 1 0 73 00010f81 1
0 0 1 63 0 00010f81 1
0 0 1 0 -31 00010f81 1
0 0 1 -7 0 00010f81 1
0 0 1 -18 0 00010f81 1
0 0 1 0 -124 00010f81 1
0 0 1 0 125 00010f81 1
0 0 1 0 -114 00010f81 1
0 0 1 0 -41 00010f81 1
0 0 1 117 0 00010f81 1
0 0 1 125 0 00010f81 1
0 0 1 0 10 00010f81 1
0 0 1 0 -55 00010f81 1
0 0 1 0 73 00010f81 1
0 0 1 125 -67 00010f81 1
0 0 1 39 -11 0000eeca 1
0 0 1 -61 0 0000ed1d 1
0 0 1 0 36 0000ed1d 1
0 0 1 33 0 0000ed1d 1
0 0 1 47 0 0000ed1d 1
0 0 1 0 -66 0000ed1d 1
0 0 1 24 0 0000ed1d 1
0 0 1 123 0 0000ed1d 1
0 0 1 0 27 0000ed1d 1
0 0 1 0 123 0000ed1d 1
0 0 1 -35 0 0000ed1d 1
0 0 1 110 0 0000ed1d 1
0 0 1 0 95 0000ed1d 1
0 0 1 0 -60 0000ed1d 1
0 0 1 -82 0 0000ed1d 1
0 0 1 -79 0 0000ed1d 1
0 0 1 0 -114 0000ed1d 1
0 0 1 0 -127 0000ed1d 1
0 0 1 -124 0 0000ed1d 1
0 0 1 0 13 0000ed1d 1
0 0 1 -23 0 0000ed1d 1
0 0 1 126 -118 0000ed1d 1
0 0 1 99 0 0000b309 1
0 0 1 29 0 0000b309 1
0 0 1 119 0 0000b309 1
0 0 1 0 -32 0000b309 1
0 0 1 0 58 0000b309 1
0 0 1 0 -100 0000b309 1
0 0 1 0 42 0000b309 1
0 0 1 0 96 0000b309 1
0 0 1 -78 0 0000b309 1
0 0 1 0 72 0000b309 1
0 0 1 0 29 0000b309 1
0 0 1 0 24 0000b309 1
0 0 1 0 25 0000b309 1
0 0 1 -124 0 0000b309 1
0 0 1 0 -29 0000b309 1
0 0 1 114 0 0000b309 1
0 0 1 0 112 0000b309 1
0 0 1 -102 107 0000b309 1
0 0 1 -126 0 00008867 1
0 0 1 73 0 00008867 1
0 0 1 0 -55 00008867 1
0 0 1 -56 0 00008867 1
0 0 1 118 0 00008867 1
0 0 1 0 42 00008867 1
0 0 1 -8 0 00008867 1
0 0 1 -40 0 00008867 1
0 0 1 0 59 00008867 1
0 0 1 91 0 00008867 1
0 0 1 0 42 00008867 1
0 0 1 -3 0 00008867 1
0 0 1 0 37 00008867 1
0 0 1 44 0 00008867 1
0 0 1 -28 0 00008867 1
0 0 1 0 -63 00008867 1
0 0 1 35 0 00008867 1
0 0 1 -58 0 00008867 1
0 0 1 0 -40 00008867 1
0 0 1 -31 0 00008867 1
0 0 1 0 -103 00008867 1
0 0 1 -14 0 00008867 1
0 0 1 0 29 00008867 1
0 0 1 0 75 00008867 1
0 0 1 44 0 00008867 1
0 0 1 0 -40 00008867 1
0 0 1 0 31 00008867 1
0 0 1 0 107 00008867 1
0 0 1 61 -101 00008867 1
0 0 1 52 0 00007056 1
0 0 1 -89 0 00007056 1
0 0 1 13 0 00007056 1
0 0 1 -75 0 00007056 1
0 0 1 27 0 00007056 1
0 0 1 -123 0 00007056 1
0 0 1 -51 0 00007056 1
0 0 1 0 -76 00007056 1
0 0 1 0 48 00007056 1
0 0 1 75 -87 00007056 1
0 0 1 67 0 000056d9 1
0 0 1 0 46 000056d9 1
0 0 1 -5 0 000056d9 1
0 0 1 0 -64 000056d9 1
0 0 1 -40 76 000056d9 1
0 0 1 0 -66 00004af9 1
0 0 1 0 -96 00004af9 1
0 0 1 20 28 00004af9 1
0 0 1 0 123 00004d29 1
0 0 1 0 125 00004d29 1
0 0 1 0 44 00004d29 1
0 0 1 0 -21 00004d29 1
0 0 1 -45 0 00004d29 1
0 0 1 0 55 00004d29 1
0 0 1 -25 0 00004d29 1
0 0 1 0 -68 00004d29 1
0 0 1 0 -111 00004d29 1
0 0 1 -1 0 00004d29 1
0 0 1 66 25 00004d29 1
0 0 1 0 127 0000539b 1
0 0 1 -125 0 0000539b 1
0 0 1 0 68 0000539b 1
0 0 1 98 0 0000539b 1
0 0 1 -4 0 0000539b 1
0 0 1 -45 -46 0000539b 1
0 0 1 0 82 00005bb1 1
0 0 1 0 -118 00005bb1 1
0 0 1 107 0 00005bb1 1
0 0 1 115 0 00005bb1 1
0 0 1 0 78 00005bb1 1
0 0 1 -116 0 00005bb1 1
0 0 1 -66 0 00005bb1 1
0 0 1 0 49 00005bb1 1
0 0 1 0 5 00005bb1 1
0 0 1 0 -44 00005bb1 1
0 0 0 37 -83 00005bb1 1
0 0 0 -49 72 00005bb1 0
